CensusTract,SchoolYear,GradeLevel,Count,PreviousGrade,PreviousYear,PreviousThreeYear,PreviousFiveYear,OneYearPercentGrowth,OneYearGrowth,ThreeYearPercentGrowth,ThreeYearGrowth,FiveYearPercentGrowth,FiveYearGrowth,LongTract,Zip,Y,NeighborCount,NeighborPreviousCount,NeighborPreviousThreeCount,NeighborOneYearPercentGrowth,NeighborOnYearGrowth,NeighborThreeYearPercentGrowth,NeighborThreeYearGrowth
18,2001,2,1,0,1,1,1,0,0,0,0,0,0,36047001800,11220,0,102,102,102,0,0,0,0
18,2002,3,1,0,0,1,1,1,1,0,0,0,0,36047001800,11220,0,100,89,100,0.123596,11,0,0
18,2003,0,1,1,0,1,1,1,1,0,0,0,0,36047001800,11220,0,89,91,89,-0.021978,-2,0,0
18,2003,3,1,0,1,1,1,0,0,0,0,0,0,36047001800,11220,0,108,100,108,0.08,8,0,0
18,2003,4,1,1,0,1,1,1,1,0,0,0,0,36047001800,11220,0,93,84,93,0.107143,9,0,0
18,2004,1,1,0,0,0,0,1,1,1,1,1,1,36047001800,11220,0,95,97,102,-0.020619,-2,-0.068627,-7
18,2004,5,1,0,0,0,0,1,1,1,1,1,1,36047001800,11220,0,86,75,92,0.146667,11,-0.065217,-6
18,2005,2,1,0,0,0,0,1,1,1,1,1,1,36047001800,11220,0,97,94,110,0.031915,3,-0.118182,-13
18,2005,4,1,0,0,0,0,1,1,1,1,1,1,36047001800,11220,0,87,102,84,-0.147059,-15,0.035714,3
18,2006,3,1,0,0,1,1,1,1,0,0,0,0,36047001800,11220,0,94,86,108,0.093023,8,-0.12963,-14
18,2007,4,1,0,0,0,0,1,1,1,1,1,1,36047001800,11220,0,89,81,102,0.098765,8,-0.127451,-13
18,2008,5,1,0,0,0,0,1,1,1,1,1,1,36047001800,11220,0,78,76,104,0.026316,2,-0.25,-26
20,2001,0,4,4,4,4,4,0,0,0,0,0,0,36047002000,11220,0,128,128,128,0,0,0,0
20,2001,1,6,4,6,6,6,0,0,0,0,0,0,36047002000,11220,0,151,151,151,0,0,0,0
20,2001,2,1,6,1,1,1,0,0,0,0,0,0,36047002000,11220,1,123,123,123,0,0,0,0
20,2001,3,5,1,5,5,5,0,0,0,0,0,0,36047002000,11220,1,115,115,115,0,0,0,0
20,2001,4,8,5,8,8,8,0,0,0,0,0,0,36047002000,11220,0,98,98,98,0,0,0,0
20,2001,5,7,8,7,7,7,0,0,0,0,0,0,36047002000,11220,0,115,115,115,0,0,0,0
20,2002,0,7,7,4,7,7,0.75,3,0,0,0,0,36047002000,11220,0,114,128,114,-0.109375,-14,0,0
20,2002,1,3,7,6,3,3,-0.5,-3,0,0,0,0,36047002000,11220,1,133,151,133,-0.119205,-18,0,0
20,2002,2,5,3,1,5,5,4,4,0,0,0,0,36047002000,11220,0,148,123,148,0.203252,25,0,0
20,2002,3,2,5,5,2,2,-0.6,-3,0,0,0,0,36047002000,11220,1,132,115,132,0.147826,17,0,0
20,2002,4,3,2,8,3,3,-0.625,-5,0,0,0,0,36047002000,11220,1,102,98,102,0.040816,4,0,0
20,2002,5,6,3,7,6,6,-0.142857,-1,0,0,0,0,36047002000,11220,0,88,115,88,-0.234783,-27,0,0
20,2003,0,5,5,7,5,5,-0.285714,-2,0,0,0,0,36047002000,11220,0,123,114,123,0.078947,9,0,0
20,2003,1,7,5,3,7,7,1.333333,4,0,0,0,0,36047002000,11220,0,123,133,123,-0.075188,-10,0,0
20,2003,2,4,7,5,4,4,-0.2,-1,0,0,0,0,36047002000,11220,1,129,148,129,-0.128378,-19,0,0
20,2003,3,8,4,2,8,8,3,6,0,0,0,0,36047002000,11220,0,139,132,139,0.05303,7,0,0
20,2003,4,3,8,3,3,3,0,0,0,0,0,0,36047002000,11220,0,112,102,112,0.098039,10,0,0
20,2003,5,2,3,6,2,2,-0.666667,-4,0,0,0,0,36047002000,11220,1,85,88,85,-0.034091,-3,0,0
20,2004,0,3,3,5,4,4,-0.4,-2,-0.25,-1,-0.25,-1,36047002000,11220,0,109,123,128,-0.113821,-14,-0.148438,-19
20,2004,1,8,3,7,6,6,0.142857,1,0.333333,2,0.333333,2,36047002000,11220,0,111,123,151,-0.097561,-12,-0.264901,-40
20,2004,2,5,8,4,1,1,0.25,1,4,4,4,4,36047002000,11220,0,121,129,123,-0.062016,-8,-0.01626,-2
20,2004,3,5,5,8,5,5,-0.375,-3,0,0,0,0,36047002000,11220,1,124,139,115,-0.107914,-15,0.078261,9
20,2004,4,7,5,3,8,8,1.333333,4,-0.125,-1,-0.125,-1,36047002000,11220,0,132,112,98,0.178571,20,0.346939,34
20,2004,5,2,7,2,7,7,0,0,-0.714286,-5,-0.714286,-5,36047002000,11220,1,99,85,115,0.164706,14,-0.13913,-16
20,2005,0,7,7,3,7,7,1.333333,4,0,0,0,0,36047002000,11220,0,123,109,114,0.12844,14,0.078947,9
20,2005,1,6,7,8,3,3,-0.25,-2,1,3,1,3,36047002000,11220,0,121,111,133,0.09009,10,-0.090226,-12
20,2005,2,10,6,5,5,5,1,5,1,5,1,5,36047002000,11220,0,117,121,148,-0.033058,-4,-0.209459,-31
20,2005,3,5,10,5,2,2,0,0,1.5,3,1.5,3,36047002000,11220,0,113,124,132,-0.08871,-11,-0.143939,-19
20,2005,4,5,5,7,3,3,-0.285714,-2,0.666667,2,0.666667,2,36047002000,11220,1,115,132,102,-0.128788,-17,0.127451,13
20,2005,5,8,5,2,6,6,3,6,0.333333,2,0.333333,2,36047002000,11220,0,133,99,88,0.343434,34,0.511364,45
20,2006,0,4,4,7,5,5,-0.428571,-3,-0.2,-1,-0.2,-1,36047002000,11220,0,114,123,123,-0.073171,-9,-0.073171,-9
20,2006,1,7,4,6,7,7,0.166667,1,0,0,0,0,36047002000,11220,1,116,121,123,-0.041322,-5,-0.056911,-7
20,2006,2,6,7,10,4,4,-0.4,-4,0.5,2,0.5,2,36047002000,11220,0,114,117,129,-0.025641,-3,-0.116279,-15
20,2006,3,9,6,5,8,8,0.8,4,0.125,1,0.125,1,36047002000,11220,0,115,113,139,0.017699,2,-0.172662,-24
20,2006,4,4,9,5,3,3,-0.2,-1,0.333333,1,0.333333,1,36047002000,11220,1,108,115,112,-0.06087,-7,-0.035714,-4
20,2006,5,6,4,8,2,2,-0.25,-2,2,4,2,4,36047002000,11220,1,120,133,85,-0.097744,-13,0.411765,35
20,2007,0,8,8,4,3,3,1,4,1.666667,5,1.666667,5,36047002000,11220,0,104,114,109,-0.087719,-10,-0.045872,-5
20,2007,1,5,8,7,8,8,-0.285714,-2,-0.375,-3,-0.375,-3,36047002000,11220,0,108,116,111,-0.068966,-8,-0.027027,-3
20,2007,2,8,5,6,5,5,0.333333,2,0.6,3,0.6,3,36047002000,11220,0,123,114,121,0.078947,9,0.016529,2
20,2007,3,6,8,9,5,5,-0.333333,-3,0.2,1,0.2,1,36047002000,11220,0,113,115,124,-0.017391,-2,-0.08871,-11
20,2007,4,11,6,4,7,7,1.75,7,0.571429,4,0.571429,4,36047002000,11220,0,104,108,132,-0.037037,-4,-0.212121,-28
20,2007,5,6,11,6,2,2,0,0,2,4,2,4,36047002000,11220,0,113,120,99,-0.058333,-7,0.141414,14
20,2008,0,6,6,8,7,7,-0.25,-2,-0.142857,-1,-0.142857,-1,36047002000,11220,0,113,104,123,0.086538,9,-0.081301,-10
20,2008,1,10,6,5,6,6,1,5,0.666667,4,0.666667,4,36047002000,11220,0,107,108,121,-0.009259,-1,-0.115702,-14
20,2008,2,6,10,8,10,10,-0.25,-2,-0.4,-4,-0.4,-4,36047002000,11220,0,109,123,117,-0.113821,-14,-0.068376,-8
20,2008,3,9,6,6,5,5,0.5,3,0.8,4,0.8,4,36047002000,11220,0,121,113,113,0.070796,8,0.070796,8
20,2008,4,7,9,11,5,5,-0.363636,-4,0.4,2,0.4,2,36047002000,11220,0,108,104,115,0.038462,4,-0.06087,-7
20,2008,5,11,7,6,8,8,0.833333,5,0.375,3,0.375,3,36047002000,11220,0,99,113,133,-0.123894,-14,-0.255639,-34
20,2009,0,6,6,6,4,4,0,0,0.5,2,0.5,2,36047002000,11220,0,123,113,114,0.088496,10,0.078947,9
20,2009,1,6,6,10,7,7,-0.4,-4,-0.142857,-1,-0.142857,-1,36047002000,11220,0,151,107,116,0.411215,44,0.301724,35
20,2009,2,8,6,6,6,6,0.333333,2,0.333333,2,0.333333,2,36047002000,11220,0,123,109,114,0.12844,14,0.078947,9
20,2009,3,5,8,9,9,9,-0.444444,-4,-0.444444,-4,-0.444444,-4,36047002000,11220,0,112,121,115,-0.07438,-9,-0.026087,-3
20,2009,4,9,5,7,4,4,0.285714,2,1.25,5,1.25,5,36047002000,11220,0,113,108,108,0.046296,5,0.046296,5
20,2009,5,7,9,11,6,6,-0.363636,-4,0.166667,1,0.166667,1,36047002000,11220,0,109,99,120,0.10101,10,-0.091667,-11
20,2010,0,4,4,6,8,8,-0.333333,-2,-0.5,-4,-0.5,-4,36047002000,11220,0,137,123,104,0.113821,14,0.317308,33
20,2010,1,5,4,6,5,5,-0.166667,-1,0,0,0,0,36047002000,11220,0,120,151,108,-0.205298,-31,0.111111,12
20,2010,2,6,5,8,8,8,-0.25,-2,-0.25,-2,-0.25,-2,36047002000,11220,0,153,123,123,0.243902,30,0.243902,30
20,2010,3,10,6,5,6,6,1,5,0.666667,4,0.666667,4,36047002000,11220,0,129,112,113,0.151786,17,0.141593,16
20,2010,4,5,10,9,11,11,-0.444444,-4,-0.545455,-6,-0.545455,-6,36047002000,11220,0,110,113,104,-0.026549,-3,0.057692,6
20,2010,5,5,5,7,6,6,-0.285714,-2,-0.166667,-1,-0.166667,-1,36047002000,11220,0,110,109,113,0.009174,1,-0.026549,-3
22,2001,0,49,49,49,49,49,0,0,0,0,0,0,36047002200,11220,0,245,245,245,0,0,0,0
22,2001,1,50,49,50,50,50,0,0,0,0,0,0,36047002200,11220,1,277,277,277,0,0,0,0
22,2001,2,61,50,61,61,61,0,0,0,0,0,0,36047002200,11220,0,259,259,259,0,0,0,0
22,2001,3,50,61,50,50,50,0,0,0,0,0,0,36047002200,11220,1,234,234,234,0,0,0,0
22,2001,4,47,50,47,47,47,0,0,0,0,0,0,36047002200,11220,1,218,218,218,0,0,0,0
22,2001,5,45,47,45,45,45,0,0,0,0,0,0,36047002200,11220,1,224,224,224,0,0,0,0
22,2002,0,52,52,49,52,52,0.061224,3,0,0,0,0,36047002200,11220,0,213,245,213,-0.130612,-32,0,0
22,2002,1,52,52,50,52,52,0.04,2,0,0,0,0,36047002200,11220,0,253,277,253,-0.086643,-24,0,0
22,2002,2,55,52,61,55,55,-0.098361,-6,0,0,0,0,36047002200,11220,0,265,259,265,0.023166,6,0,0
22,2002,3,54,55,50,54,54,0.08,4,0,0,0,0,36047002200,11220,0,265,234,265,0.132479,31,0,0
22,2002,4,51,54,47,51,51,0.085106,4,0,0,0,0,36047002200,11220,0,211,218,211,-0.03211,-7,0,0
22,2002,5,48,51,45,48,48,0.066667,3,0,0,0,0,36047002200,11220,1,201,224,201,-0.102679,-23,0,0
22,2003,0,38,38,52,38,38,-0.269231,-14,0,0,0,0,36047002200,11220,1,228,213,228,0.070423,15,0,0
22,2003,1,56,38,52,56,56,0.076923,4,0,0,0,0,36047002200,11220,0,224,253,224,-0.114625,-29,0,0
22,2003,2,52,56,55,52,52,-0.054545,-3,0,0,0,0,36047002200,11220,0,255,265,255,-0.037736,-10,0,0
22,2003,3,53,52,54,53,53,-0.018519,-1,0,0,0,0,36047002200,11220,0,247,265,247,-0.067925,-18,0,0
22,2003,4,54,53,51,54,54,0.058824,3,0,0,0,0,36047002200,11220,0,240,211,240,0.137441,29,0,0
22,2003,5,48,54,48,48,48,0,0,0,0,0,0,36047002200,11220,0,189,201,189,-0.059701,-12,0,0
22,2004,0,40,40,38,49,49,0.052632,2,-0.183673,-9,-0.183673,-9,36047002200,11220,1,216,228,245,-0.052632,-12,-0.118367,-29
22,2004,1,43,40,56,50,50,-0.232143,-13,-0.14,-7,-0.14,-7,36047002200,11220,1,219,224,277,-0.022321,-5,-0.209386,-58
22,2004,2,53,43,52,61,61,0.019231,1,-0.131148,-8,-0.131148,-8,36047002200,11220,0,226,255,259,-0.113725,-29,-0.127413,-33
22,2004,3,49,53,53,50,50,-0.075472,-4,-0.02,-1,-0.02,-1,36047002200,11220,0,231,247,234,-0.064777,-16,-0.012821,-3
22,2004,4,52,49,54,47,47,-0.037037,-2,0.106383,5,0.106383,5,36047002200,11220,0,222,240,218,-0.075,-18,0.018349,4
22,2004,5,52,52,48,45,45,0.083333,4,0.155556,7,0.155556,7,36047002200,11220,0,220,189,224,0.164021,31,-0.017857,-4
22,2005,0,48,48,40,52,52,0.2,8,-0.076923,-4,-0.076923,-4,36047002200,11220,0,231,216,213,0.069444,15,0.084507,18
22,2005,1,54,48,43,52,52,0.255814,11,0.038462,2,0.038462,2,36047002200,11220,0,229,219,253,0.045662,10,-0.094862,-24
22,2005,2,44,54,53,55,55,-0.169811,-9,-0.2,-11,-0.2,-11,36047002200,11220,0,231,226,265,0.022124,5,-0.128302,-34
22,2005,3,48,44,49,54,54,-0.020408,-1,-0.111111,-6,-0.111111,-6,36047002200,11220,0,203,231,265,-0.121212,-28,-0.233962,-62
22,2005,4,40,48,52,51,51,-0.230769,-12,-0.215686,-11,-0.215686,-11,36047002200,11220,0,216,222,211,-0.027027,-6,0.023697,5
22,2005,5,49,40,52,48,48,-0.057692,-3,0.020833,1,0.020833,1,36047002200,11220,0,218,220,201,-0.009091,-2,0.084577,17
22,2006,0,43,43,48,38,38,-0.104167,-5,0.131579,5,0.131579,5,36047002200,11220,0,216,231,228,-0.064935,-15,-0.052632,-12
22,2006,1,48,43,54,56,56,-0.111111,-6,-0.142857,-8,-0.142857,-8,36047002200,11220,0,239,229,224,0.043668,10,0.066964,15
22,2006,2,51,48,44,52,52,0.159091,7,-0.019231,-1,-0.019231,-1,36047002200,11220,0,220,231,255,-0.047619,-11,-0.137255,-35
22,2006,3,39,51,48,53,53,-0.1875,-9,-0.264151,-14,-0.264151,-14,36047002200,11220,0,216,203,247,0.064039,13,-0.125506,-31
22,2006,4,47,39,40,54,54,0.175,7,-0.12963,-7,-0.12963,-7,36047002200,11220,1,193,216,240,-0.106481,-23,-0.195833,-47
22,2006,5,36,47,49,48,48,-0.265306,-13,-0.25,-12,-0.25,-12,36047002200,11220,0,227,218,189,0.041284,9,0.201058,38
22,2007,0,31,31,43,40,40,-0.27907,-12,-0.225,-9,-0.225,-9,36047002200,11220,1,186,216,216,-0.138889,-30,-0.138889,-30
22,2007,1,42,31,48,43,43,-0.125,-6,-0.023256,-1,-0.023256,-1,36047002200,11220,0,216,239,219,-0.096234,-23,-0.013699,-3
22,2007,2,46,42,51,53,53,-0.098039,-5,-0.132075,-7,-0.132075,-7,36047002200,11220,0,246,220,226,0.118182,26,0.088496,20
22,2007,3,49,46,39,49,49,0.25641,10,0,0,0,0,36047002200,11220,0,210,216,231,-0.027778,-6,-0.090909,-21
22,2007,4,36,49,47,52,52,-0.234043,-11,-0.307692,-16,-0.307692,-16,36047002200,11220,1,202,193,222,0.046632,9,-0.09009,-20
22,2007,5,40,36,36,52,52,0.111111,4,-0.230769,-12,-0.230769,-12,36047002200,11220,1,202,227,220,-0.110132,-25,-0.081818,-18
22,2008,0,38,38,31,48,48,0.225806,7,-0.208333,-10,-0.208333,-10,36047002200,11220,1,196,186,231,0.053763,10,-0.151515,-35
22,2008,1,40,38,42,54,54,-0.047619,-2,-0.259259,-14,-0.259259,-14,36047002200,11220,1,206,216,229,-0.046296,-10,-0.100437,-23
22,2008,2,42,40,46,44,44,-0.086957,-4,-0.045455,-2,-0.045455,-2,36047002200,11220,0,216,246,231,-0.121951,-30,-0.064935,-15
22,2008,3,40,42,49,48,48,-0.183673,-9,-0.166667,-8,-0.166667,-8,36047002200,11220,1,238,210,203,0.133333,28,0.172414,35
22,2008,4,50,40,36,40,40,0.388889,14,0.25,10,0.25,10,36047002200,11220,0,205,202,216,0.014851,3,-0.050926,-11
22,2008,5,33,50,40,49,49,-0.175,-7,-0.326531,-16,-0.326531,-16,36047002200,11220,1,195,202,218,-0.034653,-7,-0.105505,-23
22,2009,0,53,53,38,43,43,0.394737,15,0.232558,10,0.232558,10,36047002200,11220,0,231,196,216,0.178571,35,0.069444,15
22,2009,1,42,53,40,48,48,0.05,2,-0.125,-6,-0.125,-6,36047002200,11220,0,258,206,239,0.252427,52,0.079498,19
22,2009,2,42,42,42,51,51,0,0,-0.176471,-9,-0.176471,-9,36047002200,11220,0,243,216,220,0.125,27,0.104545,23
22,2009,3,41,42,40,39,39,0.025,1,0.051282,2,0.051282,2,36047002200,11220,0,218,238,216,-0.084034,-20,0.009259,2
22,2009,4,42,41,50,47,47,-0.16,-8,-0.106383,-5,-0.106383,-5,36047002200,11220,0,232,205,193,0.131707,27,0.202073,39
22,2009,5,52,42,33,36,36,0.575758,19,0.444444,16,0.444444,16,36047002200,11220,0,215,195,227,0.102564,20,-0.052863,-12
22,2010,0,49,49,53,31,31,-0.075472,-4,0.580645,18,0.580645,18,36047002200,11220,0,265,231,186,0.147186,34,0.424731,79
22,2010,1,54,49,42,42,42,0.285714,12,0.285714,12,0.285714,12,36047002200,11220,0,229,258,216,-0.112403,-29,0.060185,13
22,2010,2,43,54,42,46,46,0.02381,1,-0.065217,-3,-0.065217,-3,36047002200,11220,0,267,243,246,0.098765,24,0.085366,21
22,2010,3,47,43,41,49,49,0.146341,6,-0.040816,-2,-0.040816,-2,36047002200,11220,0,248,218,210,0.137615,30,0.180952,38
22,2010,4,44,47,42,36,36,0.047619,2,0.222222,8,0.222222,8,36047002200,11220,0,215,232,202,-0.073276,-17,0.064356,13
22,2010,5,43,44,52,40,40,-0.173077,-9,0.075,3,0.075,3,36047002200,11220,0,224,215,202,0.04186,9,0.108911,22
30,2001,0,16,16,16,16,16,0,0,0,0,0,0,36047003000,11220,0,188,188,188,0,0,0,0
30,2001,1,11,16,11,11,11,0,0,0,0,0,0,36047003000,11220,0,207,207,207,0,0,0,0
30,2001,2,15,11,15,15,15,0,0,0,0,0,0,36047003000,11220,0,248,248,248,0,0,0,0
30,2001,3,21,15,21,21,21,0,0,0,0,0,0,36047003000,11220,0,214,214,214,0,0,0,0
30,2001,4,17,21,17,17,17,0,0,0,0,0,0,36047003000,11220,0,158,158,158,0,0,0,0
30,2001,5,16,17,16,16,16,0,0,0,0,0,0,36047003000,11220,0,188,188,188,0,0,0,0
30,2002,0,13,13,16,13,13,-0.1875,-3,0,0,0,0,36047003000,11220,1,183,188,183,-0.026596,-5,0,0
30,2002,1,16,13,11,16,16,0.454545,5,0,0,0,0,36047003000,11220,0,204,207,204,-0.014493,-3,0,0
30,2002,2,12,16,15,12,12,-0.2,-3,0,0,0,0,36047003000,11220,0,221,248,221,-0.108871,-27,0,0
30,2002,3,15,12,21,15,15,-0.285714,-6,0,0,0,0,36047003000,11220,1,242,214,242,0.130841,28,0,0
30,2002,4,18,15,17,18,18,0.058824,1,0,0,0,0,36047003000,11220,0,211,158,211,0.335443,53,0,0
30,2002,5,14,18,16,14,14,-0.125,-2,0,0,0,0,36047003000,11220,0,163,188,163,-0.132979,-25,0,0
30,2003,0,12,12,13,12,12,-0.076923,-1,0,0,0,0,36047003000,11220,0,192,183,192,0.04918,9,0,0
30,2003,1,12,12,16,12,12,-0.25,-4,0,0,0,0,36047003000,11220,1,207,204,207,0.014706,3,0,0
30,2003,2,17,12,12,17,17,0.416667,5,0,0,0,0,36047003000,11220,0,206,221,206,-0.067873,-15,0,0
30,2003,3,12,17,15,12,12,-0.2,-3,0,0,0,0,36047003000,11220,0,226,242,226,-0.066116,-16,0,0
30,2003,4,14,12,18,14,14,-0.222222,-4,0,0,0,0,36047003000,11220,1,238,211,238,0.127962,27,0,0
30,2003,5,16,14,14,16,16,0.142857,2,0,0,0,0,36047003000,11220,0,202,163,202,0.239264,39,0,0
30,2004,0,17,17,12,16,16,0.416667,5,0.0625,1,0.0625,1,36047003000,11220,0,189,192,188,-0.015625,-3,0.005319,1
30,2004,1,15,17,12,11,11,0.25,3,0.363636,4,0.363636,4,36047003000,11220,0,191,207,207,-0.077295,-16,-0.077295,-16
30,2004,2,13,15,17,15,15,-0.235294,-4,-0.133333,-2,-0.133333,-2,36047003000,11220,1,201,206,248,-0.024272,-5,-0.189516,-47
30,2004,3,19,13,12,21,21,0.583333,7,-0.095238,-2,-0.095238,-2,36047003000,11220,0,193,226,214,-0.146018,-33,-0.098131,-21
30,2004,4,10,19,14,17,17,-0.285714,-4,-0.411765,-7,-0.411765,-7,36047003000,11220,1,216,238,158,-0.092437,-22,0.367089,58
30,2004,5,12,10,16,16,16,-0.25,-4,-0.25,-4,-0.25,-4,36047003000,11220,1,217,202,188,0.074257,15,0.154255,29
30,2005,0,9,9,17,13,13,-0.470588,-8,-0.307692,-4,-0.307692,-4,36047003000,11220,1,188,189,183,-0.005291,-1,0.027322,5
30,2005,1,16,9,15,16,16,0.066667,1,0,0,0,0,36047003000,11220,0,203,191,204,0.062827,12,-0.004902,-1
30,2005,2,16,16,13,12,12,0.230769,3,0.333333,4,0.333333,4,36047003000,11220,0,186,201,221,-0.074627,-15,-0.158371,-35
30,2005,3,10,16,19,15,15,-0.473684,-9,-0.333333,-5,-0.333333,-5,36047003000,11220,1,198,193,242,0.025907,5,-0.181818,-44
30,2005,4,17,10,10,18,18,0.7,7,-0.055556,-1,-0.055556,-1,36047003000,11220,0,193,216,211,-0.106481,-23,-0.085308,-18
30,2005,5,10,17,12,14,14,-0.166667,-2,-0.285714,-4,-0.285714,-4,36047003000,11220,0,209,217,163,-0.036866,-8,0.282209,46
30,2006,0,16,16,9,12,12,0.777778,7,0.333333,4,0.333333,4,36047003000,11220,0,193,188,192,0.026596,5,0.005208,1
30,2006,1,4,16,16,12,12,-0.75,-12,-0.666667,-8,-0.666667,-8,36047003000,11220,1,205,203,207,0.009852,2,-0.009662,-2
30,2006,2,18,4,16,17,17,0.125,2,0.058824,1,0.058824,1,36047003000,11220,0,203,186,206,0.091398,17,-0.014563,-3
30,2006,3,13,18,10,12,12,0.3,3,0.083333,1,0.083333,1,36047003000,11220,0,180,198,226,-0.090909,-18,-0.20354,-46
30,2006,4,13,13,17,14,14,-0.235294,-4,-0.071429,-1,-0.071429,-1,36047003000,11220,1,198,193,238,0.025907,5,-0.168067,-40
30,2006,5,16,13,10,16,16,0.6,6,0,0,0,0,36047003000,11220,0,199,209,202,-0.047847,-10,-0.014851,-3
30,2007,0,15,15,16,17,17,-0.0625,-1,-0.117647,-2,-0.117647,-2,36047003000,11220,0,170,193,189,-0.119171,-23,-0.100529,-19
30,2007,1,17,15,4,15,15,3.25,13,0.133333,2,0.133333,2,36047003000,11220,0,196,205,191,-0.043902,-9,0.026178,5
30,2007,2,4,17,18,13,13,-0.777778,-14,-0.692308,-9,-0.692308,-9,36047003000,11220,1,198,203,201,-0.024631,-5,-0.014925,-3
30,2007,3,19,4,13,19,19,0.461538,6,0,0,0,0,36047003000,11220,0,202,180,193,0.122222,22,0.046632,9
30,2007,4,12,19,13,10,10,-0.076923,-1,0.2,2,0.2,2,36047003000,11220,0,175,198,216,-0.116162,-23,-0.189815,-41
30,2007,5,11,12,16,12,12,-0.3125,-5,-0.083333,-1,-0.083333,-1,36047003000,11220,1,184,199,217,-0.075377,-15,-0.152074,-33
30,2008,0,10,10,15,9,9,-0.333333,-5,0.111111,1,0.111111,1,36047003000,11220,1,171,170,188,0.005882,1,-0.090426,-17
30,2008,1,17,10,17,16,16,0,0,0.0625,1,0.0625,1,36047003000,11220,0,193,196,203,-0.015306,-3,-0.049261,-10
30,2008,2,17,17,4,16,16,3.25,13,0.0625,1,0.0625,1,36047003000,11220,0,184,198,186,-0.070707,-14,-0.010753,-2
30,2008,3,7,17,19,10,10,-0.631579,-12,-0.3,-3,-0.3,-3,36047003000,11220,1,184,202,198,-0.089109,-18,-0.070707,-14
30,2008,4,20,7,12,17,17,0.666667,8,0.176471,3,0.176471,3,36047003000,11220,0,199,175,193,0.137143,24,0.031088,6
30,2008,5,14,20,11,10,10,0.272727,3,0.4,4,0.4,4,36047003000,11220,0,177,184,209,-0.038043,-7,-0.15311,-32
30,2009,0,11,11,10,16,16,0.1,1,-0.3125,-5,-0.3125,-5,36047003000,11220,0,208,171,193,0.216374,37,0.07772,15
30,2009,1,11,11,17,4,4,-0.352941,-6,1.75,7,1.75,7,36047003000,11220,0,199,193,205,0.031088,6,-0.029268,-6
30,2009,2,17,11,17,18,18,0,0,-0.055556,-1,-0.055556,-1,36047003000,11220,0,198,184,203,0.076087,14,-0.024631,-5
30,2009,3,16,17,7,13,13,1.285714,9,0.230769,3,0.230769,3,36047003000,11220,0,184,184,180,0,0,0.022222,4
30,2009,4,7,16,20,13,13,-0.65,-13,-0.461538,-6,-0.461538,-6,36047003000,11220,0,178,199,198,-0.105528,-21,-0.10101,-20
30,2009,5,23,7,14,16,16,0.642857,9,0.4375,7,0.4375,7,36047003000,11220,0,203,177,199,0.146893,26,0.020101,4
30,2010,0,16,16,11,15,15,0.454545,5,0.066667,1,0.066667,1,36047003000,11220,0,219,208,170,0.052885,11,0.288235,49
30,2010,1,11,16,11,17,17,0,0,-0.352941,-6,-0.352941,-6,36047003000,11220,0,201,199,196,0.01005,2,0.02551,5
30,2010,2,13,11,17,4,4,-0.235294,-4,2.25,9,2.25,9,36047003000,11220,0,208,198,198,0.050505,10,0.050505,10
30,2010,3,16,13,16,19,19,0,0,-0.157895,-3,-0.157895,-3,36047003000,11220,0,195,184,202,0.059783,11,-0.034653,-7
30,2010,4,16,16,7,12,12,1.285714,9,0.333333,4,0.333333,4,36047003000,11220,0,183,178,175,0.02809,5,0.045714,8
30,2010,5,7,16,23,11,11,-0.695652,-16,-0.363636,-4,-0.363636,-4,36047003000,11220,0,183,203,184,-0.098522,-20,-0.005435,-1
34,2001,0,13,13,13,13,13,0,0,0,0,0,0,36047003400,11209,1,83,83,83,0,0,0,0
34,2001,1,17,13,17,17,17,0,0,0,0,0,0,36047003400,11209,0,84,84,84,0,0,0,0
34,2001,2,17,17,17,17,17,0,0,0,0,0,0,36047003400,11209,0,95,95,95,0,0,0,0
34,2001,3,23,17,23,23,23,0,0,0,0,0,0,36047003400,11209,0,88,88,88,0,0,0,0
34,2001,4,9,23,9,9,9,0,0,0,0,0,0,36047003400,11209,1,66,66,66,0,0,0,0
34,2001,5,7,9,7,7,7,0,0,0,0,0,0,36047003400,11209,1,85,85,85,0,0,0,0
34,2002,0,17,17,13,17,17,0.307692,4,0,0,0,0,36047003400,11209,1,64,83,64,-0.228916,-19,0,0
34,2002,1,11,17,17,11,11,-0.352941,-6,0,0,0,0,36047003400,11209,1,88,84,88,0.047619,4,0,0
34,2002,2,14,11,17,14,14,-0.176471,-3,0,0,0,0,36047003400,11209,1,93,95,93,-0.021053,-2,0,0
34,2002,3,18,14,23,18,18,-0.217391,-5,0,0,0,0,36047003400,11209,0,95,88,95,0.079545,7,0,0
34,2002,4,19,18,9,19,19,1.111111,10,0,0,0,0,36047003400,11209,0,78,66,78,0.181818,12,0,0
34,2002,5,9,19,7,9,9,0.285714,2,0,0,0,0,36047003400,11209,1,61,85,61,-0.282353,-24,0,0
34,2003,0,18,18,17,18,18,0.058824,1,0,0,0,0,36047003400,11209,0,78,64,78,0.21875,14,0,0
34,2003,1,19,18,11,19,19,0.727273,8,0,0,0,0,36047003400,11209,1,73,88,73,-0.170455,-15,0,0
34,2003,2,15,19,14,15,15,0.071429,1,0,0,0,0,36047003400,11209,1,89,93,89,-0.043011,-4,0,0
34,2003,3,17,15,18,17,17,-0.055556,-1,0,0,0,0,36047003400,11209,0,97,95,97,0.021053,2,0,0
34,2003,4,17,17,19,17,17,-0.105263,-2,0,0,0,0,36047003400,11209,0,88,78,88,0.128205,10,0,0
34,2003,5,21,17,9,21,21,1.333333,12,0,0,0,0,36047003400,11209,0,74,61,74,0.213115,13,0,0
34,2004,0,20,20,18,13,13,0.111111,2,0.538462,7,0.538462,7,36047003400,11209,1,79,78,83,0.012821,1,-0.048193,-4
34,2004,1,19,20,19,17,17,0,0,0.117647,2,0.117647,2,36047003400,11209,1,70,73,84,-0.041096,-3,-0.166667,-14
34,2004,2,20,19,15,17,17,0.333333,5,0.176471,3,0.176471,3,36047003400,11209,0,66,89,95,-0.258427,-23,-0.305263,-29
34,2004,3,15,20,17,23,23,-0.117647,-2,-0.347826,-8,-0.347826,-8,36047003400,11209,1,93,97,88,-0.041237,-4,0.056818,5
34,2004,4,18,15,17,9,9,0.058824,1,1,9,1,9,36047003400,11209,0,98,88,66,0.113636,10,0.484848,32
34,2004,5,18,18,21,7,7,-0.142857,-3,1.571429,11,1.571429,11,36047003400,11209,0,79,74,85,0.067568,5,-0.070588,-6
34,2005,0,18,18,20,17,17,-0.1,-2,0.058824,1,0.058824,1,36047003400,11209,1,57,79,64,-0.278481,-22,-0.109375,-7
34,2005,1,25,18,19,11,11,0.315789,6,1.272727,14,1.272727,14,36047003400,11209,0,74,70,88,0.057143,4,-0.159091,-14
34,2005,2,21,25,20,14,14,0.05,1,0.5,7,0.5,7,36047003400,11209,1,67,66,93,0.015152,1,-0.27957,-26
34,2005,3,18,21,15,18,18,0.2,3,0,0,0,0,36047003400,11209,0,67,93,95,-0.27957,-26,-0.294737,-28
34,2005,4,14,18,18,19,19,-0.222222,-4,-0.263158,-5,-0.263158,-5,36047003400,11209,1,94,98,78,-0.040816,-4,0.205128,16
34,2005,5,19,14,18,9,9,0.055556,1,1.111111,10,1.111111,10,36047003400,11209,0,91,79,61,0.151899,12,0.491803,30
34,2006,0,24,24,18,18,18,0.333333,6,0.333333,6,0.333333,6,36047003400,11209,0,86,57,78,0.508772,29,0.102564,8
34,2006,1,23,24,25,19,19,-0.08,-2,0.210526,4,0.210526,4,36047003400,11209,0,66,74,73,-0.108108,-8,-0.09589,-7
34,2006,2,21,23,21,15,15,0,0,0.4,6,0.4,6,36047003400,11209,1,75,67,89,0.119403,8,-0.157303,-14
34,2006,3,21,21,18,17,17,0.166667,3,0.235294,4,0.235294,4,36047003400,11209,1,68,67,97,0.014925,1,-0.298969,-29
34,2006,4,14,21,14,17,17,0,0,-0.176471,-3,-0.176471,-3,36047003400,11209,1,75,94,88,-0.202128,-19,-0.147727,-13
34,2006,5,12,14,19,21,21,-0.368421,-7,-0.428571,-9,-0.428571,-9,36047003400,11209,1,93,91,74,0.021978,2,0.256757,19
34,2007,0,27,27,24,20,20,0.125,3,0.35,7,0.35,7,36047003400,11209,0,86,86,79,0,0,0.088608,7
34,2007,1,27,27,23,19,19,0.173913,4,0.421053,8,0.421053,8,36047003400,11209,0,95,66,70,0.439394,29,0.357143,25
34,2007,2,24,27,21,20,20,0.142857,3,0.2,4,0.2,4,36047003400,11209,1,60,75,66,-0.2,-15,-0.090909,-6
34,2007,3,20,24,21,15,15,-0.047619,-1,0.333333,5,0.333333,5,36047003400,11209,1,72,68,93,0.058824,4,-0.225806,-21
34,2007,4,22,20,14,18,18,0.571429,8,0.222222,4,0.222222,4,36047003400,11209,1,66,75,98,-0.12,-9,-0.326531,-32
34,2007,5,12,22,12,18,18,0,0,-0.333333,-6,-0.333333,-6,36047003400,11209,1,75,93,79,-0.193548,-18,-0.050633,-4
34,2008,0,16,16,27,18,18,-0.407407,-11,-0.111111,-2,-0.111111,-2,36047003400,11209,1,67,86,57,-0.22093,-19,0.175439,10
34,2008,1,25,16,27,25,25,-0.074074,-2,0,0,0,0,36047003400,11209,0,92,95,74,-0.031579,-3,0.243243,18
34,2008,2,27,25,24,21,21,0.125,3,0.285714,6,0.285714,6,36047003400,11209,0,86,60,67,0.433333,26,0.283582,19
34,2008,3,26,27,20,18,18,0.3,6,0.444444,8,0.444444,8,36047003400,11209,0,59,72,67,-0.180556,-13,-0.119403,-8
34,2008,4,22,26,22,14,14,0,0,0.571429,8,0.571429,8,36047003400,11209,1,65,66,94,-0.015152,-1,-0.308511,-29
34,2008,5,23,22,12,19,19,0.916667,11,0.210526,4,0.210526,4,36047003400,11209,1,69,75,91,-0.08,-6,-0.241758,-22
34,2009,0,25,25,16,24,24,0.5625,9,0.041667,1,0.041667,1,36047003400,11209,0,86,67,86,0.283582,19,0,0
34,2009,1,19,25,25,23,23,-0.24,-6,-0.173913,-4,-0.173913,-4,36047003400,11209,0,74,92,66,-0.195652,-18,0.121212,8
34,2009,2,27,19,27,21,21,0,0,0.285714,6,0.285714,6,36047003400,11209,0,95,86,75,0.104651,9,0.266667,20
34,2009,3,29,27,26,21,21,0.115385,3,0.380952,8,0.380952,8,36047003400,11209,0,81,59,68,0.372881,22,0.191176,13
34,2009,4,27,29,22,14,14,0.227273,5,0.928571,13,0.928571,13,36047003400,11209,0,60,65,75,-0.076923,-5,-0.2,-15
34,2009,5,20,27,23,12,12,-0.130435,-3,0.666667,8,0.666667,8,36047003400,11209,0,79,69,93,0.144928,10,-0.150538,-14
34,2010,0,27,27,25,27,27,0.08,2,0,0,0,0,36047003400,11209,0,98,86,86,0.139535,12,0.139535,12
34,2010,1,25,27,19,27,27,0.315789,6,-0.074074,-2,-0.074074,-2,36047003400,11209,0,88,74,95,0.189189,14,-0.073684,-7
34,2010,2,20,25,27,24,24,-0.259259,-7,-0.166667,-4,-0.166667,-4,36047003400,11209,0,82,95,60,-0.136842,-13,0.366667,22
34,2010,3,27,20,29,20,20,-0.068966,-2,0.35,7,0.35,7,36047003400,11209,0,98,81,72,0.209877,17,0.361111,26
34,2010,4,27,27,27,22,22,0,0,0.227273,5,0.227273,5,36047003400,11209,0,78,60,66,0.3,18,0.181818,12
34,2010,5,26,27,20,12,12,0.3,6,1.166667,14,1.166667,14,36047003400,11209,0,64,79,75,-0.189873,-15,-0.146667,-11
36,2001,0,19,19,19,19,19,0,0,0,0,0,0,36047003600,11209,1,150,150,150,0,0,0,0
36,2001,1,35,19,35,35,35,0,0,0,0,0,0,36047003600,11209,0,154,154,154,0,0,0,0
36,2001,2,36,35,36,36,36,0,0,0,0,0,0,36047003600,11209,0,173,173,173,0,0,0,0
36,2001,3,30,36,30,30,30,0,0,0,0,0,0,36047003600,11209,1,173,173,173,0,0,0,0
36,2001,4,19,30,19,19,19,0,0,0,0,0,0,36047003600,11209,1,120,120,120,0,0,0,0
36,2001,5,29,19,29,29,29,0,0,0,0,0,0,36047003600,11209,0,135,135,135,0,0,0,0
36,2002,0,21,21,19,21,21,0.105263,2,0,0,0,0,36047003600,11209,0,140,150,140,-0.066667,-10,0,0
36,2002,1,22,21,35,22,22,-0.371429,-13,0,0,0,0,36047003600,11209,0,155,154,155,0.006494,1,0,0
36,2002,2,38,22,36,38,38,0.055556,2,0,0,0,0,36047003600,11209,0,157,173,157,-0.092486,-16,0,0
36,2002,3,38,38,30,38,38,0.266667,8,0,0,0,0,36047003600,11209,0,175,173,175,0.011561,2,0,0
36,2002,4,29,38,19,29,29,0.526316,10,0,0,0,0,36047003600,11209,1,170,120,170,0.416667,50,0,0
36,2002,5,17,29,29,17,17,-0.413793,-12,0,0,0,0,36047003600,11209,1,121,135,121,-0.103704,-14,0,0
36,2003,0,26,26,21,26,26,0.238095,5,0,0,0,0,36047003600,11209,0,145,140,145,0.035714,5,0,0
36,2003,1,26,26,22,26,26,0.181818,4,0,0,0,0,36047003600,11209,0,152,155,152,-0.019355,-3,0,0
36,2003,2,24,26,38,24,24,-0.368421,-14,0,0,0,0,36047003600,11209,0,154,157,154,-0.019108,-3,0,0
36,2003,3,42,24,38,42,42,0.105263,4,0,0,0,0,36047003600,11209,0,159,175,159,-0.091429,-16,0,0
36,2003,4,33,42,29,33,33,0.137931,4,0,0,0,0,36047003600,11209,0,174,170,174,0.023529,4,0,0
36,2003,5,25,33,17,25,25,0.470588,8,0,0,0,0,36047003600,11209,1,170,121,170,0.404959,49,0,0
36,2004,0,22,22,26,19,19,-0.153846,-4,0.157895,3,0.157895,3,36047003600,11209,0,163,145,150,0.124138,18,0.086667,13
36,2004,1,21,22,26,35,35,-0.192308,-5,-0.4,-14,-0.4,-14,36047003600,11209,0,149,152,154,-0.019737,-3,-0.032468,-5
36,2004,2,23,21,24,36,36,-0.041667,-1,-0.361111,-13,-0.361111,-13,36047003600,11209,0,156,154,173,0.012987,2,-0.098266,-17
36,2004,3,27,23,42,30,30,-0.357143,-15,-0.1,-3,-0.1,-3,36047003600,11209,0,147,159,173,-0.075472,-12,-0.150289,-26
36,2004,4,42,27,33,19,19,0.272727,9,1.210526,23,1.210526,23,36047003600,11209,0,161,174,120,-0.074713,-13,0.341667,41
36,2004,5,31,42,25,29,29,0.24,6,0.068966,2,0.068966,2,36047003600,11209,0,167,170,135,-0.017647,-3,0.237037,32
36,2005,0,13,13,22,21,21,-0.409091,-9,-0.380952,-8,-0.380952,-8,36047003600,11209,1,158,163,140,-0.030675,-5,0.128571,18
36,2005,1,23,13,21,22,22,0.095238,2,0.045455,1,0.045455,1,36047003600,11209,1,172,149,155,0.154362,23,0.109677,17
36,2005,2,19,23,23,38,38,-0.173913,-4,-0.5,-19,-0.5,-19,36047003600,11209,0,143,156,157,-0.083333,-13,-0.089172,-14
36,2005,3,24,19,27,38,38,-0.111111,-3,-0.368421,-14,-0.368421,-14,36047003600,11209,0,156,147,175,0.061224,9,-0.108571,-19
36,2005,4,25,24,42,29,29,-0.404762,-17,-0.137931,-4,-0.137931,-4,36047003600,11209,0,158,161,170,-0.018634,-3,-0.070588,-12
36,2005,5,40,25,31,17,17,0.290323,9,1.352941,23,1.352941,23,36047003600,11209,0,162,167,121,-0.02994,-5,0.338843,41
36,2006,0,24,24,13,26,26,0.846154,11,-0.076923,-2,-0.076923,-2,36047003600,11209,0,174,158,145,0.101266,16,0.2,29
36,2006,1,20,24,23,26,26,-0.130435,-3,-0.230769,-6,-0.230769,-6,36047003600,11209,1,162,172,152,-0.05814,-10,0.065789,10
36,2006,2,22,20,19,24,24,0.157895,3,-0.083333,-2,-0.083333,-2,36047003600,11209,0,167,143,154,0.167832,24,0.084416,13
36,2006,3,21,22,24,42,42,-0.125,-3,-0.5,-21,-0.5,-21,36047003600,11209,0,146,156,159,-0.064103,-10,-0.081761,-13
36,2006,4,27,21,25,33,33,0.08,2,-0.181818,-6,-0.181818,-6,36047003600,11209,0,153,158,174,-0.031646,-5,-0.12069,-21
36,2006,5,25,27,40,25,25,-0.375,-15,0,0,0,0,36047003600,11209,0,162,162,170,0,0,-0.047059,-8
36,2007,0,21,21,24,22,22,-0.125,-3,-0.045455,-1,-0.045455,-1,36047003600,11209,1,160,174,163,-0.08046,-14,-0.018405,-3
36,2007,1,26,21,20,21,21,0.3,6,0.238095,5,0.238095,5,36047003600,11209,0,175,162,149,0.080247,13,0.174497,26
36,2007,2,18,26,22,23,23,-0.181818,-4,-0.217391,-5,-0.217391,-5,36047003600,11209,1,165,167,156,-0.011976,-2,0.057692,9
36,2007,3,20,18,21,27,27,-0.047619,-1,-0.259259,-7,-0.259259,-7,36047003600,11209,0,166,146,147,0.136986,20,0.129252,19
36,2007,4,21,20,27,42,42,-0.222222,-6,-0.5,-21,-0.5,-21,36047003600,11209,0,141,153,161,-0.078431,-12,-0.124224,-20
36,2007,5,23,21,25,31,31,-0.08,-2,-0.258065,-8,-0.258065,-8,36047003600,11209,0,141,162,167,-0.12963,-21,-0.155689,-26
36,2008,0,15,15,21,13,13,-0.285714,-6,0.153846,2,0.153846,2,36047003600,11209,1,166,160,158,0.0375,6,0.050633,8
36,2008,1,24,15,26,23,23,-0.076923,-2,0.043478,1,0.043478,1,36047003600,11209,1,168,175,172,-0.04,-7,-0.023256,-4
36,2008,2,21,24,18,19,19,0.166667,3,0.105263,2,0.105263,2,36047003600,11209,0,172,165,143,0.042424,7,0.202797,29
36,2008,3,13,21,20,24,24,-0.35,-7,-0.458333,-11,-0.458333,-11,36047003600,11209,1,167,166,156,0.006024,1,0.070513,11
36,2008,4,19,13,21,25,25,-0.095238,-2,-0.24,-6,-0.24,-6,36047003600,11209,0,164,141,158,0.163121,23,0.037975,6
36,2008,5,22,19,23,40,40,-0.043478,-1,-0.45,-18,-0.45,-18,36047003600,11209,0,147,141,162,0.042553,6,-0.092593,-15
36,2009,0,30,30,15,24,24,1,15,0.25,6,0.25,6,36047003600,11209,0,174,166,174,0.048193,8,0,0
36,2009,1,19,30,24,20,20,-0.208333,-5,-0.05,-1,-0.05,-1,36047003600,11209,0,186,168,162,0.107143,18,0.148148,24
36,2009,2,21,19,21,22,22,0,0,-0.045455,-1,-0.045455,-1,36047003600,11209,0,177,172,167,0.02907,5,0.05988,10
36,2009,3,21,21,13,21,21,0.615385,8,0,0,0,0,36047003600,11209,0,180,167,146,0.077844,13,0.232877,34
36,2009,4,12,21,19,27,27,-0.368421,-7,-0.555556,-15,-0.555556,-15,36047003600,11209,0,171,164,153,0.042683,7,0.117647,18
36,2009,5,20,12,22,25,25,-0.090909,-2,-0.2,-5,-0.2,-5,36047003600,11209,0,186,147,162,0.265306,39,0.148148,24
36,2010,0,30,30,30,21,21,0,0,0.428571,9,0.428571,9,36047003600,11209,0,191,174,160,0.097701,17,0.19375,31
36,2010,1,28,30,19,26,26,0.473684,9,0.076923,2,0.076923,2,36047003600,11209,0,171,186,175,-0.080645,-15,-0.022857,-4
36,2010,2,22,28,21,18,18,0.047619,1,0.222222,4,0.222222,4,36047003600,11209,0,188,177,165,0.062147,11,0.139394,23
36,2010,3,23,22,21,20,20,0.095238,2,0.15,3,0.15,3,36047003600,11209,0,169,180,166,-0.061111,-11,0.018072,3
36,2010,4,21,23,12,21,21,0.75,9,0,0,0,0,36047003600,11209,0,174,171,141,0.017544,3,0.234043,33
36,2010,5,10,21,20,23,23,-0.5,-10,-0.565217,-13,-0.565217,-13,36047003600,11209,0,176,186,141,-0.053763,-10,0.248227,35
38,2001,0,9,9,9,9,9,0,0,0,0,0,0,36047003800,11209,0,66,66,66,0,0,0,0
38,2001,1,6,9,6,6,6,0,0,0,0,0,0,36047003800,11209,0,79,79,79,0,0,0,0
38,2001,2,7,6,7,7,7,0,0,0,0,0,0,36047003800,11209,0,88,88,88,0,0,0,0
38,2001,3,6,7,6,6,6,0,0,0,0,0,0,36047003800,11209,0,87,87,87,0,0,0,0
38,2001,4,9,6,9,9,9,0,0,0,0,0,0,36047003800,11209,0,54,54,54,0,0,0,0
38,2001,5,6,9,6,6,6,0,0,0,0,0,0,36047003800,11209,0,67,67,67,0,0,0,0
38,2002,0,6,6,9,6,6,-0.333333,-3,0,0,0,0,36047003800,11209,0,60,66,60,-0.090909,-6,0,0
38,2002,1,9,6,6,9,9,0.5,3,0,0,0,0,36047003800,11209,0,65,79,65,-0.177215,-14,0,0
38,2002,2,7,9,7,7,7,0,0,0,0,0,0,36047003800,11209,0,80,88,80,-0.090909,-8,0,0
38,2002,3,7,7,6,7,7,0.166667,1,0,0,0,0,36047003800,11209,0,89,87,89,0.022989,2,0,0
38,2002,4,6,7,9,6,6,-0.333333,-3,0,0,0,0,36047003800,11209,0,73,54,73,0.351852,19,0,0
38,2002,5,10,6,6,10,10,0.666667,4,0,0,0,0,36047003800,11209,0,50,67,50,-0.253731,-17,0,0
38,2003,0,4,4,6,4,4,-0.333333,-2,0,0,0,0,36047003800,11209,0,69,60,69,0.15,9,0,0
38,2003,1,7,4,9,7,7,-0.222222,-2,0,0,0,0,36047003800,11209,0,64,65,64,-0.015385,-1,0,0
38,2003,2,8,7,7,8,8,0.142857,1,0,0,0,0,36047003800,11209,0,71,80,71,-0.1125,-9,0,0
38,2003,3,6,8,7,6,6,-0.142857,-1,0,0,0,0,36047003800,11209,0,84,89,84,-0.05618,-5,0,0
38,2003,4,7,6,6,7,7,0.166667,1,0,0,0,0,36047003800,11209,0,84,73,84,0.150685,11,0,0
38,2003,5,5,7,10,5,5,-0.5,-5,0,0,0,0,36047003800,11209,0,70,50,70,0.4,20,0,0
38,2004,0,6,6,4,9,9,0.5,2,-0.333333,-3,-0.333333,-3,36047003800,11209,0,71,69,66,0.028986,2,0.075758,5
38,2004,1,2,6,7,6,6,-0.714286,-5,-0.666667,-4,-0.666667,-4,36047003800,11209,1,67,64,79,0.046875,3,-0.151899,-12
38,2004,2,6,2,8,7,7,-0.25,-2,-0.142857,-1,-0.142857,-1,36047003800,11209,0,63,71,88,-0.112676,-8,-0.284091,-25
38,2004,3,7,6,6,6,6,0.166667,1,0.166667,1,0.166667,1,36047003800,11209,0,77,84,87,-0.083333,-7,-0.114943,-10
38,2004,4,7,7,7,9,9,0,0,-0.222222,-2,-0.222222,-2,36047003800,11209,0,82,84,54,-0.02381,-2,0.518519,28
38,2004,5,5,7,5,6,6,0,0,-0.166667,-1,-0.166667,-1,36047003800,11209,1,79,70,67,0.128571,9,0.179104,12
38,2005,0,5,5,6,6,6,-0.166667,-1,-0.166667,-1,-0.166667,-1,36047003800,11209,0,50,71,60,-0.295775,-21,-0.166667,-10
38,2005,1,5,5,2,9,9,1.5,3,-0.444444,-4,-0.444444,-4,36047003800,11209,0,77,67,65,0.149254,10,0.184615,12
38,2005,2,1,5,6,7,7,-0.833333,-5,-0.857143,-6,-0.857143,-6,36047003800,11209,1,68,63,80,0.079365,5,-0.15,-12
38,2005,3,6,1,7,7,7,-0.142857,-1,-0.142857,-1,-0.142857,-1,36047003800,11209,0,62,77,89,-0.194805,-15,-0.303371,-27
38,2005,4,9,6,7,6,6,0.285714,2,0.5,3,0.5,3,36047003800,11209,0,74,82,73,-0.097561,-8,0.013699,1
38,2005,5,6,9,5,10,10,0.2,1,-0.4,-4,-0.4,-4,36047003800,11209,1,80,79,50,0.012658,1,0.6,30
38,2006,0,5,5,5,4,4,0,0,0.25,1,0.25,1,36047003800,11209,1,90,50,69,0.8,40,0.304348,21
38,2006,1,6,5,5,7,7,0.2,1,-0.142857,-1,-0.142857,-1,36047003800,11209,0,60,77,64,-0.220779,-17,-0.0625,-4
38,2006,2,4,6,1,8,8,3,3,-0.5,-4,-0.5,-4,36047003800,11209,1,72,68,71,0.058824,4,0.014085,1
38,2006,3,2,4,6,6,6,-0.666667,-4,-0.666667,-4,-0.666667,-4,36047003800,11209,1,69,62,84,0.112903,7,-0.178571,-15
38,2006,4,6,2,9,7,7,-0.333333,-3,-0.142857,-1,-0.142857,-1,36047003800,11209,0,62,74,84,-0.162162,-12,-0.261905,-22
38,2006,5,9,6,6,5,5,0.5,3,0.8,4,0.8,4,36047003800,11209,0,72,80,70,-0.1,-8,0.028571,2
38,2007,0,7,7,5,6,6,0.4,2,0.166667,1,0.166667,1,36047003800,11209,0,87,90,71,-0.033333,-3,0.225352,16
38,2007,1,6,7,6,2,2,0,0,2,4,2,4,36047003800,11209,1,95,60,67,0.583333,35,0.41791,28
38,2007,2,4,6,4,6,6,0,0,-0.333333,-2,-0.333333,-2,36047003800,11209,1,57,72,63,-0.208333,-15,-0.095238,-6
38,2007,3,4,4,2,7,7,1,2,-0.428571,-3,-0.428571,-3,36047003800,11209,1,67,69,77,-0.028986,-2,-0.12987,-10
38,2007,4,2,4,6,7,7,-0.666667,-4,-0.714286,-5,-0.714286,-5,36047003800,11209,0,67,62,82,0.080645,5,-0.182927,-15
38,2007,5,10,2,9,5,5,0.111111,1,1,5,1,5,36047003800,11209,0,52,72,79,-0.277778,-20,-0.341772,-27
38,2008,0,9,9,7,5,5,0.285714,2,0.8,4,0.8,4,36047003800,11209,0,65,87,50,-0.252874,-22,0.3,15
38,2008,1,7,9,6,5,5,0.166667,1,0.4,2,0.4,2,36047003800,11209,0,88,95,77,-0.073684,-7,0.142857,11
38,2008,2,8,7,4,1,1,1,4,7,7,7,7,36047003800,11209,0,91,57,68,0.596491,34,0.338235,23
38,2008,3,6,8,4,6,6,0.5,2,0,0,0,0,36047003800,11209,0,58,67,62,-0.134328,-9,-0.064516,-4
38,2008,4,4,6,2,9,9,1,2,-0.555556,-5,-0.555556,-5,36047003800,11209,1,69,67,74,0.029851,2,-0.067568,-5
38,2008,5,2,4,10,6,6,-0.8,-8,-0.666667,-4,-0.666667,-4,36047003800,11209,1,71,52,80,0.365385,19,-0.1125,-9
38,2009,0,6,6,9,5,5,-0.333333,-3,0.2,1,0.2,1,36047003800,11209,0,95,65,90,0.461538,30,0.055556,5
38,2009,1,9,6,7,6,6,0.285714,2,0.5,3,0.5,3,36047003800,11209,0,75,88,60,-0.147727,-13,0.25,15
38,2009,2,7,9,8,4,4,-0.125,-1,0.75,3,0.75,3,36047003800,11209,0,94,91,72,0.032967,3,0.305556,22
38,2009,3,7,7,6,2,2,0.166667,1,2.5,5,2.5,5,36047003800,11209,0,95,58,69,0.637931,37,0.376812,26
38,2009,4,4,7,4,6,6,0,0,-0.333333,-2,-0.333333,-2,36047003800,11209,0,69,69,62,0,0,0.112903,7
38,2009,5,7,4,2,9,9,2.5,5,-0.222222,-2,-0.222222,-2,36047003800,11209,0,82,71,72,0.15493,11,0.138889,10
38,2010,0,9,9,6,7,7,0.5,3,0.285714,2,0.285714,2,36047003800,11209,0,91,95,87,-0.042105,-4,0.045977,4
38,2010,1,6,9,9,6,6,-0.333333,-3,0,0,0,0,36047003800,11209,0,99,75,95,0.32,24,0.042105,4
38,2010,2,9,6,7,4,4,0.285714,2,1.25,5,1.25,5,36047003800,11209,0,83,94,57,-0.117021,-11,0.45614,26
38,2010,3,7,9,7,4,4,0,0,0.75,3,0.75,3,36047003800,11209,0,95,95,67,0,0,0.41791,28
38,2010,4,8,7,4,2,2,1,4,3,6,3,6,36047003800,11209,0,93,69,67,0.347826,24,0.38806,26
38,2010,5,5,8,7,10,10,-0.285714,-2,-0.5,-5,-0.5,-5,36047003800,11209,0,65,82,52,-0.207317,-17,0.25,13
44,2001,0,9,9,9,9,9,0,0,0,0,0,0,,,0,0,0,0,0,0,0,0
44,2001,1,10,9,10,10,10,0,0,0,0,0,0,,,1,0,0,0,0,0,0,0
44,2001,2,9,10,9,9,9,0,0,0,0,0,0,,,1,0,0,0,0,0,0,0
44,2001,3,12,9,12,12,12,0,0,0,0,0,0,,,0,0,0,0,0,0,0,0
44,2001,4,13,12,13,13,13,0,0,0,0,0,0,,,0,0,0,0,0,0,0,0
44,2001,5,12,13,12,12,12,0,0,0,0,0,0,,,0,0,0,0,0,0,0,0
44,2002,0,15,15,9,15,15,0.666667,6,0,0,0,0,,,0,0,0,0,0,0,0,0
44,2002,1,13,15,10,13,13,0.3,3,0,0,0,0,,,0,0,0,0,0,0,0,0
44,2002,2,11,13,9,11,11,0.222222,2,0,0,0,0,,,1,0,0,0,0,0,0,0
44,2002,3,8,11,12,8,8,-0.333333,-4,0,0,0,0,,,1,0,0,0,0,0,0,0
44,2002,4,12,8,13,12,12,-0.076923,-1,0,0,0,0,,,0,0,0,0,0,0,0,0
44,2002,5,13,12,12,13,13,0.083333,1,0,0,0,0,,,0,0,0,0,0,0,0,0
44,2003,0,7,7,15,7,7,-0.533333,-8,0,0,0,0,,,0,0,0,0,0,0,0,0
44,2003,1,18,7,13,18,18,0.384615,5,0,0,0,0,,,0,0,0,0,0,0,0,0
44,2003,2,14,18,11,14,14,0.272727,3,0,0,0,0,,,0,0,0,0,0,0,0,0
44,2003,3,10,14,8,10,10,0.25,2,0,0,0,0,,,0,0,0,0,0,0,0,0
44,2003,4,11,10,12,11,11,-0.083333,-1,0,0,0,0,,,1,0,0,0,0,0,0,0
44,2003,5,10,11,13,10,10,-0.230769,-3,0,0,0,0,,,0,0,0,0,0,0,0,0
44,2004,0,9,9,7,9,9,0.285714,2,0,0,0,0,,,0,0,0,0,0,0,0,0
44,2004,1,7,9,18,10,10,-0.611111,-11,-0.3,-3,-0.3,-3,,,0,0,0,0,0,0,0,0
44,2004,2,16,7,14,9,9,0.142857,2,0.777778,7,0.777778,7,,,0,0,0,0,0,0,0,0
44,2004,3,12,16,10,12,12,0.2,2,0,0,0,0,,,0,0,0,0,0,0,0,0
44,2004,4,10,12,11,13,13,-0.090909,-1,-0.230769,-3,-0.230769,-3,,,0,0,0,0,0,0,0,0
44,2004,5,11,10,10,12,12,0.1,1,-0.083333,-1,-0.083333,-1,,,0,0,0,0,0,0,0,0
44,2005,0,5,5,9,15,15,-0.444444,-4,-0.666667,-10,-0.666667,-10,,,1,0,0,0,0,0,0,0
44,2005,1,10,5,7,13,13,0.428571,3,-0.230769,-3,-0.230769,-3,,,0,0,0,0,0,0,0,0
44,2005,2,7,10,16,11,11,-0.5625,-9,-0.363636,-4,-0.363636,-4,,,0,0,0,0,0,0,0,0
44,2005,3,12,7,12,8,8,0,0,0.5,4,0.5,4,,,0,0,0,0,0,0,0,0
44,2005,4,15,12,10,12,12,0.5,5,0.25,3,0.25,3,,,0,0,0,0,0,0,0,0
44,2005,5,9,15,11,13,13,-0.181818,-2,-0.307692,-4,-0.307692,-4,,,0,0,0,0,0,0,0,0
44,2006,0,11,11,5,7,7,1.2,6,0.571429,4,0.571429,4,,,1,0,0,0,0,0,0,0
44,2006,1,4,11,10,18,18,-0.6,-6,-0.777778,-14,-0.777778,-14,,,1,0,0,0,0,0,0,0
44,2006,2,9,4,7,14,14,0.285714,2,-0.357143,-5,-0.357143,-5,,,0,0,0,0,0,0,0,0
44,2006,3,7,9,12,10,10,-0.416667,-5,-0.3,-3,-0.3,-3,,,0,0,0,0,0,0,0,0
44,2006,4,12,7,15,11,11,-0.2,-3,0.090909,1,0.090909,1,,,0,0,0,0,0,0,0,0
44,2006,5,11,12,9,10,10,0.222222,2,0.1,1,0.1,1,,,0,0,0,0,0,0,0,0
44,2007,0,13,13,11,9,9,0.181818,2,0.444444,4,0.444444,4,,,1,0,0,0,0,0,0,0
44,2007,1,8,13,4,7,7,1,4,0.142857,1,0.142857,1,,,1,0,0,0,0,0,0,0
44,2007,2,4,8,9,16,16,-0.555556,-5,-0.75,-12,-0.75,-12,,,1,0,0,0,0,0,0,0
44,2007,3,7,4,7,12,12,0,0,-0.416667,-5,-0.416667,-5,,,0,0,0,0,0,0,0,0
44,2007,4,6,7,12,10,10,-0.5,-6,-0.4,-4,-0.4,-4,,,1,0,0,0,0,0,0,0
44,2007,5,11,6,11,11,11,0,0,0,0,0,0,,,0,0,0,0,0,0,0,0
44,2008,0,15,15,13,5,5,0.153846,2,2,10,2,10,,,0,0,0,0,0,0,0,0
44,2008,1,15,15,8,10,10,0.875,7,0.5,5,0.5,5,,,1,0,0,0,0,0,0,0
44,2008,2,8,15,4,7,7,1,4,0.142857,1,0.142857,1,,,1,0,0,0,0,0,0,0
44,2008,3,6,8,7,12,12,-0.142857,-1,-0.5,-6,-0.5,-6,,,1,0,0,0,0,0,0,0
44,2008,4,7,6,6,15,15,0.166667,1,-0.533333,-8,-0.533333,-8,,,0,0,0,0,0,0,0,0
44,2008,5,7,7,11,9,9,-0.363636,-4,-0.222222,-2,-0.222222,-2,,,1,0,0,0,0,0,0,0
44,2009,0,19,19,15,11,11,0.266667,4,0.727273,8,0.727273,8,,,0,0,0,0,0,0,0,0
44,2009,1,14,19,15,4,4,-0.066667,-1,2.5,10,2.5,10,,,0,0,0,0,0,0,0,0
44,2009,2,13,14,8,9,9,0.625,5,0.444444,4,0.444444,4,,,0,0,0,0,0,0,0,0
44,2009,3,8,13,6,7,7,0.333333,2,0.142857,1,0.142857,1,,,0,0,0,0,0,0,0,0
44,2009,4,10,8,7,12,12,0.428571,3,-0.166667,-2,-0.166667,-2,,,0,0,0,0,0,0,0,0
44,2009,5,8,10,7,11,11,0.142857,1,-0.272727,-3,-0.272727,-3,,,0,0,0,0,0,0,0,0
44,2010,0,16,16,19,13,13,-0.157895,-3,0.230769,3,0.230769,3,,,0,0,0,0,0,0,0,0
44,2010,1,23,16,14,8,8,0.642857,9,1.875,15,1.875,15,,,0,0,0,0,0,0,0,0
44,2010,2,14,23,13,4,4,0.076923,1,2.5,10,2.5,10,,,0,0,0,0,0,0,0,0
44,2010,3,13,14,8,7,7,0.625,5,0.857143,6,0.857143,6,,,0,0,0,0,0,0,0,0
44,2010,4,7,13,10,6,6,-0.3,-3,0.166667,1,0.166667,1,,,0,0,0,0,0,0,0,0
44,2010,5,11,7,8,11,11,0.375,3,0,0,0,0,,,0,0,0,0,0,0,0,0
46,2001,0,7,7,7,7,7,0,0,0,0,0,0,36047004600,11209,0,43,43,43,0,0,0,0
46,2001,1,6,7,6,6,6,0,0,0,0,0,0,36047004600,11209,0,43,43,43,0,0,0,0
46,2001,2,3,6,3,3,3,0,0,0,0,0,0,36047004600,11209,1,46,46,46,0,0,0,0
46,2001,3,6,3,6,6,6,0,0,0,0,0,0,36047004600,11209,0,44,44,44,0,0,0,0
46,2001,4,3,6,3,3,3,0,0,0,0,0,0,36047004600,11209,0,38,38,38,0,0,0,0
46,2001,5,8,3,8,8,8,0,0,0,0,0,0,36047004600,11209,0,31,31,31,0,0,0,0
46,2002,0,3,3,7,3,3,-0.571429,-4,0,0,0,0,36047004600,11209,0,40,43,40,-0.069767,-3,0,0
46,2002,1,5,3,6,5,5,-0.166667,-1,0,0,0,0,36047004600,11209,0,42,43,42,-0.023256,-1,0,0
46,2002,2,5,5,3,5,5,0.666667,2,0,0,0,0,36047004600,11209,0,40,46,40,-0.130435,-6,0,0
46,2002,3,2,5,6,2,2,-0.666667,-4,0,0,0,0,36047004600,11209,1,49,44,49,0.113636,5,0,0
46,2002,4,3,2,3,3,3,0,0,0,0,0,0,36047004600,11209,0,41,38,41,0.078947,3,0,0
46,2002,5,4,3,8,4,4,-0.5,-4,0,0,0,0,36047004600,11209,0,40,31,40,0.290323,9,0,0
46,2003,0,4,4,3,4,4,0.333333,1,0,0,0,0,36047004600,11209,0,44,40,44,0.1,4,0,0
46,2003,1,3,4,5,3,3,-0.4,-2,0,0,0,0,36047004600,11209,0,43,42,43,0.02381,1,0,0
46,2003,2,6,3,5,6,6,0.2,1,0,0,0,0,36047004600,11209,0,40,40,40,0,0,0,0
46,2003,3,3,6,2,3,3,0.5,1,0,0,0,0,36047004600,11209,0,41,49,41,-0.163265,-8,0,0
46,2003,4,3,3,3,3,3,0,0,0,0,0,0,36047004600,11209,1,54,41,54,0.317073,13,0,0
46,2003,5,3,3,4,3,3,-0.25,-1,0,0,0,0,36047004600,11209,0,43,40,43,0.075,3,0,0
46,2004,0,5,5,4,7,7,0.25,1,-0.285714,-2,-0.285714,-2,36047004600,11209,1,44,44,43,0,0,0.023256,1
46,2004,1,4,5,3,6,6,0.333333,1,-0.333333,-2,-0.333333,-2,36047004600,11209,0,44,43,43,0.023256,1,0.023256,1
46,2004,2,3,4,6,3,3,-0.5,-3,0,0,0,0,36047004600,11209,0,43,40,46,0.075,3,-0.065217,-3
46,2004,3,6,3,3,6,6,1,3,0,0,0,0,36047004600,11209,0,37,41,44,-0.097561,-4,-0.159091,-7
46,2004,4,3,6,3,3,3,0,0,0,0,0,0,36047004600,11209,0,44,54,38,-0.185185,-10,0.157895,6
46,2004,5,2,3,3,8,8,-0.333333,-1,-0.75,-6,-0.75,-6,36047004600,11209,1,49,43,31,0.139535,6,0.580645,18
46,2005,0,2,2,5,3,3,-0.6,-3,-0.333333,-1,-0.333333,-1,36047004600,11209,1,42,44,40,-0.045455,-2,0.05,2
46,2005,1,3,2,4,5,5,-0.25,-1,-0.4,-2,-0.4,-2,36047004600,11209,1,50,44,42,0.136364,6,0.190476,8
46,2005,2,4,3,3,5,5,0.333333,1,-0.2,-1,-0.2,-1,36047004600,11209,0,41,43,40,-0.046512,-2,0.025,1
46,2005,3,3,4,6,2,2,-0.5,-3,0.5,1,0.5,1,36047004600,11209,0,41,37,49,0.108108,4,-0.163265,-8
46,2005,4,7,3,3,3,3,1.333333,4,1.333333,4,1.333333,4,36047004600,11209,0,40,44,41,-0.090909,-4,-0.02439,-1
46,2005,5,2,7,2,4,4,0,0,-0.5,-2,-0.5,-2,36047004600,11209,0,44,49,40,-0.102041,-5,0.1,4
46,2006,0,9,9,2,4,4,3.5,7,1.25,5,1.25,5,36047004600,11209,0,58,42,44,0.380952,16,0.318182,14
46,2006,1,4,9,3,3,3,0.333333,1,0.333333,1,0.333333,1,36047004600,11209,1,46,50,43,-0.08,-4,0.069767,3
46,2006,2,5,4,4,6,6,0.25,1,-0.166667,-1,-0.166667,-1,36047004600,11209,1,40,41,40,-0.02439,-1,0,0
46,2006,3,6,5,3,3,3,1,3,1,3,1,3,36047004600,11209,0,40,41,41,-0.02439,-1,-0.02439,-1
46,2006,4,2,6,7,3,3,-0.714286,-5,-0.333333,-1,-0.333333,-1,36047004600,11209,0,37,40,54,-0.075,-3,-0.314815,-17
46,2006,5,8,2,2,3,3,3,6,1.666667,5,1.666667,5,36047004600,11209,0,38,44,43,-0.136364,-6,-0.116279,-5
46,2007,0,13,13,9,5,5,0.444444,4,1.6,8,1.6,8,36047004600,11209,0,63,58,44,0.086207,5,0.431818,19
46,2007,1,10,13,4,4,4,1.5,6,1.5,6,1.5,6,36047004600,11209,0,61,46,44,0.326087,15,0.386364,17
46,2007,2,2,10,5,3,3,-0.6,-3,-0.333333,-1,-0.333333,-1,36047004600,11209,1,44,40,43,0.1,4,0.023256,1
46,2007,3,4,2,6,6,6,-0.333333,-2,-0.333333,-2,-0.333333,-2,36047004600,11209,1,34,40,37,-0.15,-6,-0.081081,-3
46,2007,4,5,4,2,3,3,1.5,3,0.666667,2,0.666667,2,36047004600,11209,1,39,37,44,0.054054,2,-0.113636,-5
46,2007,5,2,5,8,2,2,-0.75,-6,0,0,0,0,36047004600,11209,1,35,38,49,-0.078947,-3,-0.285714,-14
46,2008,0,9,9,13,2,2,-0.307692,-4,3.5,7,3.5,7,36047004600,11209,0,55,63,42,-0.126984,-8,0.309524,13
46,2008,1,12,9,10,3,3,0.2,2,3,9,3,9,36047004600,11209,0,58,61,50,-0.04918,-3,0.16,8
46,2008,2,9,12,2,4,4,3.5,7,1.25,5,1.25,5,36047004600,11209,0,59,44,41,0.340909,15,0.439024,18
46,2008,3,3,9,4,3,3,-0.25,-1,0,0,0,0,36047004600,11209,1,48,34,41,0.411765,14,0.170732,7
46,2008,4,4,3,5,7,7,-0.2,-1,-0.428571,-3,-0.428571,-3,36047004600,11209,1,36,39,40,-0.076923,-3,-0.1,-4
46,2008,5,5,4,2,2,2,1.5,3,1.5,3,1.5,3,36047004600,11209,1,39,35,44,0.114286,4,-0.113636,-5
46,2009,0,9,9,9,9,9,0,0,0,0,0,0,36047004600,11209,0,79,55,58,0.436364,24,0.362069,21
46,2009,1,9,9,12,4,4,-0.25,-3,1.25,5,1.25,5,36047004600,11209,0,62,58,46,0.068966,4,0.347826,16
46,2009,2,16,9,9,5,5,0.777778,7,2.2,11,2.2,11,36047004600,11209,0,65,59,40,0.101695,6,0.625,25
46,2009,3,10,16,3,6,6,2.333333,7,0.666667,4,0.666667,4,36047004600,11209,0,66,48,40,0.375,18,0.65,26
46,2009,4,8,10,4,2,2,1,4,3,6,3,6,36047004600,11209,0,64,36,37,0.777778,28,0.72973,27
46,2009,5,6,8,5,8,8,0.2,1,-0.25,-2,-0.25,-2,36047004600,11209,0,48,39,38,0.230769,9,0.263158,10
46,2010,0,6,6,9,13,13,-0.333333,-3,-0.538462,-7,-0.538462,-7,36047004600,11209,0,72,79,63,-0.088608,-7,0.142857,9
46,2010,1,11,6,9,10,10,0.222222,2,0.1,1,0.1,1,36047004600,11209,0,78,62,61,0.258065,16,0.278689,17
46,2010,2,9,11,16,2,2,-0.4375,-7,3.5,7,3.5,7,36047004600,11209,0,67,65,44,0.030769,2,0.522727,23
46,2010,3,17,9,10,4,4,0.7,7,3.25,13,3.25,13,36047004600,11209,0,63,66,34,-0.045455,-3,0.852941,29
46,2010,4,9,17,8,5,5,0.125,1,0.8,4,0.8,4,36047004600,11209,0,67,64,39,0.046875,3,0.717949,28
46,2010,5,9,9,6,2,2,0.5,3,3.5,7,3.5,7,36047004600,11209,0,63,48,35,0.3125,15,0.8,28
50,2001,0,11,11,11,11,11,0,0,0,0,0,0,36047005000,11209,0,33,33,33,0,0,0,0
50,2001,1,10,11,10,10,10,0,0,0,0,0,0,36047005000,11209,0,41,41,41,0,0,0,0
50,2001,2,17,10,17,17,17,0,0,0,0,0,0,36047005000,11209,0,32,32,32,0,0,0,0
50,2001,3,7,17,7,7,7,0,0,0,0,0,0,36047005000,11209,1,30,30,30,0,0,0,0
50,2001,4,6,7,6,6,6,0,0,0,0,0,0,36047005000,11209,1,33,33,33,0,0,0,0
50,2001,5,7,6,7,7,7,0,0,0,0,0,0,36047005000,11209,0,31,31,31,0,0,0,0
50,2002,0,6,6,11,6,6,-0.454545,-5,0,0,0,0,36047005000,11209,0,32,33,32,-0.030303,-1,0,0
50,2002,1,11,6,10,11,11,0.1,1,0,0,0,0,36047005000,11209,0,35,41,35,-0.146341,-6,0,0
50,2002,2,11,11,17,11,11,-0.352941,-6,0,0,0,0,36047005000,11209,0,33,32,33,0.03125,1,0,0
50,2002,3,16,11,7,16,16,1.285714,9,0,0,0,0,36047005000,11209,0,26,30,26,-0.133333,-4,0,0
50,2002,4,4,16,6,4,4,-0.333333,-2,0,0,0,0,36047005000,11209,1,29,33,29,-0.121212,-4,0,0
50,2002,5,6,4,7,6,6,-0.142857,-1,0,0,0,0,36047005000,11209,1,32,31,32,0.032258,1,0,0
50,2003,0,9,9,6,9,9,0.5,3,0,0,0,0,36047005000,11209,0,32,32,32,0,0,0,0
50,2003,1,4,9,11,4,4,-0.636364,-7,0,0,0,0,36047005000,11209,1,35,35,35,0,0,0,0
50,2003,2,9,4,11,9,9,-0.181818,-2,0,0,0,0,36047005000,11209,0,33,33,33,0,0,0,0
50,2003,3,10,9,16,10,10,-0.375,-6,0,0,0,0,36047005000,11209,0,30,26,30,0.153846,4,0,0
50,2003,4,17,10,4,17,17,3.25,13,0,0,0,0,36047005000,11209,0,38,29,38,0.310345,9,0,0
50,2003,5,5,17,6,5,5,-0.166667,-1,0,0,0,0,36047005000,11209,1,26,32,26,-0.1875,-6,0,0
50,2004,0,7,7,9,11,11,-0.222222,-2,-0.363636,-4,-0.363636,-4,36047005000,11209,1,34,32,33,0.0625,2,0.030303,1
50,2004,1,8,7,4,10,10,1,4,-0.2,-2,-0.2,-2,36047005000,11209,0,28,35,41,-0.2,-7,-0.317073,-13
50,2004,2,4,8,9,17,17,-0.555556,-5,-0.764706,-13,-0.764706,-13,36047005000,11209,0,34,33,32,0.030303,1,0.0625,2
50,2004,3,10,4,10,7,7,0,0,0.428571,3,0.428571,3,36047005000,11209,0,26,30,30,-0.133333,-4,-0.133333,-4
50,2004,4,9,10,17,6,6,-0.470588,-8,0.5,3,0.5,3,36047005000,11209,0,27,38,33,-0.289474,-11,-0.181818,-6
50,2004,5,16,9,5,7,7,2.2,11,1.285714,9,1.285714,9,36047005000,11209,0,32,26,31,0.230769,6,0.032258,1
50,2005,0,8,8,7,6,6,0.142857,1,0.333333,2,0.333333,2,36047005000,11209,1,28,34,32,-0.176471,-6,-0.125,-4
50,2005,1,10,8,8,11,11,0.25,2,-0.090909,-1,-0.090909,-1,36047005000,11209,1,31,28,35,0.107143,3,-0.114286,-4
50,2005,2,8,10,4,11,11,1,4,-0.272727,-3,-0.272727,-3,36047005000,11209,0,21,34,33,-0.382353,-13,-0.363636,-12
50,2005,3,7,8,10,16,16,-0.3,-3,-0.5625,-9,-0.5625,-9,36047005000,11209,0,30,26,26,0.153846,4,0.153846,4
50,2005,4,11,7,9,4,4,0.222222,2,1.75,7,1.75,7,36047005000,11209,0,25,27,29,-0.074074,-2,-0.137931,-4
50,2005,5,9,11,16,6,6,-0.4375,-7,0.5,3,0.5,3,36047005000,11209,0,23,32,32,-0.28125,-9,-0.28125,-9
50,2006,0,17,17,8,9,9,1.125,9,0.888889,8,0.888889,8,36047005000,11209,0,34,28,32,0.214286,6,0.0625,2
50,2006,1,9,17,10,4,4,-0.1,-1,1.25,5,1.25,5,36047005000,11209,0,23,31,35,-0.258065,-8,-0.342857,-12
50,2006,2,6,9,8,9,9,-0.25,-2,-0.333333,-3,-0.333333,-3,36047005000,11209,1,31,21,33,0.47619,10,-0.060606,-2
50,2006,3,8,6,7,10,10,0.142857,1,-0.2,-2,-0.2,-2,36047005000,11209,0,21,30,30,-0.3,-9,-0.3,-9
50,2006,4,6,8,11,17,17,-0.454545,-5,-0.647059,-11,-0.647059,-11,36047005000,11209,0,27,25,38,0.08,2,-0.289474,-11
50,2006,5,11,6,9,5,5,0.222222,2,1.2,6,1.2,6,36047005000,11209,0,21,23,26,-0.086957,-2,-0.192308,-5
50,2007,0,11,11,17,7,7,-0.352941,-6,0.571429,4,0.571429,4,36047005000,11209,1,48,34,34,0.411765,14,0.411765,14
50,2007,1,15,11,9,8,8,0.666667,6,0.875,7,0.875,7,36047005000,11209,0,37,23,28,0.608696,14,0.321429,9
50,2007,2,9,15,6,4,4,0.5,3,1.25,5,1.25,5,36047005000,11209,1,18,31,34,-0.419355,-13,-0.470588,-16
50,2007,3,4,9,8,10,10,-0.5,-4,-0.6,-6,-0.6,-6,36047005000,11209,1,26,21,26,0.238095,5,0,0
50,2007,4,7,4,6,9,9,0.166667,1,-0.222222,-2,-0.222222,-2,36047005000,11209,1,18,27,27,-0.333333,-9,-0.333333,-9
50,2007,5,4,7,11,16,16,-0.636364,-7,-0.75,-12,-0.75,-12,36047005000,11209,1,22,21,32,0.047619,1,-0.3125,-10
50,2008,0,15,15,11,8,8,0.363636,4,0.875,7,0.875,7,36047005000,11209,0,56,48,28,0.166667,8,1,28
50,2008,1,10,15,15,10,10,-0.333333,-5,0,0,0,0,36047005000,11209,1,40,37,31,0.081081,3,0.290323,9
50,2008,2,17,10,9,8,8,0.888889,8,1.125,9,1.125,9,36047005000,11209,0,24,18,21,0.333333,6,0.142857,3
50,2008,3,9,17,4,7,7,1.25,5,0.285714,2,0.285714,2,36047005000,11209,1,20,26,30,-0.230769,-6,-0.333333,-10
50,2008,4,4,9,7,11,11,-0.428571,-3,-0.636364,-7,-0.636364,-7,36047005000,11209,1,21,18,25,0.166667,3,-0.16,-4
50,2008,5,7,4,4,9,9,0.75,3,-0.222222,-2,-0.222222,-2,36047005000,11209,1,17,22,23,-0.227273,-5,-0.26087,-6
50,2009,0,20,20,15,17,17,0.333333,5,0.176471,3,0.176471,3,36047005000,11209,0,56,56,34,0,0,0.647059,22
50,2009,1,17,20,10,9,9,0.7,7,0.888889,8,0.888889,8,36047005000,11209,0,61,40,23,0.525,21,1.652174,38
50,2009,2,13,17,17,6,6,-0.235294,-4,1.166667,7,1.166667,7,36047005000,11209,0,49,24,31,1.041667,25,0.580645,18
50,2009,3,19,13,9,8,8,1.111111,10,1.375,11,1.375,11,36047005000,11209,0,31,20,21,0.55,11,0.47619,10
50,2009,4,15,19,4,6,6,2.75,11,1.5,9,1.5,9,36047005000,11209,0,35,21,27,0.666667,14,0.296296,8
50,2009,5,13,15,7,11,11,0.857143,6,0.181818,2,0.181818,2,36047005000,11209,0,23,17,21,0.352941,6,0.095238,2
50,2010,0,12,12,20,11,11,-0.4,-8,0.090909,1,0.090909,1,36047005000,11209,0,55,56,48,-0.017857,-1,0.145833,7
50,2010,1,24,12,17,15,15,0.411765,7,0.6,9,0.6,9,36047005000,11209,0,45,61,37,-0.262295,-16,0.216216,8
50,2010,2,19,24,13,9,9,0.461538,6,1.111111,10,1.111111,10,36047005000,11209,0,62,49,18,0.265306,13,2.444444,44
50,2010,3,12,19,19,4,4,-0.368421,-7,2,8,2,8,36047005000,11209,0,42,31,26,0.354839,11,0.615385,16
50,2010,4,20,12,15,7,7,0.333333,5,1.857143,13,1.857143,13,36047005000,11209,0,28,35,18,-0.2,-7,0.555556,10
50,2010,5,13,20,13,4,4,0,0,2.25,9,2.25,9,36047005000,11209,0,37,23,22,0.608696,14,0.681818,15
51,2001,5,1,0,1,1,1,0,0,0,0,0,0,36047005100,11231,0,0,0,0,0,0,0,0
54,2001,0,10,10,10,10,10,0,0,0,0,0,0,36047005400,11209,0,44,44,44,0,0,0,0
54,2001,1,14,10,14,14,14,0,0,0,0,0,0,36047005400,11209,0,52,52,52,0,0,0,0
54,2001,2,16,14,16,16,16,0,0,0,0,0,0,36047005400,11209,0,48,48,48,0,0,0,0
54,2001,3,9,16,9,9,9,0,0,0,0,0,0,36047005400,11209,1,40,40,40,0,0,0,0
54,2001,4,13,9,13,13,13,0,0,0,0,0,0,36047005400,11209,0,33,33,33,0,0,0,0
54,2001,5,6,13,6,6,6,0,0,0,0,0,0,36047005400,11209,0,33,33,33,0,0,0,0
54,2002,0,10,10,10,10,10,0,0,0,0,0,0,36047005400,11209,0,45,44,45,0.022727,1,0,0
54,2002,1,11,10,14,11,11,-0.214286,-3,0,0,0,0,36047005400,11209,0,51,52,51,-0.019231,-1,0,0
54,2002,2,11,11,16,11,11,-0.3125,-5,0,0,0,0,36047005400,11209,1,46,48,46,-0.041667,-2,0,0
54,2002,3,10,11,9,10,10,0.111111,1,0,0,0,0,36047005400,11209,0,49,40,49,0.225,9,0,0
54,2002,4,8,10,13,8,8,-0.384615,-5,0,0,0,0,36047005400,11209,0,38,33,38,0.151515,5,0,0
54,2002,5,9,8,6,9,9,0.5,3,0,0,0,0,36047005400,11209,1,35,33,35,0.060606,2,0,0
54,2003,0,12,12,10,12,12,0.2,2,0,0,0,0,36047005400,11209,0,38,45,38,-0.155556,-7,0,0
54,2003,1,14,12,11,14,14,0.272727,3,0,0,0,0,36047005400,11209,0,43,51,43,-0.156863,-8,0,0
54,2003,2,13,14,11,13,13,0.181818,2,0,0,0,0,36047005400,11209,0,41,46,41,-0.108696,-5,0,0
54,2003,3,12,13,10,12,12,0.2,2,0,0,0,0,36047005400,11209,0,42,49,42,-0.142857,-7,0,0
54,2003,4,15,12,8,15,15,0.875,7,0,0,0,0,36047005400,11209,0,53,38,53,0.394737,15,0,0
54,2003,5,7,15,9,7,7,-0.222222,-2,0,0,0,0,36047005400,11209,0,36,35,36,0.028571,1,0,0
54,2004,0,11,11,12,10,10,-0.083333,-1,0.1,1,0.1,1,36047005400,11209,0,34,38,44,-0.105263,-4,-0.227273,-10
54,2004,1,7,11,14,14,14,-0.5,-7,-0.5,-7,-0.5,-7,36047005400,11209,0,42,43,52,-0.023256,-1,-0.192308,-10
54,2004,2,14,7,13,16,16,0.076923,1,-0.125,-2,-0.125,-2,36047005400,11209,0,41,41,48,0,0,-0.145833,-7
54,2004,3,9,14,12,9,9,-0.25,-3,0,0,0,0,36047005400,11209,0,33,42,40,-0.214286,-9,-0.175,-7
54,2004,4,8,9,15,13,13,-0.466667,-7,-0.384615,-5,-0.384615,-5,36047005400,11209,1,37,53,33,-0.301887,-16,0.121212,4
54,2004,5,14,8,7,6,6,1,7,1.333333,8,1.333333,8,36047005400,11209,0,44,36,33,0.222222,8,0.333333,11
54,2005,0,8,8,11,10,10,-0.272727,-3,-0.2,-2,-0.2,-2,36047005400,11209,1,40,34,45,0.176471,6,-0.111111,-5
54,2005,1,10,8,7,11,11,0.428571,3,-0.090909,-1,-0.090909,-1,36047005400,11209,0,39,42,51,-0.071429,-3,-0.235294,-12
54,2005,2,3,10,14,11,11,-0.785714,-11,-0.727273,-8,-0.727273,-8,36047005400,11209,1,36,41,46,-0.121951,-5,-0.217391,-10
54,2005,3,13,3,9,10,10,0.444444,4,0.3,3,0.3,3,36047005400,11209,0,35,33,49,0.060606,2,-0.285714,-14
54,2005,4,6,13,8,8,8,-0.25,-2,-0.25,-2,-0.25,-2,36047005400,11209,0,34,37,38,-0.081081,-3,-0.105263,-4
54,2005,5,6,6,14,9,9,-0.571429,-8,-0.333333,-3,-0.333333,-3,36047005400,11209,0,34,44,35,-0.227273,-10,-0.028571,-1
54,2006,0,6,6,8,12,12,-0.25,-2,-0.5,-6,-0.5,-6,36047005400,11209,1,49,40,38,0.225,9,0.289474,11
54,2006,1,8,6,10,14,14,-0.2,-2,-0.428571,-6,-0.428571,-6,36047005400,11209,1,32,39,43,-0.179487,-7,-0.255814,-11
54,2006,2,10,8,3,13,13,2.333333,7,-0.230769,-3,-0.230769,-3,36047005400,11209,0,32,36,41,-0.111111,-4,-0.219512,-9
54,2006,3,3,10,13,12,12,-0.769231,-10,-0.75,-9,-0.75,-9,36047005400,11209,1,31,35,42,-0.114286,-4,-0.261905,-11
54,2006,4,11,3,6,15,15,0.833333,5,-0.266667,-4,-0.266667,-4,36047005400,11209,0,37,34,53,0.088235,3,-0.301887,-16
54,2006,5,3,11,6,7,7,-0.5,-3,-0.571429,-4,-0.571429,-4,36047005400,11209,0,27,34,36,-0.205882,-7,-0.25,-9
54,2007,0,16,16,6,11,11,1.666667,10,0.454545,5,0.454545,5,36047005400,11209,0,54,49,34,0.102041,5,0.588235,20
54,2007,1,6,16,8,7,7,-0.25,-2,-0.142857,-1,-0.142857,-1,36047005400,11209,1,49,32,42,0.53125,17,0.166667,7
54,2007,2,6,6,10,14,14,-0.4,-4,-0.571429,-8,-0.571429,-8,36047005400,11209,1,27,32,41,-0.15625,-5,-0.341463,-14
54,2007,3,11,6,3,9,9,2.666667,8,0.222222,2,0.222222,2,36047005400,11209,0,25,31,33,-0.193548,-6,-0.242424,-8
54,2007,4,2,11,11,8,8,-0.818182,-9,-0.75,-6,-0.75,-6,36047005400,11209,1,28,37,37,-0.243243,-9,-0.243243,-9
54,2007,5,7,2,3,14,14,1.333333,4,-0.5,-7,-0.5,-7,36047005400,11209,0,31,27,44,0.148148,4,-0.295455,-13
54,2008,0,23,23,16,8,8,0.4375,7,1.875,15,1.875,15,36047005400,11209,0,67,54,40,0.240741,13,0.675,27
54,2008,1,11,23,6,10,10,0.833333,5,0.1,1,0.1,1,36047005400,11209,0,47,49,39,-0.040816,-2,0.205128,8
54,2008,2,2,11,6,3,3,-0.666667,-4,-0.333333,-1,-0.333333,-1,36047005400,11209,1,44,27,36,0.62963,17,0.222222,8
54,2008,3,7,2,11,13,13,-0.363636,-4,-0.461538,-6,-0.461538,-6,36047005400,11209,0,27,25,35,0.08,2,-0.228571,-8
54,2008,4,7,7,2,6,6,2.5,5,0.166667,1,0.166667,1,36047005400,11209,0,21,28,34,-0.25,-7,-0.382353,-13
54,2008,5,2,7,7,6,6,-0.714286,-5,-0.666667,-4,-0.666667,-4,36047005400,11209,1,26,31,34,-0.16129,-5,-0.235294,-8
54,2009,0,11,11,23,6,6,-0.521739,-12,0.833333,5,0.833333,5,36047005400,11209,0,82,67,49,0.223881,15,0.673469,33
54,2009,1,27,11,11,8,8,1.454545,16,2.375,19,2.375,19,36047005400,11209,0,77,47,32,0.638298,30,1.40625,45
54,2009,2,14,27,2,10,10,6,12,0.4,4,0.4,4,36047005400,11209,0,53,44,32,0.204545,9,0.65625,21
54,2009,3,4,14,7,3,3,-0.428571,-3,0.333333,1,0.333333,1,36047005400,11209,0,49,27,31,0.814815,22,0.580645,18
54,2009,4,5,4,7,11,11,-0.285714,-2,-0.545455,-6,-0.545455,-6,36047005400,11209,0,51,21,37,1.428571,30,0.378378,14
54,2009,5,6,5,2,3,3,2,4,1,3,1,3,36047005400,11209,0,39,26,27,0.5,13,0.444444,12
54,2010,0,16,16,11,16,16,0.454545,5,0,0,0,0,36047005400,11209,0,84,82,54,0.02439,2,0.555556,30
54,2010,1,7,16,27,6,6,-0.740741,-20,0.166667,1,0.166667,1,36047005400,11209,0,76,77,49,-0.012987,-1,0.55102,27
54,2010,2,23,7,14,6,6,0.642857,9,2.833333,17,2.833333,17,36047005400,11209,0,79,53,27,0.490566,26,1.925926,52
54,2010,3,8,23,4,11,11,1,4,-0.272727,-3,-0.272727,-3,36047005400,11209,0,48,49,25,-0.020408,-1,0.92,23
54,2010,4,3,8,5,2,2,-0.4,-2,0.5,1,0.5,1,36047005400,11209,0,46,51,28,-0.098039,-5,0.642857,18
54,2010,5,5,3,6,7,7,-0.166667,-1,-0.285714,-2,-0.285714,-2,36047005400,11209,0,48,39,31,0.230769,9,0.548387,17
58,2001,0,16,16,16,16,16,0,0,0,0,0,0,36047005800,11209,0,91,91,91,0,0,0,0
58,2001,1,15,16,15,15,15,0,0,0,0,0,0,36047005800,11209,0,117,117,117,0,0,0,0
58,2001,2,12,15,12,12,12,0,0,0,0,0,0,36047005800,11209,1,92,92,92,0,0,0,0
58,2001,3,15,12,15,15,15,0,0,0,0,0,0,36047005800,11209,0,96,96,96,0,0,0,0
58,2001,4,8,15,8,8,8,0,0,0,0,0,0,36047005800,11209,1,67,67,67,0,0,0,0
58,2001,5,7,8,7,7,7,0,0,0,0,0,0,36047005800,11209,1,69,69,69,0,0,0,0
58,2002,0,16,16,16,16,16,0,0,0,0,0,0,36047005800,11209,0,90,91,90,-0.010989,-1,0,0
58,2002,1,19,16,15,19,19,0.266667,4,0,0,0,0,36047005800,11209,0,83,117,83,-0.290598,-34,0,0
58,2002,2,13,19,12,13,13,0.083333,1,0,0,0,0,36047005800,11209,1,106,92,106,0.152174,14,0,0
58,2002,3,15,13,15,15,15,0,0,0,0,0,0,36047005800,11209,0,88,96,88,-0.083333,-8,0,0
58,2002,4,14,15,8,14,14,0.75,6,0,0,0,0,36047005800,11209,0,82,67,82,0.223881,15,0,0
58,2002,5,9,14,7,9,9,0.285714,2,0,0,0,0,36047005800,11209,0,57,69,57,-0.173913,-12,0,0
58,2003,0,10,10,16,10,10,-0.375,-6,0,0,0,0,36047005800,11209,0,89,90,89,-0.011111,-1,0,0
58,2003,1,17,10,19,17,17,-0.105263,-2,0,0,0,0,36047005800,11209,0,94,83,94,0.13253,11,0,0
58,2003,2,15,17,13,15,15,0.153846,2,0,0,0,0,36047005800,11209,0,86,106,86,-0.188679,-20,0,0
58,2003,3,11,15,15,11,11,-0.266667,-4,0,0,0,0,36047005800,11209,0,98,88,98,0.113636,10,0,0
58,2003,4,13,11,14,13,13,-0.071429,-1,0,0,0,0,36047005800,11209,0,80,82,80,-0.02439,-2,0,0
58,2003,5,15,13,9,15,15,0.666667,6,0,0,0,0,36047005800,11209,0,84,57,84,0.473684,27,0,0
58,2004,0,9,9,10,16,16,-0.1,-1,-0.4375,-7,-0.4375,-7,36047005800,11209,0,88,89,91,-0.011236,-1,-0.032967,-3
58,2004,1,14,9,17,15,15,-0.176471,-3,-0.066667,-1,-0.066667,-1,36047005800,11209,0,81,94,117,-0.138298,-13,-0.307692,-36
58,2004,2,16,14,15,12,12,0.066667,1,0.333333,4,0.333333,4,36047005800,11209,0,97,86,92,0.127907,11,0.054348,5
58,2004,3,10,16,11,15,15,-0.090909,-1,-0.333333,-5,-0.333333,-5,36047005800,11209,0,84,98,96,-0.142857,-14,-0.125,-12
58,2004,4,8,10,13,8,8,-0.384615,-5,0,0,0,0,36047005800,11209,1,98,80,67,0.225,18,0.462687,31
58,2004,5,9,8,15,7,7,-0.4,-6,0.285714,2,0.285714,2,36047005800,11209,0,82,84,69,-0.02381,-2,0.188406,13
58,2005,0,9,9,9,16,16,0,0,-0.4375,-7,-0.4375,-7,36047005800,11209,1,86,88,90,-0.022727,-2,-0.044444,-4
58,2005,1,11,9,14,19,19,-0.214286,-3,-0.421053,-8,-0.421053,-8,36047005800,11209,0,86,81,83,0.061728,5,0.036145,3
58,2005,2,11,11,16,13,13,-0.3125,-5,-0.153846,-2,-0.153846,-2,36047005800,11209,0,70,97,106,-0.278351,-27,-0.339623,-36
58,2005,3,11,11,10,15,15,0.1,1,-0.266667,-4,-0.266667,-4,36047005800,11209,0,93,84,88,0.107143,9,0.056818,5
58,2005,4,10,11,8,14,14,0.25,2,-0.285714,-4,-0.285714,-4,36047005800,11209,0,74,98,82,-0.244898,-24,-0.097561,-8
58,2005,5,7,10,9,9,9,-0.222222,-2,-0.222222,-2,-0.222222,-2,36047005800,11209,1,91,82,57,0.109756,9,0.596491,34
58,2006,0,9,9,9,10,10,0,0,-0.1,-1,-0.1,-1,36047005800,11209,1,101,86,89,0.174419,15,0.134831,12
58,2006,1,7,9,11,17,17,-0.363636,-4,-0.588235,-10,-0.588235,-10,36047005800,11209,1,90,86,94,0.046512,4,-0.042553,-4
58,2006,2,9,7,11,15,15,-0.181818,-2,-0.4,-6,-0.4,-6,36047005800,11209,0,80,70,86,0.142857,10,-0.069767,-6
58,2006,3,8,9,11,11,11,-0.272727,-3,-0.272727,-3,-0.272727,-3,36047005800,11209,0,72,93,98,-0.225806,-21,-0.265306,-26
58,2006,4,14,8,10,13,13,0.4,4,0.076923,1,0.076923,1,36047005800,11209,0,80,74,80,0.081081,6,0,0
58,2006,5,5,14,7,15,15,-0.285714,-2,-0.666667,-10,-0.666667,-10,36047005800,11209,0,65,91,84,-0.285714,-26,-0.22619,-19
58,2007,0,20,20,9,9,9,1.222222,11,1.222222,11,1.222222,11,36047005800,11209,1,95,101,88,-0.059406,-6,0.079545,7
58,2007,1,9,20,7,14,14,0.285714,2,-0.357143,-5,-0.357143,-5,36047005800,11209,1,98,90,81,0.088889,8,0.209877,17
58,2007,2,4,9,9,16,16,-0.555556,-5,-0.75,-12,-0.75,-12,36047005800,11209,1,73,80,97,-0.0875,-7,-0.247423,-24
58,2007,3,9,4,8,10,10,0.125,1,-0.1,-1,-0.1,-1,36047005800,11209,0,73,72,84,0.013889,1,-0.130952,-11
58,2007,4,7,9,14,8,8,-0.5,-7,-0.125,-1,-0.125,-1,36047005800,11209,1,54,80,98,-0.325,-26,-0.44898,-44
58,2007,5,11,7,5,9,9,1.2,6,0.222222,2,0.222222,2,36047005800,11209,0,70,65,82,0.076923,5,-0.146341,-12
58,2008,0,24,24,20,9,9,0.2,4,1.666667,15,1.666667,15,36047005800,11209,1,157,95,86,0.652632,62,0.825581,71
58,2008,1,15,24,9,11,11,0.666667,6,0.363636,4,0.363636,4,36047005800,11209,1,91,98,86,-0.071429,-7,0.05814,5
58,2008,2,10,15,4,11,11,1.5,6,-0.090909,-1,-0.090909,-1,36047005800,11209,1,98,73,70,0.342466,25,0.4,28
58,2008,3,5,10,9,11,11,-0.444444,-4,-0.545455,-6,-0.545455,-6,36047005800,11209,1,72,73,93,-0.013699,-1,-0.225806,-21
58,2008,4,6,5,7,10,10,-0.142857,-1,-0.4,-4,-0.4,-4,36047005800,11209,0,59,54,74,0.092593,5,-0.202703,-15
58,2008,5,6,6,11,7,7,-0.454545,-5,-0.142857,-1,-0.142857,-1,36047005800,11209,1,50,70,91,-0.285714,-20,-0.450549,-41
58,2009,0,23,23,24,9,9,-0.041667,-1,1.555556,14,1.555556,14,36047005800,11209,0,106,157,101,-0.324841,-51,0.049505,5
58,2009,1,27,23,15,7,7,0.8,12,2.857143,20,2.857143,20,36047005800,11209,0,180,91,90,0.978022,89,1,90
58,2009,2,19,27,10,9,9,0.9,9,1.111111,10,1.111111,10,36047005800,11209,0,110,98,80,0.122449,12,0.375,30
58,2009,3,8,19,5,8,8,0.6,3,0,0,0,0,36047005800,11209,0,103,72,72,0.430556,31,0.430556,31
58,2009,4,11,8,6,14,14,0.833333,5,-0.214286,-3,-0.214286,-3,36047005800,11209,0,86,59,80,0.457627,27,0.075,6
58,2009,5,13,11,6,5,5,1.166667,7,1.6,8,1.6,8,36047005800,11209,0,84,50,65,0.68,34,0.292308,19
58,2010,0,33,33,23,20,20,0.434783,10,0.65,13,0.65,13,36047005800,11209,0,137,106,95,0.292453,31,0.442105,42
58,2010,1,22,33,27,9,9,-0.185185,-5,1.444444,13,1.444444,13,36047005800,11209,0,108,180,98,-0.4,-72,0.102041,10
58,2010,2,22,22,19,4,4,0.157895,3,4.5,18,4.5,18,36047005800,11209,0,181,110,73,0.645455,71,1.479452,108
58,2010,3,17,22,8,9,9,1.125,9,0.888889,8,0.888889,8,36047005800,11209,0,108,103,73,0.048544,5,0.479452,35
58,2010,4,8,17,11,7,7,-0.272727,-3,0.142857,1,0.142857,1,36047005800,11209,0,94,86,54,0.093023,8,0.740741,40
58,2010,5,9,8,13,11,11,-0.307692,-4,-0.181818,-2,-0.181818,-2,36047005800,11209,0,87,84,70,0.035714,3,0.242857,17
60,2001,0,21,21,21,21,21,0,0,0,0,0,0,36047006000,11209,0,98,98,98,0,0,0,0
60,2001,1,24,21,24,24,24,0,0,0,0,0,0,36047006000,11209,0,121,121,121,0,0,0,0
60,2001,2,23,24,23,23,23,0,0,0,0,0,0,36047006000,11209,0,94,94,94,0,0,0,0
60,2001,3,19,23,19,19,19,0,0,0,0,0,0,36047006000,11209,1,106,106,106,0,0,0,0
60,2001,4,14,19,14,14,14,0,0,0,0,0,0,36047006000,11209,0,69,69,69,0,0,0,0
60,2001,5,19,14,19,19,19,0,0,0,0,0,0,36047006000,11209,0,75,75,75,0,0,0,0
60,2002,0,23,23,21,23,23,0.095238,2,0,0,0,0,36047006000,11209,0,92,98,92,-0.061224,-6,0,0
60,2002,1,17,23,24,17,17,-0.291667,-7,0,0,0,0,36047006000,11209,0,96,121,96,-0.206612,-25,0,0
60,2002,2,21,17,23,21,21,-0.086957,-2,0,0,0,0,36047006000,11209,0,115,94,115,0.223404,21,0,0
60,2002,3,21,21,19,21,21,0.105263,2,0,0,0,0,36047006000,11209,0,103,106,103,-0.028302,-3,0,0
60,2002,4,13,21,14,13,13,-0.071429,-1,0,0,0,0,36047006000,11209,1,102,69,102,0.478261,33,0,0
60,2002,5,13,13,19,13,13,-0.315789,-6,0,0,0,0,36047006000,11209,1,64,75,64,-0.146667,-11,0,0
60,2003,0,19,19,23,19,19,-0.173913,-4,0,0,0,0,36047006000,11209,0,84,92,84,-0.086957,-8,0,0
60,2003,1,22,19,17,22,22,0.294118,5,0,0,0,0,36047006000,11209,0,92,96,92,-0.041667,-4,0,0
60,2003,2,16,22,21,16,16,-0.238095,-5,0,0,0,0,36047006000,11209,0,89,115,89,-0.226087,-26,0,0
60,2003,3,26,16,21,26,26,0.238095,5,0,0,0,0,36047006000,11209,0,97,103,97,-0.058252,-6,0,0
60,2003,4,15,26,13,15,15,0.153846,2,0,0,0,0,36047006000,11209,0,93,102,93,-0.088235,-9,0,0
60,2003,5,14,15,13,14,14,0.076923,1,0,0,0,0,36047006000,11209,1,106,64,106,0.65625,42,0,0
60,2004,0,15,15,19,21,21,-0.210526,-4,-0.285714,-6,-0.285714,-6,36047006000,11209,1,94,84,98,0.119048,10,-0.040816,-4
60,2004,1,18,15,22,24,24,-0.181818,-4,-0.25,-6,-0.25,-6,36047006000,11209,0,86,92,121,-0.065217,-6,-0.289256,-35
60,2004,2,21,18,16,23,23,0.3125,5,-0.086957,-2,-0.086957,-2,36047006000,11209,0,97,89,94,0.089888,8,0.031915,3
60,2004,3,11,21,26,19,19,-0.576923,-15,-0.421053,-8,-0.421053,-8,36047006000,11209,1,92,97,106,-0.051546,-5,-0.132075,-14
60,2004,4,27,11,15,14,14,0.8,12,0.928571,13,0.928571,13,36047006000,11209,0,102,93,69,0.096774,9,0.478261,33
60,2004,5,18,27,14,19,19,0.285714,4,-0.052632,-1,-0.052632,-1,36047006000,11209,0,92,106,75,-0.132075,-14,0.226667,17
60,2005,0,15,15,15,23,23,0,0,-0.347826,-8,-0.347826,-8,36047006000,11209,1,96,94,92,0.021277,2,0.043478,4
60,2005,1,11,15,18,17,17,-0.388889,-7,-0.352941,-6,-0.352941,-6,36047006000,11209,1,104,86,96,0.209302,18,0.083333,8
60,2005,2,18,11,21,21,21,-0.142857,-3,-0.142857,-3,-0.142857,-3,36047006000,11209,0,77,97,115,-0.206186,-20,-0.330435,-38
60,2005,3,22,18,11,21,21,1,11,0.047619,1,0.047619,1,36047006000,11209,0,87,92,103,-0.054348,-5,-0.15534,-16
60,2005,4,10,22,27,13,13,-0.62963,-17,-0.230769,-3,-0.230769,-3,36047006000,11209,1,89,102,102,-0.127451,-13,-0.127451,-13
60,2005,5,24,10,18,13,13,0.333333,6,0.846154,11,0.846154,11,36047006000,11209,0,100,92,64,0.086957,8,0.5625,36
60,2006,0,24,24,15,19,19,0.6,9,0.263158,5,0.263158,5,36047006000,11209,1,116,96,84,0.208333,20,0.380952,32
60,2006,1,14,24,11,22,22,0.272727,3,-0.363636,-8,-0.363636,-8,36047006000,11209,1,94,104,92,-0.096154,-10,0.021739,2
60,2006,2,11,14,18,16,16,-0.388889,-7,-0.3125,-5,-0.3125,-5,36047006000,11209,1,89,77,89,0.155844,12,0,0
60,2006,3,18,11,22,26,26,-0.181818,-4,-0.307692,-8,-0.307692,-8,36047006000,11209,0,78,87,97,-0.103448,-9,-0.195876,-19
60,2006,4,19,18,10,15,15,0.9,9,0.266667,4,0.266667,4,36047006000,11209,0,82,89,93,-0.078652,-7,-0.11828,-11
60,2006,5,10,19,24,14,14,-0.583333,-14,-0.285714,-4,-0.285714,-4,36047006000,11209,0,78,100,106,-0.22,-22,-0.264151,-28
60,2007,0,24,24,24,15,15,0,0,0.6,9,0.6,9,36047006000,11209,0,95,116,94,-0.181034,-21,0.010638,1
60,2007,1,23,24,14,18,18,0.642857,9,0.277778,5,0.277778,5,36047006000,11209,1,106,94,86,0.12766,12,0.232558,20
60,2007,2,13,23,11,21,21,0.181818,2,-0.380952,-8,-0.380952,-8,36047006000,11209,1,79,89,97,-0.11236,-10,-0.185567,-18
60,2007,3,10,13,18,11,11,-0.444444,-8,-0.090909,-1,-0.090909,-1,36047006000,11209,1,76,78,92,-0.025641,-2,-0.173913,-16
60,2007,4,13,10,19,27,27,-0.315789,-6,-0.518519,-14,-0.518519,-14,36047006000,11209,1,61,82,102,-0.256098,-21,-0.401961,-41
60,2007,5,20,13,10,18,18,1,10,0.111111,2,0.111111,2,36047006000,11209,1,70,78,92,-0.102564,-8,-0.23913,-22
60,2008,0,27,27,24,15,15,0.125,3,0.8,12,0.8,12,36047006000,11209,1,165,95,96,0.736842,70,0.71875,69
60,2008,1,25,27,23,11,11,0.086957,2,1.272727,14,1.272727,14,36047006000,11209,1,88,106,104,-0.169811,-18,-0.153846,-16
60,2008,2,28,25,13,18,18,1.153846,15,0.555556,10,0.555556,10,36047006000,11209,1,107,79,77,0.35443,28,0.38961,30
60,2008,3,14,28,10,22,22,0.4,4,-0.363636,-8,-0.363636,-8,36047006000,11209,1,79,76,87,0.039474,3,-0.091954,-8
60,2008,4,7,14,13,10,10,-0.461538,-6,-0.3,-3,-0.3,-3,36047006000,11209,1,67,61,89,0.098361,6,-0.247191,-22
60,2008,5,11,7,20,24,24,-0.45,-9,-0.541667,-13,-0.541667,-13,36047006000,11209,1,59,70,100,-0.157143,-11,-0.41,-41
60,2009,0,24,24,27,24,24,-0.111111,-3,0,0,0,0,36047006000,11209,0,128,165,116,-0.224242,-37,0.103448,12
60,2009,1,32,24,25,14,14,0.28,7,1.285714,18,1.285714,18,36047006000,11209,0,185,88,94,1.102273,97,0.968085,91
60,2009,2,32,32,28,11,11,0.142857,4,1.909091,21,1.909091,21,36047006000,11209,0,105,107,89,-0.018692,-2,0.179775,16
60,2009,3,32,32,14,18,18,1.285714,18,0.777778,14,0.777778,14,36047006000,11209,0,107,79,78,0.35443,28,0.371795,29
60,2009,4,24,32,7,19,19,2.428571,17,0.263158,5,0.263158,5,36047006000,11209,0,103,67,82,0.537313,36,0.256098,21
60,2009,5,24,24,11,10,10,1.181818,13,1.4,14,1.4,14,36047006000,11209,0,101,59,78,0.711864,42,0.294872,23
60,2010,0,35,35,24,24,24,0.458333,11,0.458333,11,0.458333,11,36047006000,11209,0,153,128,95,0.195313,25,0.610526,58
60,2010,1,32,35,32,23,23,0,0,0.391304,9,0.391304,9,36047006000,11209,0,128,185,106,-0.308108,-57,0.207547,22
60,2010,2,35,32,32,13,13,0.09375,3,1.692308,22,1.692308,22,36047006000,11209,0,177,105,79,0.685714,72,1.240506,98
60,2010,3,33,35,32,10,10,0.03125,1,2.3,23,2.3,23,36047006000,11209,0,106,107,76,-0.009346,-1,0.394737,30
60,2010,4,30,33,24,13,13,0.25,6,1.307692,17,1.307692,17,36047006000,11209,0,103,103,61,0,0,0.688525,42
60,2010,5,26,30,24,20,20,0.083333,2,0.3,6,0.3,6,36047006000,11209,0,101,101,70,0,0,0.442857,31
62,2001,0,26,26,26,26,26,0,0,0,0,0,0,36047006200,11209,0,121,121,121,0,0,0,0
62,2001,1,33,26,33,33,33,0,0,0,0,0,0,36047006200,11209,0,132,132,132,0,0,0,0
62,2001,2,28,33,28,28,28,0,0,0,0,0,0,36047006200,11209,0,118,118,118,0,0,0,0
62,2001,3,34,28,34,34,34,0,0,0,0,0,0,36047006200,11209,0,113,113,113,0,0,0,0
62,2001,4,22,34,22,22,22,0,0,0,0,0,0,36047006200,11209,1,76,76,76,0,0,0,0
62,2001,5,16,22,16,16,16,0,0,0,0,0,0,36047006200,11209,1,102,102,102,0,0,0,0
62,2002,0,16,16,26,16,16,-0.384615,-10,0,0,0,0,36047006200,11209,0,115,121,115,-0.049587,-6,0,0
62,2002,1,22,16,33,22,22,-0.333333,-11,0,0,0,0,36047006200,11209,0,121,132,121,-0.083333,-11,0,0
62,2002,2,35,22,28,35,35,0.25,7,0,0,0,0,36047006200,11209,0,126,118,126,0.067797,8,0,0
62,2002,3,30,35,34,30,30,-0.117647,-4,0,0,0,0,36047006200,11209,0,121,113,121,0.070796,8,0,0
62,2002,4,30,30,22,30,30,0.363636,8,0,0,0,0,36047006200,11209,0,103,76,103,0.355263,27,0,0
62,2002,5,19,30,16,19,19,0.1875,3,0,0,0,0,36047006200,11209,1,71,102,71,-0.303922,-31,0,0
62,2003,0,21,21,16,21,21,0.3125,5,0,0,0,0,36047006200,11209,0,106,115,106,-0.078261,-9,0,0
62,2003,1,20,21,22,20,20,-0.090909,-2,0,0,0,0,36047006200,11209,0,114,121,114,-0.057851,-7,0,0
62,2003,2,19,20,35,19,19,-0.457143,-16,0,0,0,0,36047006200,11209,0,114,126,114,-0.095238,-12,0,0
62,2003,3,25,19,30,25,25,-0.166667,-5,0,0,0,0,36047006200,11209,0,127,121,127,0.049587,6,0,0
62,2003,4,27,25,30,27,27,-0.1,-3,0,0,0,0,36047006200,11209,0,107,103,107,0.038835,4,0,0
62,2003,5,31,27,19,31,31,0.631579,12,0,0,0,0,36047006200,11209,0,109,71,109,0.535211,38,0,0
62,2004,0,14,14,21,26,26,-0.333333,-7,-0.461538,-12,-0.461538,-12,36047006200,11209,1,114,106,121,0.075472,8,-0.057851,-7
62,2004,1,24,14,20,33,33,0.2,4,-0.272727,-9,-0.272727,-9,36047006200,11209,0,102,114,132,-0.105263,-12,-0.227273,-30
62,2004,2,20,24,19,28,28,0.052632,1,-0.285714,-8,-0.285714,-8,36047006200,11209,0,113,114,118,-0.008772,-1,-0.042373,-5
62,2004,3,24,20,25,34,34,-0.04,-1,-0.294118,-10,-0.294118,-10,36047006200,11209,0,110,127,113,-0.133858,-17,-0.026549,-3
62,2004,4,28,24,27,22,22,0.037037,1,0.272727,6,0.272727,6,36047006200,11209,0,133,107,76,0.242991,26,0.75,57
62,2004,5,28,28,31,16,16,-0.096774,-3,0.75,12,0.75,12,36047006200,11209,0,107,109,102,-0.018349,-2,0.04902,5
62,2005,0,14,14,14,16,16,0,0,-0.125,-2,-0.125,-2,36047006200,11209,1,112,114,115,-0.017544,-2,-0.026087,-3
62,2005,1,14,14,24,22,22,-0.416667,-10,-0.363636,-8,-0.363636,-8,36047006200,11209,1,118,102,121,0.156863,16,-0.024793,-3
62,2005,2,17,14,20,35,35,-0.15,-3,-0.514286,-18,-0.514286,-18,36047006200,11209,0,99,113,126,-0.123894,-14,-0.214286,-27
62,2005,3,14,17,24,30,30,-0.416667,-10,-0.533333,-16,-0.533333,-16,36047006200,11209,0,112,110,121,0.018182,2,-0.07438,-9
62,2005,4,19,14,28,30,30,-0.321429,-9,-0.366667,-11,-0.366667,-11,36047006200,11209,0,113,133,103,-0.150376,-20,0.097087,10
62,2005,5,26,19,28,19,19,-0.071429,-2,0.368421,7,0.368421,7,36047006200,11209,0,125,107,71,0.168224,18,0.760563,54
62,2006,0,26,26,14,21,21,0.857143,12,0.238095,5,0.238095,5,36047006200,11209,1,139,112,106,0.241071,27,0.311321,33
62,2006,1,19,26,14,20,20,0.357143,5,-0.05,-1,-0.05,-1,36047006200,11209,1,110,118,114,-0.067797,-8,-0.035088,-4
62,2006,2,11,19,17,19,19,-0.352941,-6,-0.421053,-8,-0.421053,-8,36047006200,11209,1,110,99,114,0.111111,11,-0.035088,-4
62,2006,3,17,11,14,25,25,0.214286,3,-0.32,-8,-0.32,-8,36047006200,11209,0,103,112,127,-0.080357,-9,-0.188976,-24
62,2006,4,11,17,19,27,27,-0.421053,-8,-0.592593,-16,-0.592593,-16,36047006200,11209,0,112,113,107,-0.00885,-1,0.046729,5
62,2006,5,20,11,26,31,31,-0.230769,-6,-0.354839,-11,-0.354839,-11,36047006200,11209,0,100,125,109,-0.2,-25,-0.082569,-9
62,2007,0,30,30,26,14,14,0.153846,4,1.142857,16,1.142857,16,36047006200,11209,1,116,139,114,-0.165468,-23,0.017544,2
62,2007,1,27,30,19,24,24,0.421053,8,0.125,3,0.125,3,36047006200,11209,1,130,110,102,0.181818,20,0.27451,28
62,2007,2,17,27,11,20,20,0.545455,6,-0.15,-3,-0.15,-3,36047006200,11209,1,98,110,113,-0.109091,-12,-0.132743,-15
62,2007,3,9,17,17,24,24,-0.470588,-8,-0.625,-15,-0.625,-15,36047006200,11209,1,99,103,110,-0.038835,-4,-0.1,-11
62,2007,4,15,9,11,28,28,0.363636,4,-0.464286,-13,-0.464286,-13,36047006200,11209,1,84,112,133,-0.25,-28,-0.368421,-49
62,2007,5,11,15,20,28,28,-0.45,-9,-0.607143,-17,-0.607143,-17,36047006200,11209,1,102,100,107,0.02,2,-0.046729,-5
62,2008,0,35,35,30,14,14,0.166667,5,1.5,21,1.5,21,36047006200,11209,0,171,116,112,0.474138,55,0.526786,59
62,2008,1,32,35,27,14,14,0.185185,5,1.285714,18,1.285714,18,36047006200,11209,0,108,130,118,-0.169231,-22,-0.084746,-10
62,2008,2,30,32,17,17,17,0.764706,13,0.764706,13,0.764706,13,36047006200,11209,1,132,98,99,0.346939,34,0.333333,33
62,2008,3,18,30,9,14,14,1,9,0.285714,4,0.285714,4,36047006200,11209,1,98,99,112,-0.010101,-1,-0.125,-14
62,2008,4,12,18,15,19,19,-0.2,-3,-0.368421,-7,-0.368421,-7,36047006200,11209,1,77,84,113,-0.083333,-7,-0.318584,-36
62,2008,5,14,12,11,26,26,0.272727,3,-0.461538,-12,-0.461538,-12,36047006200,11209,1,81,102,125,-0.205882,-21,-0.352,-44
62,2009,0,33,33,35,26,26,-0.057143,-2,0.269231,7,0.269231,7,36047006200,11209,0,143,171,139,-0.163743,-28,0.028777,4
62,2009,1,34,33,32,19,19,0.0625,2,0.789474,15,0.789474,15,36047006200,11209,0,196,108,110,0.814815,88,0.781818,86
62,2009,2,34,34,30,11,11,0.133333,4,2.090909,23,2.090909,23,36047006200,11209,0,132,132,110,0,0,0.2,22
62,2009,3,35,34,18,17,17,0.944444,17,1.058824,18,1.058824,18,36047006200,11209,0,128,98,103,0.306122,30,0.242718,25
62,2009,4,29,35,12,11,11,1.416667,17,1.636364,18,1.636364,18,36047006200,11209,0,120,77,112,0.558442,43,0.071429,8
62,2009,5,30,29,14,20,20,1.142857,16,0.5,10,0.5,10,36047006200,11209,0,117,81,100,0.444444,36,0.17,17
62,2010,0,27,27,33,30,30,-0.181818,-6,-0.1,-3,-0.1,-3,36047006200,11209,0,188,143,116,0.314685,45,0.62069,72
62,2010,1,32,27,34,27,27,-0.058824,-2,0.185185,5,0.185185,5,36047006200,11209,0,155,196,130,-0.209184,-41,0.192308,25
62,2010,2,35,32,34,17,17,0.029412,1,1.058824,18,1.058824,18,36047006200,11209,0,193,132,98,0.462121,61,0.969388,95
62,2010,3,35,35,35,9,9,0,0,2.888889,26,2.888889,26,36047006200,11209,0,136,128,99,0.0625,8,0.373737,37
62,2010,4,32,35,29,15,15,0.103448,3,1.133333,17,1.133333,17,36047006200,11209,0,122,120,84,0.016667,2,0.452381,38
62,2010,5,31,32,30,11,11,0.033333,1,1.818182,20,1.818182,20,36047006200,11209,0,125,117,102,0.068376,8,0.22549,23
64,2001,0,22,22,22,22,22,0,0,0,0,0,0,36047006400,11209,0,167,167,167,0,0,0,0
64,2001,1,27,22,27,27,27,0,0,0,0,0,0,36047006400,11209,0,190,190,190,0,0,0,0
64,2001,2,29,27,29,29,29,0,0,0,0,0,0,36047006400,11209,0,184,184,184,0,0,0,0
64,2001,3,23,29,23,23,23,0,0,0,0,0,0,36047006400,11209,1,208,208,208,0,0,0,0
64,2001,4,21,23,21,21,21,0,0,0,0,0,0,36047006400,11209,1,126,126,126,0,0,0,0
64,2001,5,24,21,24,24,24,0,0,0,0,0,0,36047006400,11209,1,163,163,163,0,0,0,0
64,2002,0,19,19,22,19,19,-0.136364,-3,0,0,0,0,36047006400,11209,1,150,167,150,-0.101796,-17,0,0
64,2002,1,22,19,27,22,22,-0.185185,-5,0,0,0,0,36047006400,11209,0,170,190,170,-0.105263,-20,0,0
64,2002,2,28,22,29,28,28,-0.034483,-1,0,0,0,0,36047006400,11209,0,197,184,197,0.070652,13,0,0
64,2002,3,31,28,23,31,31,0.347826,8,0,0,0,0,36047006400,11209,0,193,208,193,-0.072115,-15,0,0
64,2002,4,27,31,21,27,27,0.285714,6,0,0,0,0,36047006400,11209,1,201,126,201,0.595238,75,0,0
64,2002,5,20,27,24,20,20,-0.166667,-4,0,0,0,0,36047006400,11209,1,126,163,126,-0.226994,-37,0,0
64,2003,0,16,16,19,16,16,-0.157895,-3,0,0,0,0,36047006400,11209,1,163,150,163,0.086667,13,0,0
64,2003,1,17,16,22,17,17,-0.227273,-5,0,0,0,0,36047006400,11209,1,172,170,172,0.011765,2,0,0
64,2003,2,17,17,28,17,17,-0.392857,-11,0,0,0,0,36047006400,11209,0,170,197,170,-0.137056,-27,0,0
64,2003,3,26,17,31,26,26,-0.16129,-5,0,0,0,0,36047006400,11209,0,191,193,191,-0.010363,-2,0,0
64,2003,4,30,26,27,30,30,0.111111,3,0,0,0,0,36047006400,11209,0,188,201,188,-0.064677,-13,0,0
64,2003,5,28,30,20,28,28,0.4,8,0,0,0,0,36047006400,11209,1,195,126,195,0.547619,69,0,0
64,2004,0,23,23,16,22,22,0.4375,7,0.045455,1,0.045455,1,36047006400,11209,1,170,163,167,0.042945,7,0.017964,3
64,2004,1,16,23,17,27,27,-0.058824,-1,-0.407407,-11,-0.407407,-11,36047006400,11209,1,157,172,190,-0.087209,-15,-0.173684,-33
64,2004,2,19,16,17,29,29,0.117647,2,-0.344828,-10,-0.344828,-10,36047006400,11209,0,168,170,184,-0.011765,-2,-0.086957,-16
64,2004,3,18,19,26,23,23,-0.307692,-8,-0.217391,-5,-0.217391,-5,36047006400,11209,0,171,191,208,-0.104712,-20,-0.177885,-37
64,2004,4,31,18,30,21,21,0.033333,1,0.47619,10,0.47619,10,36047006400,11209,0,191,188,126,0.015957,3,0.515873,65
64,2004,5,33,31,28,24,24,0.178571,5,0.375,9,0.375,9,36047006400,11209,0,178,195,163,-0.087179,-17,0.092025,15
64,2005,0,24,24,23,19,19,0.043478,1,0.263158,5,0.263158,5,36047006400,11209,0,158,170,150,-0.070588,-12,0.053333,8
64,2005,1,28,24,16,22,22,0.75,12,0.272727,6,0.272727,6,36047006400,11209,0,176,157,170,0.121019,19,0.035294,6
64,2005,2,17,28,19,28,28,-0.105263,-2,-0.392857,-11,-0.392857,-11,36047006400,11209,1,150,168,197,-0.107143,-18,-0.238579,-47
64,2005,3,18,17,18,31,31,0,0,-0.419355,-13,-0.419355,-13,36047006400,11209,0,171,171,193,0,0,-0.11399,-22
64,2005,4,21,18,31,27,27,-0.322581,-10,-0.222222,-6,-0.222222,-6,36047006400,11209,0,174,191,201,-0.089005,-17,-0.134328,-27
64,2005,5,32,21,33,20,20,-0.030303,-1,0.6,12,0.6,12,36047006400,11209,0,193,178,126,0.08427,15,0.531746,67
64,2006,0,36,36,24,16,16,0.5,12,1.25,20,1.25,20,36047006400,11209,0,179,158,163,0.132911,21,0.09816,16
64,2006,1,19,36,28,17,17,-0.321429,-9,0.117647,2,0.117647,2,36047006400,11209,0,173,176,172,-0.017045,-3,0.005814,1
64,2006,2,21,19,17,17,17,0.235294,4,0.235294,4,0.235294,4,36047006400,11209,1,176,150,170,0.173333,26,0.035294,6
64,2006,3,19,21,18,26,26,0.055556,1,-0.269231,-7,-0.269231,-7,36047006400,11209,1,160,171,191,-0.064327,-11,-0.162304,-31
64,2006,4,18,19,21,30,30,-0.142857,-3,-0.4,-12,-0.4,-12,36047006400,11209,0,169,174,188,-0.028736,-5,-0.101064,-19
64,2006,5,21,18,32,28,28,-0.34375,-11,-0.25,-7,-0.25,-7,36047006400,11209,0,185,193,195,-0.041451,-8,-0.051282,-10
64,2007,0,20,20,36,23,23,-0.444444,-16,-0.130435,-3,-0.130435,-3,36047006400,11209,1,174,179,170,-0.027933,-5,0.023529,4
64,2007,1,28,20,19,16,16,0.473684,9,0.75,12,0.75,12,36047006400,11209,1,183,173,157,0.057803,10,0.165605,26
64,2007,2,21,28,21,19,19,0,0,0.105263,2,0.105263,2,36047006400,11209,0,167,176,168,-0.051136,-9,-0.005952,-1
64,2007,3,15,21,19,18,18,-0.210526,-4,-0.166667,-3,-0.166667,-3,36047006400,11209,1,175,160,171,0.09375,15,0.023392,4
64,2007,4,15,15,18,31,31,-0.166667,-3,-0.516129,-16,-0.516129,-16,36047006400,11209,1,149,169,191,-0.118343,-20,-0.219895,-42
64,2007,5,16,15,21,33,33,-0.238095,-5,-0.515152,-17,-0.515152,-17,36047006400,11209,1,158,185,178,-0.145946,-27,-0.11236,-20
64,2008,0,34,34,20,24,24,0.7,14,0.416667,10,0.416667,10,36047006400,11209,0,191,174,158,0.097701,17,0.208861,33
64,2008,1,18,34,28,28,28,-0.357143,-10,-0.357143,-10,-0.357143,-10,36047006400,11209,1,189,183,176,0.032787,6,0.073864,13
64,2008,2,29,18,21,17,17,0.380952,8,0.705882,12,0.705882,12,36047006400,11209,1,176,167,150,0.053892,9,0.173333,26
64,2008,3,23,29,15,18,18,0.533333,8,0.277778,5,0.277778,5,36047006400,11209,0,158,175,171,-0.097143,-17,-0.076023,-13
64,2008,4,16,23,15,21,21,0.066667,1,-0.238095,-5,-0.238095,-5,36047006400,11209,1,167,149,174,0.120805,18,-0.04023,-7
64,2008,5,16,16,16,32,32,0,0,-0.5,-16,-0.5,-16,36047006400,11209,1,155,158,193,-0.018987,-3,-0.196891,-38
64,2009,0,34,34,34,36,36,0,0,-0.055556,-2,-0.055556,-2,36047006400,11209,0,203,191,179,0.062827,12,0.134078,24
64,2009,1,37,34,18,19,19,1.055556,19,0.947368,18,0.947368,18,36047006400,11209,0,216,189,173,0.142857,27,0.248555,43
64,2009,2,22,37,29,21,21,-0.241379,-7,0.047619,1,0.047619,1,36047006400,11209,0,197,176,176,0.119318,21,0.119318,21
64,2009,3,32,22,23,19,19,0.391304,9,0.684211,13,0.684211,13,36047006400,11209,0,185,158,160,0.170886,27,0.15625,25
64,2009,4,35,32,16,18,18,1.1875,19,0.944444,17,0.944444,17,36047006400,11209,0,161,167,169,-0.035928,-6,-0.047337,-8
64,2009,5,34,35,16,21,21,1.125,18,0.619048,13,0.619048,13,36047006400,11209,0,189,155,185,0.219355,34,0.021622,4
64,2010,0,34,34,34,20,20,0,0,0.7,14,0.7,14,36047006400,11209,0,210,203,174,0.034483,7,0.206897,36
64,2010,1,37,34,37,28,28,0,0,0.321429,9,0.321429,9,36047006400,11209,0,197,216,183,-0.087963,-19,0.076503,14
64,2010,2,32,37,22,21,21,0.454545,10,0.52381,11,0.52381,11,36047006400,11209,0,226,197,167,0.147208,29,0.353293,59
64,2010,3,22,32,32,15,15,-0.3125,-10,0.466667,7,0.466667,7,36047006400,11209,0,198,185,175,0.07027,13,0.131429,23
64,2010,4,34,22,35,15,15,-0.028571,-1,1.266667,19,1.266667,19,36047006400,11209,0,176,161,149,0.093168,15,0.181208,27
64,2010,5,36,34,34,16,16,0.058824,2,1.25,20,1.25,20,36047006400,11209,0,169,189,158,-0.10582,-20,0.06962,11
66,2001,0,32,32,32,32,32,0,0,0,0,0,0,36047006600,11209,0,158,158,158,0,0,0,0
66,2001,1,26,32,26,26,26,0,0,0,0,0,0,36047006600,11209,0,196,196,196,0,0,0,0
66,2001,2,34,26,34,34,34,0,0,0,0,0,0,36047006600,11209,0,204,204,204,0,0,0,0
66,2001,3,25,34,25,25,25,0,0,0,0,0,0,36047006600,11209,1,201,201,201,0,0,0,0
66,2001,4,18,25,18,18,18,0,0,0,0,0,0,36047006600,11209,1,144,144,144,0,0,0,0
66,2001,5,26,18,26,26,26,0,0,0,0,0,0,36047006600,11209,0,174,174,174,0,0,0,0
66,2002,0,21,21,32,21,21,-0.34375,-11,0,0,0,0,36047006600,11209,1,171,158,171,0.082278,13,0,0
66,2002,1,36,21,26,36,36,0.384615,10,0,0,0,0,36047006600,11209,0,167,196,167,-0.147959,-29,0,0
66,2002,2,31,36,34,31,31,-0.088235,-3,0,0,0,0,36047006600,11209,0,201,204,201,-0.014706,-3,0,0
66,2002,3,33,31,25,33,33,0.32,8,0,0,0,0,36047006600,11209,0,212,201,212,0.054726,11,0,0
66,2002,4,22,33,18,22,22,0.222222,4,0,0,0,0,36047006600,11209,1,201,144,201,0.395833,57,0,0
66,2002,5,16,22,26,16,16,-0.384615,-10,0,0,0,0,36047006600,11209,1,149,174,149,-0.143678,-25,0,0
66,2003,0,32,32,21,32,32,0.52381,11,0,0,0,0,36047006600,11209,0,167,171,167,-0.023392,-4,0,0
66,2003,1,25,32,36,25,25,-0.305556,-11,0,0,0,0,36047006600,11209,0,183,167,183,0.095808,16,0,0
66,2003,2,34,25,31,34,34,0.096774,3,0,0,0,0,36047006600,11209,0,167,201,167,-0.169154,-34,0,0
66,2003,3,34,34,33,34,34,0.030303,1,0,0,0,0,36047006600,11209,0,211,212,211,-0.004717,-1,0,0
66,2003,4,31,34,22,31,31,0.409091,9,0,0,0,0,36047006600,11209,1,208,201,208,0.034826,7,0,0
66,2003,5,25,31,16,25,25,0.5625,9,0,0,0,0,36047006600,11209,1,195,149,195,0.308725,46,0,0
66,2004,0,29,29,32,32,32,-0.09375,-3,-0.09375,-3,-0.09375,-3,36047006600,11209,1,179,167,158,0.071856,12,0.132911,21
66,2004,1,28,29,25,26,26,0.12,3,0.076923,2,0.076923,2,36047006600,11209,1,167,183,196,-0.087432,-16,-0.147959,-29
66,2004,2,21,28,34,34,34,-0.382353,-13,-0.382353,-13,-0.382353,-13,36047006600,11209,1,188,167,204,0.125749,21,-0.078431,-16
66,2004,3,34,21,34,25,25,0,0,0.36,9,0.36,9,36047006600,11209,0,164,211,201,-0.222749,-47,-0.18408,-37
66,2004,4,36,34,31,18,18,0.16129,5,1,18,1,18,36047006600,11209,0,202,208,144,-0.028846,-6,0.402778,58
66,2004,5,29,36,25,26,26,0.16,4,0.115385,3,0.115385,3,36047006600,11209,1,200,195,174,0.025641,5,0.149425,26
66,2005,0,28,28,29,21,21,-0.034483,-1,0.333333,7,0.333333,7,36047006600,11209,0,180,179,171,0.005587,1,0.052632,9
66,2005,1,27,28,28,36,36,-0.035714,-1,-0.25,-9,-0.25,-9,36047006600,11209,1,191,167,167,0.143713,24,0.143713,24
66,2005,2,27,27,21,31,31,0.285714,6,-0.129032,-4,-0.129032,-4,36047006600,11209,1,163,188,201,-0.132979,-25,-0.189055,-38
66,2005,3,24,27,34,33,33,-0.294118,-10,-0.272727,-9,-0.272727,-9,36047006600,11209,0,185,164,212,0.128049,21,-0.127358,-27
66,2005,4,36,24,36,22,22,0,0,0.636364,14,0.636364,14,36047006600,11209,0,176,202,201,-0.128713,-26,-0.124378,-25
66,2005,5,33,36,29,16,16,0.137931,4,1.0625,17,1.0625,17,36047006600,11209,0,211,200,149,0.055,11,0.416107,62
66,2006,0,32,32,28,32,32,0.142857,4,0,0,0,0,36047006600,11209,0,186,180,167,0.033333,6,0.113772,19
66,2006,1,32,32,27,25,25,0.185185,5,0.28,7,0.28,7,36047006600,11209,0,177,191,183,-0.073298,-14,-0.032787,-6
66,2006,2,26,32,27,34,34,-0.037037,-1,-0.235294,-8,-0.235294,-8,36047006600,11209,1,194,163,167,0.190184,31,0.161677,27
66,2006,3,26,26,24,34,34,0.083333,2,-0.235294,-8,-0.235294,-8,36047006600,11209,1,159,185,211,-0.140541,-26,-0.246445,-52
66,2006,4,27,26,36,31,31,-0.25,-9,-0.129032,-4,-0.129032,-4,36047006600,11209,0,187,176,208,0.0625,11,-0.100962,-21
66,2006,5,35,27,33,25,25,0.060606,2,0.4,10,0.4,10,36047006600,11209,0,185,211,195,-0.123223,-26,-0.051282,-10
66,2007,0,30,30,32,29,29,-0.0625,-2,0.034483,1,0.034483,1,36047006600,11209,0,173,186,179,-0.069892,-13,-0.03352,-6
66,2007,1,36,30,32,28,28,0.125,4,0.285714,8,0.285714,8,36047006600,11209,0,175,177,167,-0.011299,-2,0.047904,8
66,2007,2,32,36,26,21,21,0.230769,6,0.52381,11,0.52381,11,36047006600,11209,0,174,194,188,-0.103093,-20,-0.074468,-14
66,2007,3,25,32,26,34,34,-0.038462,-1,-0.264706,-9,-0.264706,-9,36047006600,11209,0,192,159,164,0.207547,33,0.170732,28
66,2007,4,26,25,27,36,36,-0.037037,-1,-0.277778,-10,-0.277778,-10,36047006600,11209,1,148,187,202,-0.208556,-39,-0.267327,-54
66,2007,5,29,26,35,29,29,-0.171429,-6,0,0,0,0,36047006600,11209,0,168,185,200,-0.091892,-17,-0.16,-32
66,2008,0,24,24,30,28,28,-0.2,-6,-0.142857,-4,-0.142857,-4,36047006600,11209,1,178,173,180,0.028902,5,-0.011111,-2
66,2008,1,32,24,36,27,27,-0.111111,-4,0.185185,5,0.185185,5,36047006600,11209,0,188,175,191,0.074286,13,-0.015707,-3
66,2008,2,31,32,32,27,27,-0.03125,-1,0.148148,4,0.148148,4,36047006600,11209,0,168,174,163,-0.034483,-6,0.030675,5
66,2008,3,30,31,25,24,24,0.2,5,0.25,6,0.25,6,36047006600,11209,1,169,192,185,-0.119792,-23,-0.086486,-16
66,2008,4,18,30,26,36,36,-0.307692,-8,-0.5,-18,-0.5,-18,36047006600,11209,1,190,148,176,0.283784,42,0.079545,14
66,2008,5,26,18,29,33,33,-0.103448,-3,-0.212121,-7,-0.212121,-7,36047006600,11209,1,163,168,211,-0.029762,-5,-0.227488,-48
66,2009,0,30,30,24,32,32,0.25,6,-0.0625,-2,-0.0625,-2,36047006600,11209,0,206,178,186,0.157303,28,0.107527,20
66,2009,1,26,30,32,32,32,-0.1875,-6,-0.1875,-6,-0.1875,-6,36047006600,11209,0,206,188,177,0.095745,18,0.163842,29
66,2009,2,34,26,31,26,26,0.096774,3,0.307692,8,0.307692,8,36047006600,11209,0,192,168,194,0.142857,24,-0.010309,-2
66,2009,3,27,34,30,26,26,-0.1,-3,0.038462,1,0.038462,1,36047006600,11209,0,176,169,159,0.04142,7,0.106918,17
66,2009,4,29,27,18,27,27,0.611111,11,0.074074,2,0.074074,2,36047006600,11209,0,173,190,187,-0.089474,-17,-0.074866,-14
66,2009,5,23,29,26,35,35,-0.115385,-3,-0.342857,-12,-0.342857,-12,36047006600,11209,0,206,163,185,0.263804,43,0.113514,21
66,2010,0,37,37,30,30,30,0.233333,7,0.233333,7,0.233333,7,36047006600,11209,0,212,206,173,0.029126,6,0.225434,39
66,2010,1,32,37,26,36,36,0.230769,6,-0.111111,-4,-0.111111,-4,36047006600,11209,0,198,206,175,-0.038835,-8,0.131429,23
66,2010,2,29,32,34,32,32,-0.147059,-5,-0.09375,-3,-0.09375,-3,36047006600,11209,0,202,192,174,0.052083,10,0.16092,28
66,2010,3,35,29,27,25,25,0.296296,8,0.4,10,0.4,10,36047006600,11209,0,183,176,192,0.039773,7,-0.046875,-9
66,2010,4,24,35,29,26,26,-0.172414,-5,-0.076923,-2,-0.076923,-2,36047006600,11209,0,173,173,148,0,0,0.168919,25
66,2010,5,33,24,23,29,29,0.434783,10,0.137931,4,0.137931,4,36047006600,11209,0,176,206,168,-0.145631,-30,0.047619,8
68,2001,0,46,46,46,46,46,0,0,0,0,0,0,36047006800,11209,1,144,144,144,0,0,0,0
68,2001,1,56,46,56,56,56,0,0,0,0,0,0,36047006800,11209,1,166,166,166,0,0,0,0
68,2001,2,56,56,56,56,56,0,0,0,0,0,0,36047006800,11209,0,182,182,182,0,0,0,0
68,2001,3,66,56,66,66,66,0,0,0,0,0,0,36047006800,11209,0,160,160,160,0,0,0,0
68,2001,4,42,66,42,42,42,0,0,0,0,0,0,36047006800,11209,1,120,120,120,0,0,0,0
68,2001,5,53,42,53,53,53,0,0,0,0,0,0,36047006800,11209,1,147,147,147,0,0,0,0
68,2002,0,56,56,46,56,56,0.217391,10,0,0,0,0,36047006800,11209,0,136,144,136,-0.055556,-8,0,0
68,2002,1,49,56,56,49,49,-0.125,-7,0,0,0,0,36047006800,11209,1,154,166,154,-0.072289,-12,0,0
68,2002,2,55,49,56,55,55,-0.017857,-1,0,0,0,0,36047006800,11209,1,177,182,177,-0.027473,-5,0,0
68,2002,3,59,55,66,59,59,-0.106061,-7,0,0,0,0,36047006800,11209,0,186,160,186,0.1625,26,0,0
68,2002,4,71,59,42,71,71,0.690476,29,0,0,0,0,36047006800,11209,0,152,120,152,0.266667,32,0,0
68,2002,5,47,71,53,47,47,-0.113208,-6,0,0,0,0,36047006800,11209,1,118,147,118,-0.197279,-29,0,0
68,2003,0,50,50,56,50,50,-0.107143,-6,0,0,0,0,36047006800,11209,1,149,136,149,0.095588,13,0,0
68,2003,1,61,50,49,61,61,0.244898,12,0,0,0,0,36047006800,11209,0,147,154,147,-0.045455,-7,0,0
68,2003,2,50,61,55,50,50,-0.090909,-5,0,0,0,0,36047006800,11209,0,151,177,151,-0.146893,-26,0,0
68,2003,3,54,50,59,54,54,-0.084746,-5,0,0,0,0,36047006800,11209,1,191,186,191,0.026882,5,0,0
68,2003,4,62,54,71,62,62,-0.126761,-9,0,0,0,0,36047006800,11209,0,177,152,177,0.164474,25,0,0
68,2003,5,70,62,47,70,70,0.489362,23,0,0,0,0,36047006800,11209,0,150,118,150,0.271186,32,0,0
68,2004,0,56,56,50,46,46,0.12,6,0.217391,10,0.217391,10,36047006800,11209,0,152,149,144,0.020134,3,0.055556,8
68,2004,1,52,56,61,56,56,-0.147541,-9,-0.071429,-4,-0.071429,-4,36047006800,11209,1,143,147,166,-0.027211,-4,-0.138554,-23
68,2004,2,65,52,50,56,56,0.3,15,0.160714,9,0.160714,9,36047006800,11209,0,144,151,182,-0.046358,-7,-0.208791,-38
68,2004,3,42,65,54,66,66,-0.222222,-12,-0.363636,-24,-0.363636,-24,36047006800,11209,1,156,191,160,-0.183246,-35,-0.025,-4
68,2004,4,51,42,62,42,42,-0.177419,-11,0.214286,9,0.214286,9,36047006800,11209,1,187,177,120,0.056497,10,0.558333,67
68,2004,5,56,51,70,53,53,-0.2,-14,0.056604,3,0.056604,3,36047006800,11209,1,173,150,147,0.153333,23,0.176871,26
68,2005,0,67,67,56,56,56,0.196429,11,0.196429,11,0.196429,11,36047006800,11209,0,141,152,136,-0.072368,-11,0.036765,5
68,2005,1,62,67,52,49,49,0.192308,10,0.265306,13,0.265306,13,36047006800,11209,0,156,143,154,0.090909,13,0.012987,2
68,2005,2,49,62,65,55,55,-0.246154,-16,-0.109091,-6,-0.109091,-6,36047006800,11209,1,141,144,177,-0.020833,-3,-0.20339,-36
68,2005,3,69,49,42,59,59,0.642857,27,0.169492,10,0.169492,10,36047006800,11209,0,140,156,186,-0.102564,-16,-0.247312,-46
68,2005,4,52,69,51,71,71,0.019608,1,-0.267606,-19,-0.267606,-19,36047006800,11209,0,160,187,152,-0.144385,-27,0.052632,8
68,2005,5,58,52,56,47,47,0.035714,2,0.234043,11,0.234043,11,36047006800,11209,0,186,173,118,0.075145,13,0.576271,68
68,2006,0,47,47,67,50,50,-0.298507,-20,-0.06,-3,-0.06,-3,36047006800,11209,1,171,141,149,0.212766,30,0.147651,22
68,2006,1,67,47,62,61,61,0.080645,5,0.098361,6,0.098361,6,36047006800,11209,0,142,156,147,-0.089744,-14,-0.034014,-5
68,2006,2,66,67,49,50,50,0.346939,17,0.32,16,0.32,16,36047006800,11209,0,154,141,151,0.092199,13,0.019868,3
68,2006,3,53,66,69,54,54,-0.231884,-16,-0.018519,-1,-0.018519,-1,36047006800,11209,1,132,140,191,-0.057143,-8,-0.308901,-59
68,2006,4,63,53,52,62,62,0.211538,11,0.016129,1,0.016129,1,36047006800,11209,1,151,160,177,-0.05625,-9,-0.146893,-26
68,2006,5,60,63,58,70,70,0.034483,2,-0.142857,-10,-0.142857,-10,36047006800,11209,0,160,186,150,-0.139785,-26,0.066667,10
68,2007,0,55,55,47,56,56,0.170213,8,-0.017857,-1,-0.017857,-1,36047006800,11209,1,148,171,152,-0.134503,-23,-0.026316,-4
68,2007,1,48,55,67,52,52,-0.283582,-19,-0.076923,-4,-0.076923,-4,36047006800,11209,1,163,142,143,0.147887,21,0.13986,20
68,2007,2,69,48,66,65,65,0.045455,3,0.061538,4,0.061538,4,36047006800,11209,0,137,154,144,-0.11039,-17,-0.048611,-7
68,2007,3,71,69,53,42,42,0.339623,18,0.690476,29,0.690476,29,36047006800,11209,0,146,132,156,0.106061,14,-0.064103,-10
68,2007,4,51,71,63,51,51,-0.190476,-12,0,0,0,0,36047006800,11209,1,123,151,187,-0.18543,-28,-0.342246,-64
68,2007,5,58,51,60,56,56,-0.033333,-2,0.035714,2,0.035714,2,36047006800,11209,1,139,160,173,-0.13125,-21,-0.196532,-34
68,2008,0,67,67,55,67,67,0.218182,12,0,0,0,0,36047006800,11209,0,135,148,141,-0.087838,-13,-0.042553,-6
68,2008,1,62,67,48,62,62,0.291667,14,0,0,0,0,36047006800,11209,0,158,163,156,-0.030675,-5,0.012821,2
68,2008,2,47,62,69,49,49,-0.318841,-22,-0.040816,-2,-0.040816,-2,36047006800,11209,1,152,137,141,0.109489,15,0.078014,11
68,2008,3,68,47,71,69,69,-0.042254,-3,-0.014493,-1,-0.014493,-1,36047006800,11209,0,131,146,140,-0.10274,-15,-0.064286,-9
68,2008,4,74,68,51,52,52,0.45098,23,0.423077,22,0.423077,22,36047006800,11209,0,134,123,160,0.089431,11,-0.1625,-26
68,2008,5,52,74,58,58,58,-0.103448,-6,-0.103448,-6,-0.103448,-6,36047006800,11209,1,137,139,186,-0.014388,-2,-0.263441,-49
68,2009,0,64,64,67,47,47,-0.044776,-3,0.361702,17,0.361702,17,36047006800,11209,0,172,135,171,0.274074,37,0.005848,1
68,2009,1,75,64,62,67,67,0.209677,13,0.119403,8,0.119403,8,36047006800,11209,0,157,158,142,-0.006329,-1,0.105634,15
68,2009,2,63,75,47,66,66,0.340426,16,-0.045455,-3,-0.045455,-3,36047006800,11209,0,163,152,154,0.072368,11,0.058442,9
68,2009,3,56,63,68,53,53,-0.176471,-12,0.056604,3,0.056604,3,36047006800,11209,0,147,131,132,0.122137,16,0.113636,15
68,2009,4,62,56,74,63,63,-0.162162,-12,-0.015873,-1,-0.015873,-1,36047006800,11209,0,140,134,151,0.044776,6,-0.072848,-11
68,2009,5,72,62,52,60,60,0.384615,20,0.2,12,0.2,12,36047006800,11209,0,157,137,160,0.145985,20,-0.01875,-3
68,2010,0,58,58,64,55,55,-0.09375,-6,0.054545,3,0.054545,3,36047006800,11209,0,191,172,148,0.110465,19,0.290541,43
68,2010,1,55,58,75,48,48,-0.266667,-20,0.145833,7,0.145833,7,36047006800,11209,0,175,157,163,0.11465,18,0.07362,12
68,2010,2,74,55,63,69,69,0.174603,11,0.072464,5,0.072464,5,36047006800,11209,0,157,163,137,-0.03681,-6,0.145985,20
68,2010,3,56,74,56,71,71,0,0,-0.211268,-15,-0.211268,-15,36047006800,11209,0,162,147,146,0.102041,15,0.109589,16
68,2010,4,55,56,62,51,51,-0.112903,-7,0.078431,4,0.078431,4,36047006800,11209,0,142,140,123,0.014286,2,0.154472,19
68,2010,5,61,55,72,58,58,-0.152778,-11,0.051724,3,0.051724,3,36047006800,11209,0,148,157,139,-0.057325,-9,0.064748,9
70,2001,0,21,21,21,21,21,0,0,0,0,0,0,36047007000,11220,0,166,166,166,0,0,0,0
70,2001,1,17,21,17,17,17,0,0,0,0,0,0,36047007000,11220,0,190,190,190,0,0,0,0
70,2001,2,22,17,22,22,22,0,0,0,0,0,0,36047007000,11220,0,217,217,217,0,0,0,0
70,2001,3,15,22,15,15,15,0,0,0,0,0,0,36047007000,11220,0,211,211,211,0,0,0,0
70,2001,4,13,15,13,13,13,0,0,0,0,0,0,36047007000,11220,1,157,157,157,0,0,0,0
70,2001,5,9,13,9,9,9,0,0,0,0,0,0,36047007000,11220,0,183,183,183,0,0,0,0
70,2002,0,14,14,21,14,14,-0.333333,-7,0,0,0,0,36047007000,11220,1,188,166,188,0.13253,22,0,0
70,2002,1,21,14,17,21,21,0.235294,4,0,0,0,0,36047007000,11220,0,178,190,178,-0.063158,-12,0,0
70,2002,2,17,21,22,17,17,-0.227273,-5,0,0,0,0,36047007000,11220,0,198,217,198,-0.087558,-19,0,0
70,2002,3,19,17,15,19,19,0.266667,4,0,0,0,0,36047007000,11220,0,217,211,217,0.028436,6,0,0
70,2002,4,13,19,13,13,13,0,0,0,0,0,0,36047007000,11220,0,208,157,208,0.324841,51,0,0
70,2002,5,15,13,9,15,15,0.666667,6,0,0,0,0,36047007000,11220,1,165,183,165,-0.098361,-18,0,0
70,2003,0,17,17,14,17,17,0.214286,3,0,0,0,0,36047007000,11220,0,175,188,175,-0.069149,-13,0,0
70,2003,1,18,17,21,18,18,-0.142857,-3,0,0,0,0,36047007000,11220,0,199,178,199,0.117978,21,0,0
70,2003,2,21,18,17,21,21,0.235294,4,0,0,0,0,36047007000,11220,0,182,198,182,-0.080808,-16,0,0
70,2003,3,16,21,19,16,16,-0.157895,-3,0,0,0,0,36047007000,11220,0,207,217,207,-0.046083,-10,0,0
70,2003,4,20,16,13,20,20,0.538462,7,0,0,0,0,36047007000,11220,0,217,208,217,0.043269,9,0,0
70,2003,5,10,20,15,10,10,-0.333333,-5,0,0,0,0,36047007000,11220,0,204,165,204,0.236364,39,0,0
70,2004,0,18,18,17,21,21,0.058824,1,-0.142857,-3,-0.142857,-3,36047007000,11220,0,180,175,166,0.028571,5,0.084337,14
70,2004,1,19,18,18,17,17,0.055556,1,0.117647,2,0.117647,2,36047007000,11220,0,182,199,190,-0.085427,-17,-0.042105,-8
70,2004,2,18,19,21,22,22,-0.142857,-3,-0.181818,-4,-0.181818,-4,36047007000,11220,0,202,182,217,0.10989,20,-0.069124,-15
70,2004,3,19,18,16,15,15,0.1875,3,0.266667,4,0.266667,4,36047007000,11220,0,171,207,211,-0.173913,-36,-0.189573,-40
70,2004,4,15,19,20,13,13,-0.25,-5,0.153846,2,0.153846,2,36047007000,11220,1,186,217,157,-0.142857,-31,0.184713,29
70,2004,5,19,15,10,9,9,0.9,9,1.111111,10,1.111111,10,36047007000,11220,0,199,204,183,-0.02451,-5,0.087432,16
70,2005,0,12,12,18,14,14,-0.333333,-6,-0.142857,-2,-0.142857,-2,36047007000,11220,0,199,180,188,0.105556,19,0.058511,11
70,2005,1,14,12,19,21,21,-0.263158,-5,-0.333333,-7,-0.333333,-7,36047007000,11220,1,203,182,178,0.115385,21,0.140449,25
70,2005,2,13,14,18,17,17,-0.277778,-5,-0.235294,-4,-0.235294,-4,36047007000,11220,0,192,202,198,-0.049505,-10,-0.030303,-6
70,2005,3,17,13,19,19,19,-0.105263,-2,-0.105263,-2,-0.105263,-2,36047007000,11220,0,190,171,217,0.111111,19,-0.124424,-27
70,2005,4,18,17,15,13,13,0.2,3,0.384615,5,0.384615,5,36047007000,11220,0,174,186,208,-0.064516,-12,-0.163462,-34
70,2005,5,10,18,19,15,15,-0.473684,-9,-0.333333,-5,-0.333333,-5,36047007000,11220,1,197,199,165,-0.01005,-2,0.193939,32
70,2006,0,19,19,12,17,17,0.583333,7,0.117647,2,0.117647,2,36047007000,11220,0,178,199,175,-0.105528,-21,0.017143,3
70,2006,1,17,19,14,18,18,0.214286,3,-0.055556,-1,-0.055556,-1,36047007000,11220,0,190,203,199,-0.064039,-13,-0.045226,-9
70,2006,2,15,17,13,21,21,0.153846,2,-0.285714,-6,-0.285714,-6,36047007000,11220,1,210,192,182,0.09375,18,0.153846,28
70,2006,3,14,15,17,16,16,-0.176471,-3,-0.125,-2,-0.125,-2,36047007000,11220,0,171,190,207,-0.1,-19,-0.173913,-36
70,2006,4,18,14,18,20,20,0,0,-0.1,-2,-0.1,-2,36047007000,11220,0,187,174,217,0.074713,13,-0.138249,-30
70,2006,5,18,18,10,10,10,0.8,8,0.8,8,0.8,8,36047007000,11220,0,182,197,204,-0.076142,-15,-0.107843,-22
70,2007,0,13,13,19,18,18,-0.315789,-6,-0.277778,-5,-0.277778,-5,36047007000,11220,0,170,178,180,-0.044944,-8,-0.055556,-10
70,2007,1,19,13,17,19,19,0.117647,2,0,0,0,0,36047007000,11220,0,169,190,182,-0.110526,-21,-0.071429,-13
70,2007,2,15,19,15,18,18,0,0,-0.166667,-3,-0.166667,-3,36047007000,11220,0,184,210,202,-0.12381,-26,-0.089109,-18
70,2007,3,16,15,14,19,19,0.142857,2,-0.157895,-3,-0.157895,-3,36047007000,11220,1,211,171,171,0.233918,40,0.233918,40
70,2007,4,15,16,18,15,15,-0.166667,-3,0,0,0,0,36047007000,11220,0,159,187,186,-0.149733,-28,-0.145161,-27
70,2007,5,15,15,18,19,19,-0.166667,-3,-0.210526,-4,-0.210526,-4,36047007000,11220,0,173,182,199,-0.049451,-9,-0.130653,-26
70,2008,0,15,15,13,12,12,0.153846,2,0.25,3,0.25,3,36047007000,11220,1,164,170,199,-0.035294,-6,-0.175879,-35
70,2008,1,14,15,19,14,14,-0.263158,-5,0,0,0,0,36047007000,11220,0,193,169,203,0.142012,24,-0.049261,-10
70,2008,2,21,14,15,13,13,0.4,6,0.615385,8,0.615385,8,36047007000,11220,0,161,184,192,-0.125,-23,-0.161458,-31
70,2008,3,13,21,16,17,17,-0.1875,-3,-0.235294,-4,-0.235294,-4,36047007000,11220,0,180,211,190,-0.146919,-31,-0.052632,-10
70,2008,4,14,13,15,18,18,-0.066667,-1,-0.222222,-4,-0.222222,-4,36047007000,11220,1,215,159,174,0.352201,56,0.235632,41
70,2008,5,16,14,15,10,10,0.066667,1,0.6,6,0.6,6,36047007000,11220,0,170,173,197,-0.017341,-3,-0.137056,-27
70,2009,0,10,10,15,19,19,-0.333333,-5,-0.473684,-9,-0.473684,-9,36047007000,11220,0,206,164,178,0.256098,42,0.157303,28
70,2009,1,18,10,14,17,17,0.285714,4,0.058824,1,0.058824,1,36047007000,11220,0,193,193,190,0,0,0.015789,3
70,2009,2,14,18,21,15,15,-0.333333,-7,-0.066667,-1,-0.066667,-1,36047007000,11220,0,201,161,210,0.248447,40,-0.042857,-9
70,2009,3,20,14,13,14,14,0.538462,7,0.428571,6,0.428571,6,36047007000,11220,0,163,180,171,-0.094444,-17,-0.046784,-8
70,2009,4,11,20,14,18,18,-0.214286,-3,-0.388889,-7,-0.388889,-7,36047007000,11220,0,179,215,187,-0.167442,-36,-0.042781,-8
70,2009,5,14,11,16,18,18,-0.125,-2,-0.222222,-4,-0.222222,-4,36047007000,11220,0,212,170,182,0.247059,42,0.164835,30
70,2010,0,19,19,10,13,13,0.9,9,0.461538,6,0.461538,6,36047007000,11220,0,204,206,170,-0.009709,-2,0.2,34
70,2010,1,11,19,18,19,19,-0.388889,-7,-0.421053,-8,-0.421053,-8,36047007000,11220,0,197,193,169,0.020725,4,0.16568,28
70,2010,2,20,11,14,15,15,0.428571,6,0.333333,5,0.333333,5,36047007000,11220,0,191,201,184,-0.049751,-10,0.038043,7
70,2010,3,13,20,20,16,16,-0.35,-7,-0.1875,-3,-0.1875,-3,36047007000,11220,0,193,163,211,0.184049,30,-0.085308,-18
70,2010,4,18,13,11,15,15,0.636364,7,0.2,3,0.2,3,36047007000,11220,0,165,179,159,-0.078212,-14,0.037736,6
70,2010,5,13,18,14,15,15,-0.071429,-1,-0.133333,-2,-0.133333,-2,36047007000,11220,0,183,212,173,-0.136792,-29,0.057803,10
72,2001,0,21,21,21,21,21,0,0,0,0,0,0,36047007200,11220,1,269,269,269,0,0,0,0
72,2001,1,23,21,23,23,23,0,0,0,0,0,0,36047007200,11220,0,298,298,298,0,0,0,0
72,2001,2,39,23,39,39,39,0,0,0,0,0,0,36047007200,11220,0,280,280,280,0,0,0,0
72,2001,3,28,39,28,28,28,0,0,0,0,0,0,36047007200,11220,0,251,251,251,0,0,0,0
72,2001,4,19,28,19,19,19,0,0,0,0,0,0,36047007200,11220,1,238,238,238,0,0,0,0
72,2001,5,26,19,26,26,26,0,0,0,0,0,0,36047007200,11220,0,236,236,236,0,0,0,0
72,2002,0,19,19,21,19,19,-0.095238,-2,0,0,0,0,36047007200,11220,1,239,269,239,-0.111524,-30,0,0
72,2002,1,24,19,23,24,24,0.043478,1,0,0,0,0,36047007200,11220,1,278,298,278,-0.067114,-20,0,0
72,2002,2,25,24,39,25,25,-0.358974,-14,0,0,0,0,36047007200,11220,0,290,280,290,0.035714,10,0,0
72,2002,3,39,25,28,39,39,0.392857,11,0,0,0,0,36047007200,11220,0,278,251,278,0.10757,27,0,0
72,2002,4,25,39,19,25,25,0.315789,6,0,0,0,0,36047007200,11220,0,234,238,234,-0.016807,-4,0,0
72,2002,5,20,25,26,20,20,-0.230769,-6,0,0,0,0,36047007200,11220,1,223,236,223,-0.055085,-13,0,0
72,2003,0,29,29,19,29,29,0.526316,10,0,0,0,0,36047007200,11220,0,232,239,232,-0.029289,-7,0,0
72,2003,1,21,29,24,21,21,-0.125,-3,0,0,0,0,36047007200,11220,0,252,278,252,-0.093525,-26,0,0
72,2003,2,25,21,25,25,25,0,0,0,0,0,0,36047007200,11220,1,278,290,278,-0.041379,-12,0,0
72,2003,3,27,25,39,27,27,-0.307692,-12,0,0,0,0,36047007200,11220,0,265,278,265,-0.046763,-13,0,0
72,2003,4,38,27,25,38,38,0.52,13,0,0,0,0,36047007200,11220,0,253,234,253,0.081197,19,0,0
72,2003,5,24,38,20,24,24,0.2,4,0,0,0,0,36047007200,11220,0,211,223,211,-0.053812,-12,0,0
72,2004,0,24,24,29,21,21,-0.172414,-5,0.142857,3,0.142857,3,36047007200,11220,1,229,232,269,-0.012931,-3,-0.148699,-40
72,2004,1,28,24,21,23,23,0.333333,7,0.217391,5,0.217391,5,36047007200,11220,0,226,252,298,-0.103175,-26,-0.241611,-72
72,2004,2,21,28,25,39,39,-0.16,-4,-0.461538,-18,-0.461538,-18,36047007200,11220,0,253,278,280,-0.089928,-25,-0.096429,-27
72,2004,3,22,21,27,28,28,-0.185185,-5,-0.214286,-6,-0.214286,-6,36047007200,11220,1,253,265,251,-0.045283,-12,0.007968,2
72,2004,4,20,22,38,19,19,-0.473684,-18,0.052632,1,0.052632,1,36047007200,11220,0,247,253,238,-0.023715,-6,0.037815,9
72,2004,5,30,20,24,26,26,0.25,6,0.153846,4,0.153846,4,36047007200,11220,0,240,211,236,0.137441,29,0.016949,4
72,2005,0,20,20,24,19,19,-0.166667,-4,0.052632,1,0.052632,1,36047007200,11220,0,252,229,239,0.100437,23,0.054393,13
72,2005,1,23,20,28,24,24,-0.178571,-5,-0.041667,-1,-0.041667,-1,36047007200,11220,0,254,226,278,0.123894,28,-0.086331,-24
72,2005,2,34,23,21,25,25,0.619048,13,0.36,9,0.36,9,36047007200,11220,0,231,253,290,-0.086957,-22,-0.203448,-59
72,2005,3,16,34,22,39,39,-0.272727,-6,-0.589744,-23,-0.589744,-23,36047007200,11220,1,230,253,278,-0.090909,-23,-0.172662,-48
72,2005,4,22,16,20,25,25,0.1,2,-0.12,-3,-0.12,-3,36047007200,11220,1,229,247,234,-0.072874,-18,-0.021368,-5
72,2005,5,19,22,30,20,20,-0.366667,-11,-0.05,-1,-0.05,-1,36047007200,11220,0,240,240,223,0,0,0.076233,17
72,2006,0,28,28,20,29,29,0.4,8,-0.034483,-1,-0.034483,-1,36047007200,11220,0,227,252,232,-0.099206,-25,-0.021552,-5
72,2006,1,21,28,23,21,21,-0.086957,-2,0,0,0,0,36047007200,11220,0,259,254,252,0.019685,5,0.027778,7
72,2006,2,23,21,34,25,25,-0.323529,-11,-0.08,-2,-0.08,-2,36047007200,11220,0,242,231,278,0.047619,11,-0.129496,-36
72,2006,3,27,23,16,27,27,0.6875,11,0,0,0,0,36047007200,11220,0,219,230,265,-0.047826,-11,-0.173585,-46
72,2006,4,16,27,22,38,38,-0.272727,-6,-0.578947,-22,-0.578947,-22,36047007200,11220,1,220,229,253,-0.039301,-9,-0.130435,-33
72,2006,5,25,16,19,24,24,0.315789,6,0.041667,1,0.041667,1,36047007200,11220,1,232,240,211,-0.033333,-8,0.099526,21
72,2007,0,20,20,28,24,24,-0.285714,-8,-0.166667,-4,-0.166667,-4,36047007200,11220,0,189,227,229,-0.167401,-38,-0.174672,-40
72,2007,1,25,20,21,28,28,0.190476,4,-0.107143,-3,-0.107143,-3,36047007200,11220,0,228,259,226,-0.119691,-31,0.00885,2
72,2007,2,18,25,23,21,21,-0.217391,-5,-0.142857,-3,-0.142857,-3,36047007200,11220,1,266,242,253,0.099174,24,0.051383,13
72,2007,3,21,18,27,22,22,-0.222222,-6,-0.045455,-1,-0.045455,-1,36047007200,11220,0,232,219,253,0.059361,13,-0.083004,-21
72,2007,4,26,21,16,20,20,0.625,10,0.3,6,0.3,6,36047007200,11220,0,201,220,247,-0.086364,-19,-0.186235,-46
72,2007,5,19,26,25,30,30,-0.24,-6,-0.366667,-11,-0.366667,-11,36047007200,11220,1,217,232,240,-0.064655,-15,-0.095833,-23
72,2008,0,12,12,20,20,20,-0.4,-8,-0.4,-8,-0.4,-8,36047007200,11220,1,216,189,252,0.142857,27,-0.142857,-36
72,2008,1,21,12,25,23,23,-0.16,-4,-0.086957,-2,-0.086957,-2,36047007200,11220,0,215,228,254,-0.057018,-13,-0.153543,-39
72,2008,2,22,21,18,34,34,0.222222,4,-0.352941,-12,-0.352941,-12,36047007200,11220,0,230,266,231,-0.135338,-36,-0.004329,-1
72,2008,3,20,22,21,16,16,-0.047619,-1,0.25,4,0.25,4,36047007200,11220,0,249,232,230,0.073276,17,0.082609,19
72,2008,4,24,20,26,22,22,-0.076923,-2,0.090909,2,0.090909,2,36047007200,11220,0,224,201,229,0.114428,23,-0.021834,-5
72,2008,5,28,24,19,19,19,0.473684,9,0.473684,9,0.473684,9,36047007200,11220,0,189,217,240,-0.129032,-28,-0.2125,-51
72,2009,0,21,21,12,28,28,0.75,9,-0.25,-7,-0.25,-7,36047007200,11220,0,257,216,227,0.189815,41,0.132159,30
72,2009,1,19,21,21,21,21,-0.095238,-2,-0.095238,-2,-0.095238,-2,36047007200,11220,0,275,215,259,0.27907,60,0.061776,16
72,2009,2,24,19,22,23,23,0.090909,2,0.043478,1,0.043478,1,36047007200,11220,0,253,230,242,0.1,23,0.045455,11
72,2009,3,19,24,20,27,27,-0.05,-1,-0.296296,-8,-0.296296,-8,36047007200,11220,0,235,249,219,-0.056225,-14,0.073059,16
72,2009,4,22,19,24,16,16,-0.083333,-2,0.375,6,0.375,6,36047007200,11220,0,243,224,220,0.084821,19,0.104545,23
72,2009,5,22,22,28,25,25,-0.214286,-6,-0.12,-3,-0.12,-3,36047007200,11220,0,238,189,232,0.259259,49,0.025862,6
72,2010,0,26,26,21,20,20,0.238095,5,0.3,6,0.3,6,36047007200,11220,0,284,257,189,0.105058,27,0.502646,95
72,2010,1,21,26,19,25,25,0.105263,2,-0.16,-4,-0.16,-4,36047007200,11220,0,257,275,228,-0.065455,-18,0.127193,29
72,2010,2,20,21,24,18,18,-0.166667,-4,0.111111,2,0.111111,2,36047007200,11220,0,284,253,266,0.12253,31,0.067669,18
72,2010,3,21,20,19,21,21,0.105263,2,0,0,0,0,36047007200,11220,0,264,235,232,0.123404,29,0.137931,32
72,2010,4,21,21,22,26,26,-0.045455,-1,-0.192308,-5,-0.192308,-5,36047007200,11220,0,233,243,201,-0.041152,-10,0.159204,32
72,2010,5,23,21,22,19,19,0.045455,1,0.210526,4,0.210526,4,36047007200,11220,0,239,238,217,0.004202,1,0.101382,22
74,2001,0,89,89,89,89,89,0,0,0,0,0,0,36047007400,11220,0,221,221,221,0,0,0,0
74,2001,1,105,89,105,105,105,0,0,0,0,0,0,36047007400,11220,0,258,258,258,0,0,0,0
74,2001,2,82,105,82,82,82,0,0,0,0,0,0,36047007400,11220,1,276,276,276,0,0,0,0
74,2001,3,81,82,81,81,81,0,0,0,0,0,0,36047007400,11220,1,248,248,248,0,0,0,0
74,2001,4,63,81,63,63,63,0,0,0,0,0,0,36047007400,11220,1,233,233,233,0,0,0,0
74,2001,5,75,63,75,75,75,0,0,0,0,0,0,36047007400,11220,0,236,236,236,0,0,0,0
74,2002,0,82,82,89,82,82,-0.078652,-7,0,0,0,0,36047007400,11220,0,203,221,203,-0.081448,-18,0,0
74,2002,1,94,82,105,94,94,-0.104762,-11,0,0,0,0,36047007400,11220,0,237,258,237,-0.081395,-21,0,0
74,2002,2,98,94,82,98,98,0.195122,16,0,0,0,0,36047007400,11220,0,250,276,250,-0.094203,-26,0,0
74,2002,3,87,98,81,87,87,0.074074,6,0,0,0,0,36047007400,11220,0,272,248,272,0.096774,24,0,0
74,2002,4,72,87,63,72,72,0.142857,9,0,0,0,0,36047007400,11220,1,236,233,236,0.012876,3,0,0
74,2002,5,62,72,75,62,62,-0.173333,-13,0,0,0,0,36047007400,11220,1,211,236,211,-0.105932,-25,0,0
74,2003,0,76,76,82,76,76,-0.073171,-6,0,0,0,0,36047007400,11220,1,229,203,229,0.128079,26,0,0
74,2003,1,89,76,94,89,89,-0.053191,-5,0,0,0,0,36047007400,11220,0,212,237,212,-0.105485,-25,0,0
74,2003,2,91,89,98,91,91,-0.071429,-7,0,0,0,0,36047007400,11220,0,246,250,246,-0.016,-4,0,0
74,2003,3,91,91,87,91,91,0.045977,4,0,0,0,0,36047007400,11220,0,232,272,232,-0.147059,-40,0,0
74,2003,4,75,91,72,75,75,0.041667,3,0,0,0,0,36047007400,11220,0,264,236,264,0.118644,28,0,0
74,2003,5,60,75,62,60,60,-0.032258,-2,0,0,0,0,36047007400,11220,1,228,211,228,0.080569,17,0,0
74,2004,0,77,77,76,89,89,0.013158,1,-0.134831,-12,-0.134831,-12,36047007400,11220,1,215,229,221,-0.061135,-14,-0.027149,-6
74,2004,1,66,77,89,105,105,-0.258427,-23,-0.371429,-39,-0.371429,-39,36047007400,11220,1,237,212,258,0.117925,25,-0.081395,-21
74,2004,2,85,66,91,82,82,-0.065934,-6,0.036585,3,0.036585,3,36047007400,11220,0,214,246,276,-0.130081,-32,-0.224638,-62
74,2004,3,82,85,91,81,81,-0.098901,-9,0.012346,1,0.012346,1,36047007400,11220,0,221,232,248,-0.047414,-11,-0.108871,-27
74,2004,4,89,82,75,63,63,0.186667,14,0.412698,26,0.412698,26,36047007400,11220,0,212,264,233,-0.19697,-52,-0.090129,-21
74,2004,5,66,89,60,75,75,0.1,6,-0.12,-9,-0.12,-9,36047007400,11220,1,250,228,236,0.096491,22,0.059322,14
74,2005,0,89,89,77,82,82,0.155844,12,0.085366,7,0.085366,7,36047007400,11220,0,231,215,203,0.074419,16,0.137931,28
74,2005,1,86,89,66,94,94,0.30303,20,-0.085106,-8,-0.085106,-8,36047007400,11220,0,232,237,237,-0.021097,-5,-0.021097,-5
74,2005,2,73,86,85,98,98,-0.141176,-12,-0.255102,-25,-0.255102,-25,36047007400,11220,1,246,214,250,0.149533,32,-0.016,-4
74,2005,3,80,73,82,87,87,-0.02439,-2,-0.08046,-7,-0.08046,-7,36047007400,11220,0,201,221,272,-0.090498,-20,-0.261029,-71
74,2005,4,72,80,89,72,72,-0.191011,-17,0,0,0,0,36047007400,11220,0,202,212,236,-0.04717,-10,-0.144068,-34
74,2005,5,86,72,66,62,62,0.30303,20,0.387097,24,0.387097,24,36047007400,11220,0,215,250,211,-0.14,-35,0.018957,4
74,2006,0,87,87,89,76,76,-0.022472,-2,0.144737,11,0.144737,11,36047007400,11220,0,199,231,229,-0.138528,-32,-0.131004,-30
74,2006,1,83,87,86,89,89,-0.034884,-3,-0.067416,-6,-0.067416,-6,36047007400,11220,0,248,232,212,0.068966,16,0.169811,36
74,2006,2,81,83,73,91,91,0.109589,8,-0.10989,-10,-0.10989,-10,36047007400,11220,0,226,246,246,-0.081301,-20,-0.081301,-20
74,2006,3,68,81,80,91,91,-0.15,-12,-0.252747,-23,-0.252747,-23,36047007400,11220,1,232,201,232,0.154229,31,0,0
74,2006,4,78,68,72,75,75,0.083333,6,0.04,3,0.04,3,36047007400,11220,0,178,202,264,-0.118812,-24,-0.325758,-86
74,2006,5,75,78,86,60,60,-0.127907,-11,0.25,15,0.25,15,36047007400,11220,0,208,215,228,-0.032558,-7,-0.087719,-20
74,2007,0,75,75,87,77,77,-0.137931,-12,-0.025974,-2,-0.025974,-2,36047007400,11220,1,170,199,215,-0.145729,-29,-0.209302,-45
74,2007,1,78,75,83,66,66,-0.060241,-5,0.181818,12,0.181818,12,36047007400,11220,1,207,248,237,-0.165323,-41,-0.126582,-30
74,2007,2,87,78,81,85,85,0.074074,6,0.023529,2,0.023529,2,36047007400,11220,0,246,226,214,0.088496,20,0.149533,32
74,2007,3,79,87,68,82,82,0.161765,11,-0.036585,-3,-0.036585,-3,36047007400,11220,1,217,232,221,-0.064655,-15,-0.0181,-4
74,2007,4,61,79,78,89,89,-0.217949,-17,-0.314607,-28,-0.314607,-28,36047007400,11220,1,212,178,212,0.191011,34,0,0
74,2007,5,83,61,75,66,66,0.106667,8,0.257576,17,0.257576,17,36047007400,11220,0,176,208,250,-0.153846,-32,-0.296,-74
74,2008,0,84,84,75,89,89,0.12,9,-0.05618,-5,-0.05618,-5,36047007400,11220,1,179,170,231,0.052941,9,-0.225108,-52
74,2008,1,76,84,78,86,86,-0.025641,-2,-0.116279,-10,-0.116279,-10,36047007400,11220,1,206,207,232,-0.004831,-1,-0.112069,-26
74,2008,2,74,76,87,73,73,-0.149425,-13,0.013699,1,0.013699,1,36047007400,11220,1,210,246,246,-0.146341,-36,-0.146341,-36
74,2008,3,84,74,79,80,80,0.063291,5,0.05,4,0.05,4,36047007400,11220,1,233,217,201,0.073733,16,0.159204,32
74,2008,4,73,84,61,72,72,0.196721,12,0.013889,1,0.013889,1,36047007400,11220,1,227,212,202,0.070755,15,0.123762,25
74,2008,5,64,73,83,86,86,-0.228916,-19,-0.255814,-22,-0.255814,-22,36047007400,11220,1,201,176,215,0.142045,25,-0.065116,-14
74,2009,0,95,95,84,87,87,0.130952,11,0.091954,8,0.091954,8,36047007400,11220,0,257,179,199,0.435754,78,0.291457,58
74,2009,1,110,95,76,83,83,0.447368,34,0.325301,27,0.325301,27,36047007400,11220,0,238,206,248,0.15534,32,-0.040323,-10
74,2009,2,81,110,74,81,81,0.094595,7,0,0,0,0,36047007400,11220,0,251,210,226,0.195238,41,0.110619,25
74,2009,3,84,81,84,68,68,0,0,0.235294,16,0.235294,16,36047007400,11220,0,222,233,232,-0.04721,-11,-0.043103,-10
74,2009,4,86,84,73,78,78,0.178082,13,0.102564,8,0.102564,8,36047007400,11220,0,235,227,178,0.035242,8,0.320225,57
74,2009,5,76,86,64,75,75,0.1875,12,0.013333,1,0.013333,1,36047007400,11220,0,241,201,208,0.199005,40,0.158654,33
74,2010,0,101,101,95,75,75,0.063158,6,0.346667,26,0.346667,26,36047007400,11220,0,289,257,170,0.124514,32,0.7,119
74,2010,1,96,101,110,78,78,-0.127273,-14,0.230769,18,0.230769,18,36047007400,11220,0,259,238,207,0.088235,21,0.251208,52
74,2010,2,111,96,81,87,87,0.37037,30,0.275862,24,0.275862,24,36047007400,11220,0,257,251,246,0.023904,6,0.044715,11
74,2010,3,88,111,84,79,79,0.047619,4,0.113924,9,0.113924,9,36047007400,11220,0,258,222,217,0.162162,36,0.18894,41
74,2010,4,82,88,86,61,61,-0.046512,-4,0.344262,21,0.344262,21,36047007400,11220,0,228,235,212,-0.029787,-7,0.075472,16
74,2010,5,81,82,76,83,83,0.065789,5,-0.024096,-2,-0.024096,-2,36047007400,11220,0,238,241,176,-0.012448,-3,0.352273,62
75,2001,0,1,1,1,1,1,0,0,0,0,0,0,36047007500,11217,0,0,0,0,0,0,0,0
75,2002,1,1,0,0,1,1,1,1,0,0,0,0,36047007500,11217,0,0,0,0,0,0,0,0
76,2001,0,38,38,38,38,38,0,0,0,0,0,0,36047007600,11220,1,159,159,159,0,0,0,0
76,2001,1,46,38,46,46,46,0,0,0,0,0,0,36047007600,11220,0,195,195,195,0,0,0,0
76,2001,2,40,46,40,40,40,0,0,0,0,0,0,36047007600,11220,0,170,170,170,0,0,0,0
76,2001,3,34,40,34,34,34,0,0,0,0,0,0,36047007600,11220,1,170,170,170,0,0,0,0
76,2001,4,34,34,34,34,34,0,0,0,0,0,0,36047007600,11220,0,144,144,144,0,0,0,0
76,2001,5,40,34,40,40,40,0,0,0,0,0,0,36047007600,11220,0,156,156,156,0,0,0,0
76,2002,0,32,32,38,32,32,-0.157895,-6,0,0,0,0,36047007600,11220,0,156,159,156,-0.018868,-3,0,0
76,2002,1,39,32,46,39,39,-0.152174,-7,0,0,0,0,36047007600,11220,1,173,195,173,-0.112821,-22,0,0
76,2002,2,50,39,40,50,50,0.25,10,0,0,0,0,36047007600,11220,0,182,170,182,0.070588,12,0,0
76,2002,3,44,50,34,44,44,0.294118,10,0,0,0,0,36047007600,11220,0,171,170,171,0.005882,1,0,0
76,2002,4,30,44,34,30,30,-0.117647,-4,0,0,0,0,36047007600,11220,1,159,144,159,0.104167,15,0,0
76,2002,5,25,30,40,25,25,-0.375,-15,0,0,0,0,36047007600,11220,1,132,156,132,-0.153846,-24,0,0
76,2003,0,46,46,32,46,46,0.4375,14,0,0,0,0,36047007600,11220,0,158,156,158,0.012821,2,0,0
76,2003,1,34,46,39,34,34,-0.128205,-5,0,0,0,0,36047007600,11220,0,167,173,167,-0.034682,-6,0,0
76,2003,2,38,34,50,38,38,-0.24,-12,0,0,0,0,36047007600,11220,1,183,182,183,0.005495,1,0,0
76,2003,3,47,38,44,47,47,0.068182,3,0,0,0,0,36047007600,11220,0,164,171,164,-0.040936,-7,0,0
76,2003,4,36,47,30,36,36,0.2,6,0,0,0,0,36047007600,11220,1,165,159,165,0.037736,6,0,0
76,2003,5,25,36,25,25,25,0,0,0,0,0,0,36047007600,11220,1,149,132,149,0.128788,17,0,0
76,2004,0,32,32,46,38,38,-0.304348,-14,-0.157895,-6,-0.157895,-6,36047007600,11220,0,155,158,159,-0.018987,-3,-0.025157,-4
76,2004,1,44,32,34,46,46,0.294118,10,-0.043478,-2,-0.043478,-2,36047007600,11220,0,158,167,195,-0.053892,-9,-0.189744,-37
76,2004,2,36,44,38,40,40,-0.052632,-2,-0.1,-4,-0.1,-4,36047007600,11220,0,157,183,170,-0.142077,-26,-0.076471,-13
76,2004,3,42,36,47,34,34,-0.106383,-5,0.235294,8,0.235294,8,36047007600,11220,1,154,164,170,-0.060976,-10,-0.094118,-16
76,2004,4,43,42,36,34,34,0.194444,7,0.264706,9,0.264706,9,36047007600,11220,0,162,165,144,-0.018182,-3,0.125,18
76,2004,5,32,43,25,40,40,0.28,7,-0.2,-8,-0.2,-8,36047007600,11220,1,148,149,156,-0.006711,-1,-0.051282,-8
76,2005,0,34,34,32,32,32,0.0625,2,0.0625,2,0.0625,2,36047007600,11220,0,175,155,156,0.129032,20,0.121795,19
76,2005,1,35,34,44,39,39,-0.204545,-9,-0.102564,-4,-0.102564,-4,36047007600,11220,0,163,158,173,0.031646,5,-0.057803,-10
76,2005,2,43,35,36,50,50,0.194444,7,-0.14,-7,-0.14,-7,36047007600,11220,0,164,157,182,0.044586,7,-0.098901,-18
76,2005,3,33,43,42,44,44,-0.214286,-9,-0.25,-11,-0.25,-11,36047007600,11220,0,155,154,171,0.006494,1,-0.093567,-16
76,2005,4,42,33,43,30,30,-0.023256,-1,0.4,12,0.4,12,36047007600,11220,0,131,162,159,-0.191358,-31,-0.176101,-28
76,2005,5,47,42,32,25,25,0.46875,15,0.88,22,0.88,22,36047007600,11220,0,158,148,132,0.067568,10,0.19697,26
76,2006,0,27,27,34,46,46,-0.205882,-7,-0.413043,-19,-0.413043,-19,36047007600,11220,0,161,175,158,-0.08,-14,0.018987,3
76,2006,1,33,27,35,34,34,-0.057143,-2,-0.029412,-1,-0.029412,-1,36047007600,11220,0,178,163,167,0.092025,15,0.065868,11
76,2006,2,33,33,43,38,38,-0.232558,-10,-0.131579,-5,-0.131579,-5,36047007600,11220,0,155,164,183,-0.054878,-9,-0.153005,-28
76,2006,3,46,33,33,47,47,0.393939,13,-0.021277,-1,-0.021277,-1,36047007600,11220,0,160,155,164,0.032258,5,-0.02439,-4
76,2006,4,30,46,42,36,36,-0.285714,-12,-0.166667,-6,-0.166667,-6,36047007600,11220,1,140,131,165,0.068702,9,-0.151515,-25
76,2006,5,45,30,47,25,25,-0.042553,-2,0.8,20,0.8,20,36047007600,11220,0,134,158,149,-0.151899,-24,-0.100671,-15
76,2007,0,29,29,27,32,32,0.074074,2,-0.09375,-3,-0.09375,-3,36047007600,11220,0,133,161,155,-0.173913,-28,-0.141935,-22
76,2007,1,30,29,33,44,44,-0.090909,-3,-0.318182,-14,-0.318182,-14,36047007600,11220,1,152,178,158,-0.146067,-26,-0.037975,-6
76,2007,2,36,30,33,36,36,0.090909,3,0,0,0,0,36047007600,11220,1,176,155,157,0.135484,21,0.121019,19
76,2007,3,34,36,46,42,42,-0.26087,-12,-0.190476,-8,-0.190476,-8,36047007600,11220,0,155,160,154,-0.03125,-5,0.006494,1
76,2007,4,42,34,30,43,43,0.4,12,-0.023256,-1,-0.023256,-1,36047007600,11220,0,138,140,162,-0.014286,-2,-0.148148,-24
76,2007,5,30,42,45,32,32,-0.333333,-15,-0.0625,-2,-0.0625,-2,36047007600,11220,1,144,134,148,0.074627,10,-0.027027,-4
76,2008,0,29,29,29,34,34,0,0,-0.147059,-5,-0.147059,-5,36047007600,11220,1,161,133,175,0.210526,28,-0.08,-14
76,2008,1,31,29,30,35,35,0.033333,1,-0.114286,-4,-0.114286,-4,36047007600,11220,0,153,152,163,0.006579,1,-0.06135,-10
76,2008,2,35,31,36,43,43,-0.027778,-1,-0.186047,-8,-0.186047,-8,36047007600,11220,1,149,176,164,-0.153409,-27,-0.091463,-15
76,2008,3,37,35,34,33,33,0.088235,3,0.121212,4,0.121212,4,36047007600,11220,1,169,155,155,0.090323,14,0.090323,14
76,2008,4,35,37,42,42,42,-0.166667,-7,-0.166667,-7,-0.166667,-7,36047007600,11220,0,155,138,131,0.123188,17,0.183206,24
76,2008,5,34,35,30,47,47,0.133333,4,-0.276596,-13,-0.276596,-13,36047007600,11220,0,143,144,158,-0.006944,-1,-0.094937,-15
76,2009,0,28,28,29,27,27,-0.034483,-1,0.037037,1,0.037037,1,36047007600,11220,0,211,161,161,0.310559,50,0.310559,50
76,2009,1,41,28,31,33,33,0.322581,10,0.242424,8,0.242424,8,36047007600,11220,0,217,153,178,0.418301,64,0.219101,39
76,2009,2,42,41,35,33,33,0.2,7,0.272727,9,0.272727,9,36047007600,11220,0,171,149,155,0.147651,22,0.103226,16
76,2009,3,28,42,37,46,46,-0.243243,-9,-0.391304,-18,-0.391304,-18,36047007600,11220,0,183,169,160,0.08284,14,0.14375,23
76,2009,4,27,28,35,30,30,-0.228571,-8,-0.1,-3,-0.1,-3,36047007600,11220,0,178,155,140,0.148387,23,0.271429,38
76,2009,5,33,27,34,45,45,-0.029412,-1,-0.266667,-12,-0.266667,-12,36047007600,11220,0,168,143,134,0.174825,25,0.253731,34
76,2010,0,36,36,28,29,29,0.285714,8,0.241379,7,0.241379,7,36047007600,11220,0,234,211,133,0.109005,23,0.759398,101
76,2010,1,24,36,41,30,30,-0.414634,-17,-0.2,-6,-0.2,-6,36047007600,11220,0,220,217,152,0.013825,3,0.447368,68
76,2010,2,42,24,42,36,36,0,0,0.166667,6,0.166667,6,36047007600,11220,0,233,171,176,0.362573,62,0.323864,57
76,2010,3,41,42,28,34,34,0.464286,13,0.205882,7,0.205882,7,36047007600,11220,0,189,183,155,0.032787,6,0.219355,34
76,2010,4,28,41,27,42,42,0.037037,1,-0.333333,-14,-0.333333,-14,36047007600,11220,0,180,178,138,0.011236,2,0.304348,42
76,2010,5,29,28,33,30,30,-0.121212,-4,-0.033333,-1,-0.033333,-1,36047007600,11220,0,187,168,144,0.113095,19,0.298611,43
78,2001,4,1,0,1,1,1,0,0,0,0,0,0,36047007800,11220,0,70,70,70,0,0,0,0
78,2002,5,1,0,0,1,1,1,1,0,0,0,0,36047007800,11220,0,55,70,55,-0.214286,-15,0,0
80,2001,0,1,1,1,1,1,0,0,0,0,0,0,36047008000,11220,0,4,4,4,0,0,0,0
82,2001,1,1,0,1,1,1,0,0,0,0,0,0,36047008200,11220,0,0,0,0,0,0,0,0
82,2002,0,1,1,0,1,1,1,1,0,0,0,0,36047008200,11220,0,0,1,0,-1,-1,0,0
82,2002,2,1,0,0,1,1,1,1,0,0,0,0,36047008200,11220,0,0,1,0,-1,-1,0,0
82,2003,1,1,0,0,1,1,1,1,0,0,0,0,36047008200,11220,0,0,0,0,0,0,0,0
82,2003,3,1,0,0,1,1,1,1,0,0,0,0,36047008200,11220,0,0,2,0,-1,-2,0,0
82,2004,4,1,0,0,0,0,1,1,1,1,1,1,36047008200,11220,0,1,2,1,-0.5,-1,0,0
82,2005,5,1,0,0,0,0,1,1,1,1,1,1,36047008200,11220,0,1,1,1,0,0,0,0
90,2002,5,1,0,0,1,1,1,1,0,0,0,0,36047009000,11232,0,6,9,6,-0.333333,-3,0,0
94,2001,0,12,12,12,12,12,0,0,0,0,0,0,36047009400,11220,0,62,62,62,0,0,0,0
94,2001,1,14,12,14,14,14,0,0,0,0,0,0,36047009400,11220,0,62,62,62,0,0,0,0
94,2001,2,3,14,3,3,3,0,0,0,0,0,0,36047009400,11220,1,45,45,45,0,0,0,0
94,2001,3,10,3,10,10,10,0,0,0,0,0,0,36047009400,11220,0,46,46,46,0,0,0,0
94,2001,4,8,10,8,8,8,0,0,0,0,0,0,36047009400,11220,0,40,40,40,0,0,0,0
94,2001,5,8,8,8,8,8,0,0,0,0,0,0,36047009400,11220,1,53,53,53,0,0,0,0
94,2002,0,10,10,12,10,10,-0.166667,-2,0,0,0,0,36047009400,11220,1,36,62,36,-0.419355,-26,0,0
94,2002,1,10,10,14,10,10,-0.285714,-4,0,0,0,0,36047009400,11220,0,57,62,57,-0.080645,-5,0,0
94,2002,2,9,10,3,9,9,2,6,0,0,0,0,36047009400,11220,0,53,45,53,0.177778,8,0,0
94,2002,3,2,9,10,2,2,-0.8,-8,0,0,0,0,36047009400,11220,1,40,46,40,-0.130435,-6,0,0
94,2002,4,11,2,8,11,11,0.375,3,0,0,0,0,36047009400,11220,0,48,40,48,0.2,8,0,0
94,2002,5,6,11,8,6,6,-0.25,-2,0,0,0,0,36047009400,11220,0,35,53,35,-0.339623,-18,0,0
94,2003,0,6,6,10,6,6,-0.4,-4,0,0,0,0,36047009400,11220,0,46,36,46,0.277778,10,0,0
94,2003,1,10,6,10,10,10,0,0,0,0,0,0,36047009400,11220,1,37,57,37,-0.350877,-20,0,0
94,2003,2,10,10,9,10,10,0.111111,1,0,0,0,0,36047009400,11220,0,51,53,51,-0.037736,-2,0,0
94,2003,3,9,10,2,9,9,3.5,7,0,0,0,0,36047009400,11220,0,46,40,46,0.15,6,0,0
94,2003,4,4,9,11,4,4,-0.636364,-7,0,0,0,0,36047009400,11220,1,30,48,30,-0.375,-18,0,0
94,2003,5,12,4,6,12,12,1,6,0,0,0,0,36047009400,11220,0,37,35,37,0.057143,2,0,0
94,2004,0,13,13,6,12,12,1.166667,7,0.083333,1,0.083333,1,36047009400,11220,0,45,46,62,-0.021739,-1,-0.274194,-17
94,2004,1,7,13,10,14,14,-0.3,-3,-0.5,-7,-0.5,-7,36047009400,11220,0,53,37,62,0.432432,16,-0.145161,-9
94,2004,2,10,7,10,3,3,0,0,2.333333,7,2.333333,7,36047009400,11220,1,37,51,45,-0.27451,-14,-0.177778,-8
94,2004,3,8,10,9,10,10,-0.111111,-1,-0.2,-2,-0.2,-2,36047009400,11220,0,53,46,46,0.152174,7,0.152174,7
94,2004,4,8,8,4,8,8,1,4,0,0,0,0,36047009400,11220,0,46,30,40,0.533333,16,0.15,6
94,2004,5,4,8,12,8,8,-0.666667,-8,-0.5,-4,-0.5,-4,36047009400,11220,1,27,37,53,-0.27027,-10,-0.490566,-26
94,2005,0,7,7,13,10,10,-0.461538,-6,-0.3,-3,-0.3,-3,36047009400,11220,0,42,45,36,-0.066667,-3,0.166667,6
94,2005,1,15,7,7,10,10,1.142857,8,0.5,5,0.5,5,36047009400,11220,0,39,53,57,-0.264151,-14,-0.315789,-18
94,2005,2,10,15,10,9,9,0,0,0.111111,1,0.111111,1,36047009400,11220,0,52,37,53,0.405405,15,-0.018868,-1
94,2005,3,11,10,8,2,2,0.375,3,4.5,9,4.5,9,36047009400,11220,1,44,53,40,-0.169811,-9,0.1,4
94,2005,4,11,11,8,11,11,0.375,3,0,0,0,0,36047009400,11220,0,46,46,48,0,0,-0.041667,-2
94,2005,5,9,11,4,6,6,1.25,5,0.5,3,0.5,3,36047009400,11220,0,46,27,35,0.703704,19,0.314286,11
94,2006,0,12,12,7,6,6,0.714286,5,1,6,1,6,36047009400,11220,0,54,42,46,0.285714,12,0.173913,8
94,2006,1,6,12,15,10,10,-0.6,-9,-0.4,-4,-0.4,-4,36047009400,11220,0,52,39,37,0.333333,13,0.405405,15
94,2006,2,14,6,10,10,10,0.4,4,0.4,4,0.4,4,36047009400,11220,0,43,52,51,-0.173077,-9,-0.156863,-8
94,2006,3,10,14,11,9,9,-0.090909,-1,0.111111,1,0.111111,1,36047009400,11220,0,48,44,46,0.090909,4,0.043478,2
94,2006,4,8,10,11,4,4,-0.272727,-3,1,4,1,4,36047009400,11220,1,47,46,30,0.021739,1,0.566667,17
94,2006,5,12,8,9,12,12,0.333333,3,0,0,0,0,36047009400,11220,0,49,46,37,0.065217,3,0.324324,12
94,2007,0,7,7,12,13,13,-0.416667,-5,-0.461538,-6,-0.461538,-6,36047009400,11220,1,44,54,45,-0.185185,-10,-0.022222,-1
94,2007,1,8,7,6,7,7,0.333333,2,0.142857,1,0.142857,1,36047009400,11220,1,59,52,53,0.134615,7,0.113208,6
94,2007,2,5,8,14,10,10,-0.642857,-9,-0.5,-5,-0.5,-5,36047009400,11220,1,44,43,37,0.023256,1,0.189189,7
94,2007,3,14,5,10,8,8,0.4,4,0.75,6,0.75,6,36047009400,11220,0,37,48,53,-0.229167,-11,-0.301887,-16
94,2007,4,9,14,8,8,8,0.125,1,0.125,1,0.125,1,36047009400,11220,0,46,47,46,-0.021277,-1,0,0
94,2007,5,6,9,12,4,4,-0.5,-6,0.5,2,0.5,2,36047009400,11220,1,47,49,27,-0.040816,-2,0.740741,20
94,2008,0,6,6,7,7,7,-0.142857,-1,-0.142857,-1,-0.142857,-1,36047009400,11220,1,54,44,42,0.227273,10,0.285714,12
94,2008,1,8,6,8,15,15,0,0,-0.466667,-7,-0.466667,-7,36047009400,11220,0,50,59,39,-0.152542,-9,0.282051,11
94,2008,2,7,8,5,10,10,0.4,2,-0.3,-3,-0.3,-3,36047009400,11220,1,61,44,52,0.386364,17,0.173077,9
94,2008,3,7,7,14,11,11,-0.5,-7,-0.363636,-4,-0.363636,-4,36047009400,11220,1,38,37,44,0.027027,1,-0.136364,-6
94,2008,4,13,7,9,11,11,0.444444,4,0.181818,2,0.181818,2,36047009400,11220,0,44,46,46,-0.043478,-2,-0.043478,-2
94,2008,5,10,13,6,9,9,0.666667,4,0.111111,1,0.111111,1,36047009400,11220,0,42,47,46,-0.106383,-5,-0.086957,-4
94,2009,0,11,11,6,12,12,0.833333,5,-0.083333,-1,-0.083333,-1,36047009400,11220,0,60,54,54,0.111111,6,0.111111,6
94,2009,1,12,11,8,6,6,0.5,4,1,6,1,6,36047009400,11220,0,71,50,52,0.42,21,0.365385,19
94,2009,2,9,12,7,14,14,0.285714,2,-0.357143,-5,-0.357143,-5,36047009400,11220,0,67,61,43,0.098361,6,0.55814,24
94,2009,3,12,9,7,10,10,0.714286,5,0.2,2,0.2,2,36047009400,11220,0,64,38,48,0.684211,26,0.333333,16
94,2009,4,7,12,13,8,8,-0.461538,-6,-0.125,-1,-0.125,-1,36047009400,11220,0,51,44,47,0.159091,7,0.085106,4
94,2009,5,9,7,10,12,12,-0.1,-1,-0.25,-3,-0.25,-3,36047009400,11220,0,46,42,49,0.095238,4,-0.061224,-3
94,2010,0,13,13,11,7,7,0.181818,2,0.857143,6,0.857143,6,36047009400,11220,0,62,60,44,0.033333,2,0.409091,18
94,2010,1,10,13,12,8,8,-0.166667,-2,0.25,2,0.25,2,36047009400,11220,0,77,71,59,0.084507,6,0.305085,18
94,2010,2,16,10,9,5,5,0.777778,7,2.2,11,2.2,11,36047009400,11220,0,74,67,44,0.104478,7,0.681818,30
94,2010,3,10,16,12,14,14,-0.166667,-2,-0.285714,-4,-0.285714,-4,36047009400,11220,0,66,64,37,0.03125,2,0.783784,29
94,2010,4,11,10,7,9,9,0.571429,4,0.222222,2,0.222222,2,36047009400,11220,0,67,51,46,0.313725,16,0.456522,21
94,2010,5,6,11,9,6,6,-0.333333,-3,0,0,0,0,36047009400,11220,0,56,46,47,0.217391,10,0.191489,9
96,2001,2,1,0,1,1,1,0,0,0,0,0,0,36047009600,11220,0,38,38,38,0,0,0,0
96,2001,4,1,0,1,1,1,0,0,0,0,0,0,36047009600,11220,0,35,35,35,0,0,0,0
96,2001,5,2,1,2,2,2,0,0,0,0,0,0,36047009600,11220,0,44,44,44,0,0,0,0
96,2002,3,2,0,0,2,2,1,2,0,0,0,0,36047009600,11220,0,34,39,34,-0.128205,-5,0,0
96,2002,5,1,0,2,1,1,-0.5,-1,0,0,0,0,36047009600,11220,0,29,44,29,-0.340909,-15,0,0
96,2003,4,2,0,0,2,2,1,2,0,0,0,0,36047009600,11220,0,26,42,26,-0.380952,-16,0,0
96,2004,4,1,0,2,1,1,-0.5,-1,0,0,0,0,36047009600,11220,0,36,26,35,0.384615,10,0.028571,1
96,2004,5,1,1,0,2,2,1,1,-0.5,-1,-0.5,-1,36047009600,11220,0,24,40,44,-0.4,-16,-0.454545,-20
96,2005,5,1,0,1,1,1,0,0,0,0,0,0,36047009600,11220,0,35,24,29,0.458333,11,0.206897,6
98,2001,1,1,0,1,1,1,0,0,0,0,0,0,36047009800,11220,0,122,122,122,0,0,0,0
98,2001,2,3,1,3,3,3,0,0,0,0,0,0,36047009800,11220,0,108,108,108,0,0,0,0
98,2001,3,1,3,1,1,1,0,0,0,0,0,0,36047009800,11220,0,103,103,103,0,0,0,0
98,2002,2,1,0,3,1,1,-0.666667,-2,0,0,0,0,36047009800,11220,0,116,108,116,0.074074,8,0,0
98,2002,3,3,1,1,3,3,2,2,0,0,0,0,36047009800,11220,0,110,103,110,0.067961,7,0,0
98,2002,4,1,3,0,1,1,1,1,0,0,0,0,36047009800,11220,0,107,100,107,0.07,7,0,0
98,2003,3,2,0,3,2,2,-0.333333,-1,0,0,0,0,36047009800,11220,0,102,110,102,-0.072727,-8,0,0
98,2003,4,2,2,1,2,2,1,1,0,0,0,0,36047009800,11220,0,97,107,97,-0.093458,-10,0,0
98,2003,5,1,2,0,1,1,1,1,0,0,0,0,36047009800,11220,0,98,93,98,0.053763,5,0,0
98,2004,4,2,0,2,0,0,0,0,1,2,1,2,36047009800,11220,0,95,97,100,-0.020619,-2,-0.05,-5
98,2004,5,1,2,1,0,0,0,0,1,1,1,1,36047009800,11220,0,85,98,107,-0.132653,-13,-0.205607,-22
98,2005,5,2,0,1,0,0,1,1,1,2,1,2,36047009800,11220,0,84,85,93,-0.011765,-1,-0.096774,-9
100,2001,0,28,28,28,28,28,0,0,0,0,0,0,36047010000,11220,0,185,185,185,0,0,0,0
100,2001,1,31,28,31,31,31,0,0,0,0,0,0,36047010000,11220,0,234,234,234,0,0,0,0
100,2001,2,27,31,27,27,27,0,0,0,0,0,0,36047010000,11220,1,228,228,228,0,0,0,0
100,2001,3,24,27,24,24,24,0,0,0,0,0,0,36047010000,11220,0,199,199,199,0,0,0,0
100,2001,4,28,24,28,28,28,0,0,0,0,0,0,36047010000,11220,0,185,185,185,0,0,0,0
100,2001,5,23,28,23,23,23,0,0,0,0,0,0,36047010000,11220,1,192,192,192,0,0,0,0
100,2002,0,33,33,28,33,33,0.178571,5,0,0,0,0,36047010000,11220,0,189,185,189,0.021622,4,0,0
100,2002,1,29,33,31,29,29,-0.064516,-2,0,0,0,0,36047010000,11220,0,209,234,209,-0.106838,-25,0,0
100,2002,2,34,29,27,34,34,0.259259,7,0,0,0,0,36047010000,11220,0,217,228,217,-0.048246,-11,0,0
100,2002,3,23,34,24,23,23,-0.041667,-1,0,0,0,0,36047010000,11220,0,230,199,230,0.155779,31,0,0
100,2002,4,25,23,28,25,25,-0.107143,-3,0,0,0,0,36047010000,11220,0,195,185,195,0.054054,10,0,0
100,2002,5,24,25,23,24,24,0.043478,1,0,0,0,0,36047010000,11220,0,174,192,174,-0.09375,-18,0,0
100,2003,0,21,21,33,21,21,-0.363636,-12,0,0,0,0,36047010000,11220,1,216,189,216,0.142857,27,0,0
100,2003,1,32,21,29,32,32,0.103448,3,0,0,0,0,36047010000,11220,0,203,209,203,-0.028708,-6,0,0
100,2003,2,37,32,34,37,37,0.088235,3,0,0,0,0,36047010000,11220,0,199,217,199,-0.082949,-18,0,0
100,2003,3,26,37,23,26,26,0.130435,3,0,0,0,0,36047010000,11220,0,202,230,202,-0.121739,-28,0,0
100,2003,4,22,26,25,22,22,-0.12,-3,0,0,0,0,36047010000,11220,0,221,195,221,0.133333,26,0,0
100,2003,5,26,22,24,26,26,0.083333,2,0,0,0,0,36047010000,11220,0,195,174,195,0.12069,21,0,0
100,2004,0,21,21,21,28,28,0,0,-0.25,-7,-0.25,-7,36047010000,11220,1,207,216,185,-0.041667,-9,0.118919,22
100,2004,1,24,21,32,31,31,-0.25,-8,-0.225806,-7,-0.225806,-7,36047010000,11220,1,222,203,234,0.093596,19,-0.051282,-12
100,2004,2,29,24,37,27,27,-0.216216,-8,0.074074,2,0.074074,2,36047010000,11220,0,195,199,228,-0.020101,-4,-0.144737,-33
100,2004,3,25,29,26,24,24,-0.038462,-1,0.041667,1,0.041667,1,36047010000,11220,0,190,202,199,-0.059406,-12,-0.045226,-9
100,2004,4,24,25,22,28,28,0.090909,2,-0.142857,-4,-0.142857,-4,36047010000,11220,0,192,221,185,-0.131222,-29,0.037838,7
100,2004,5,17,24,26,23,23,-0.346154,-9,-0.26087,-6,-0.26087,-6,36047010000,11220,0,209,195,192,0.071795,14,0.088542,17
100,2005,0,26,26,21,33,33,0.238095,5,-0.212121,-7,-0.212121,-7,36047010000,11220,0,204,207,189,-0.014493,-3,0.079365,15
100,2005,1,22,26,24,29,29,-0.083333,-2,-0.241379,-7,-0.241379,-7,36047010000,11220,0,207,222,209,-0.067568,-15,-0.009569,-2
100,2005,2,24,22,29,34,34,-0.172414,-5,-0.294118,-10,-0.294118,-10,36047010000,11220,0,208,195,217,0.066667,13,-0.041475,-9
100,2005,3,23,24,25,23,23,-0.08,-2,0,0,0,0,36047010000,11220,0,197,190,230,0.036842,7,-0.143478,-33
100,2005,4,18,23,24,25,25,-0.25,-6,-0.28,-7,-0.28,-7,36047010000,11220,0,180,192,195,-0.0625,-12,-0.076923,-15
100,2005,5,20,18,17,24,24,0.176471,3,-0.166667,-4,-0.166667,-4,36047010000,11220,1,187,209,174,-0.105263,-22,0.074713,13
100,2006,0,24,24,26,21,21,-0.076923,-2,0.142857,3,0.142857,3,36047010000,11220,1,177,204,216,-0.132353,-27,-0.180556,-39
100,2006,1,27,24,22,32,32,0.227273,5,-0.15625,-5,-0.15625,-5,36047010000,11220,0,212,207,203,0.024155,5,0.044335,9
100,2006,2,17,27,24,37,37,-0.291667,-7,-0.540541,-20,-0.540541,-20,36047010000,11220,1,206,208,199,-0.009615,-2,0.035176,7
100,2006,3,24,17,23,26,26,0.043478,1,-0.076923,-2,-0.076923,-2,36047010000,11220,0,219,197,202,0.111675,22,0.084158,17
100,2006,4,24,24,18,22,22,0.333333,6,0.090909,2,0.090909,2,36047010000,11220,0,178,180,221,-0.011111,-2,-0.19457,-43
100,2006,5,15,24,20,26,26,-0.25,-5,-0.423077,-11,-0.423077,-11,36047010000,11220,0,174,187,195,-0.069519,-13,-0.107692,-21
100,2007,0,9,9,24,21,21,-0.625,-15,-0.571429,-12,-0.571429,-12,36047010000,11220,1,168,177,207,-0.050847,-9,-0.188406,-39
100,2007,1,23,9,27,24,24,-0.148148,-4,-0.041667,-1,-0.041667,-1,36047010000,11220,1,181,212,222,-0.146226,-31,-0.184685,-41
100,2007,2,25,23,17,29,29,0.470588,8,-0.137931,-4,-0.137931,-4,36047010000,11220,0,205,206,195,-0.004854,-1,0.051282,10
100,2007,3,17,25,24,25,25,-0.291667,-7,-0.32,-8,-0.32,-8,36047010000,11220,1,206,219,190,-0.059361,-13,0.084211,16
100,2007,4,16,17,24,24,24,-0.333333,-8,-0.333333,-8,-0.333333,-8,36047010000,11220,1,200,178,192,0.123596,22,0.041667,8
100,2007,5,23,16,15,17,17,0.533333,8,0.352941,6,0.352941,6,36047010000,11220,0,178,174,209,0.022989,4,-0.148325,-31
100,2008,0,27,27,9,26,26,2,18,0.038462,1,0.038462,1,36047010000,11220,1,187,168,204,0.113095,19,-0.083333,-17
100,2008,1,17,27,23,22,22,-0.26087,-6,-0.227273,-5,-0.227273,-5,36047010000,11220,1,194,181,207,0.071823,13,-0.062802,-13
100,2008,2,22,17,25,24,24,-0.12,-3,-0.083333,-2,-0.083333,-2,36047010000,11220,1,180,205,208,-0.121951,-25,-0.134615,-28
100,2008,3,24,22,17,23,23,0.411765,7,0.043478,1,0.043478,1,36047010000,11220,1,195,206,197,-0.053398,-11,-0.010152,-2
100,2008,4,16,24,16,18,18,0,0,-0.111111,-2,-0.111111,-2,36047010000,11220,1,216,200,180,0.08,16,0.2,36
100,2008,5,15,16,23,20,20,-0.347826,-8,-0.25,-5,-0.25,-5,36047010000,11220,1,190,178,187,0.067416,12,0.016043,3
100,2009,0,32,32,27,24,24,0.185185,5,0.333333,8,0.333333,8,36047010000,11220,0,241,187,177,0.28877,54,0.361582,64
100,2009,1,35,32,17,27,27,1.058824,18,0.296296,8,0.296296,8,36047010000,11220,0,267,194,212,0.376289,73,0.259434,55
100,2009,2,21,35,22,17,17,-0.045455,-1,0.235294,4,0.235294,4,36047010000,11220,0,250,180,206,0.388889,70,0.213592,44
100,2009,3,27,21,24,24,24,0.125,3,0.125,3,0.125,3,36047010000,11220,0,205,195,219,0.051282,10,-0.063927,-14
100,2009,4,25,27,16,24,24,0.5625,9,0.041667,1,0.041667,1,36047010000,11220,0,213,216,178,-0.013889,-3,0.196629,35
100,2009,5,21,25,15,15,15,0.4,6,0.4,6,0.4,6,36047010000,11220,0,209,190,174,0.1,19,0.201149,35
100,2010,0,34,34,32,9,9,0.0625,2,2.777778,25,2.777778,25,36047010000,11220,0,307,241,168,0.273859,66,0.827381,139
100,2010,1,36,34,35,23,23,0.028571,1,0.565217,13,0.565217,13,36047010000,11220,0,275,267,181,0.029963,8,0.519337,94
100,2010,2,38,36,21,25,25,0.809524,17,0.52,13,0.52,13,36047010000,11220,0,297,250,205,0.188,47,0.44878,92
100,2010,3,27,38,27,17,17,0,0,0.588235,10,0.588235,10,36047010000,11220,0,278,205,206,0.356098,73,0.349515,72
100,2010,4,24,27,25,16,16,-0.04,-1,0.5,8,0.5,8,36047010000,11220,0,220,213,200,0.032864,7,0.1,20
100,2010,5,36,24,21,23,23,0.714286,15,0.565217,13,0.565217,13,36047010000,11220,0,221,209,178,0.057416,12,0.241573,43
102,2001,0,37,37,37,37,37,0,0,0,0,0,0,36047010200,11220,1,308,308,308,0,0,0,0
102,2001,1,53,37,53,53,53,0,0,0,0,0,0,36047010200,11220,0,367,367,367,0,0,0,0
102,2001,2,60,53,60,60,60,0,0,0,0,0,0,36047010200,11220,0,324,324,324,0,0,0,0
102,2001,3,60,60,60,60,60,0,0,0,0,0,0,36047010200,11220,0,289,289,289,0,0,0,0
102,2001,4,44,60,44,44,44,0,0,0,0,0,0,36047010200,11220,1,290,290,290,0,0,0,0
102,2001,5,51,44,51,51,51,0,0,0,0,0,0,36047010200,11220,1,282,282,282,0,0,0,0
102,2002,0,34,34,37,34,34,-0.081081,-3,0,0,0,0,36047010200,11220,1,316,308,316,0.025974,8,0,0
102,2002,1,47,34,53,47,47,-0.113208,-6,0,0,0,0,36047010200,11220,1,328,367,328,-0.106267,-39,0,0
102,2002,2,45,47,60,45,45,-0.25,-15,0,0,0,0,36047010200,11220,0,356,324,356,0.098765,32,0,0
102,2002,3,59,45,60,59,59,-0.016667,-1,0,0,0,0,36047010200,11220,0,318,289,318,0.100346,29,0,0
102,2002,4,59,59,44,59,59,0.340909,15,0,0,0,0,36047010200,11220,0,275,290,275,-0.051724,-15,0,0
102,2002,5,39,59,51,39,39,-0.235294,-12,0,0,0,0,36047010200,11220,1,267,282,267,-0.053191,-15,0,0
102,2003,0,56,56,34,56,56,0.647059,22,0,0,0,0,36047010200,11220,0,296,316,296,-0.063291,-20,0,0
102,2003,1,39,56,47,39,39,-0.170213,-8,0,0,0,0,36047010200,11220,1,321,328,321,-0.021341,-7,0,0
102,2003,2,51,39,45,51,51,0.133333,6,0,0,0,0,36047010200,11220,1,325,356,325,-0.087079,-31,0,0
102,2003,3,39,51,59,39,39,-0.338983,-20,0,0,0,0,36047010200,11220,1,321,318,321,0.009434,3,0,0
102,2003,4,65,39,59,65,65,0.101695,6,0,0,0,0,36047010200,11220,0,287,275,287,0.043636,12,0,0
102,2003,5,61,65,39,61,61,0.564103,22,0,0,0,0,36047010200,11220,0,267,267,267,0,0,0,0
102,2004,0,54,54,56,37,37,-0.035714,-2,0.459459,17,0.459459,17,36047010200,11220,0,278,296,308,-0.060811,-18,-0.097403,-30
102,2004,1,60,54,39,53,53,0.538462,21,0.132075,7,0.132075,7,36047010200,11220,0,293,321,367,-0.087227,-28,-0.201635,-74
102,2004,2,38,60,51,60,60,-0.254902,-13,-0.366667,-22,-0.366667,-22,36047010200,11220,1,317,325,324,-0.024615,-8,-0.021605,-7
102,2004,3,42,38,39,60,60,0.076923,3,-0.3,-18,-0.3,-18,36047010200,11220,1,294,321,289,-0.084112,-27,0.017301,5
102,2004,4,42,42,65,44,44,-0.353846,-23,-0.045455,-2,-0.045455,-2,36047010200,11220,0,293,287,290,0.020906,6,0.010345,3
102,2004,5,63,42,61,51,51,0.032787,2,0.235294,12,0.235294,12,36047010200,11220,0,272,267,282,0.018727,5,-0.035461,-10
102,2005,0,53,53,54,34,34,-0.018519,-1,0.558824,19,0.558824,19,36047010200,11220,0,325,278,316,0.169065,47,0.028481,9
102,2005,1,49,53,60,47,47,-0.183333,-11,0.042553,2,0.042553,2,36047010200,11220,0,303,293,328,0.03413,10,-0.07622,-25
102,2005,2,57,49,38,45,45,0.5,19,0.266667,12,0.266667,12,36047010200,11220,0,302,317,356,-0.047319,-15,-0.151685,-54
102,2005,3,47,57,42,59,59,0.119048,5,-0.20339,-12,-0.20339,-12,36047010200,11220,1,286,294,318,-0.027211,-8,-0.100629,-32
102,2005,4,36,47,42,59,59,-0.142857,-6,-0.389831,-23,-0.389831,-23,36047010200,11220,1,270,293,275,-0.078498,-23,-0.018182,-5
102,2005,5,44,36,63,39,39,-0.301587,-19,0.128205,5,0.128205,5,36047010200,11220,0,284,272,267,0.044118,12,0.06367,17
102,2006,0,46,46,53,56,56,-0.132075,-7,-0.178571,-10,-0.178571,-10,36047010200,11220,0,288,325,296,-0.113846,-37,-0.027027,-8
102,2006,1,61,46,49,39,39,0.244898,12,0.564103,22,0.564103,22,36047010200,11220,0,317,303,321,0.046205,14,-0.012461,-4
102,2006,2,51,61,57,51,51,-0.105263,-6,0,0,0,0,36047010200,11220,0,282,302,325,-0.066225,-20,-0.132308,-43
102,2006,3,59,51,47,39,39,0.255319,12,0.512821,20,0.512821,20,36047010200,11220,0,295,286,321,0.031469,9,-0.080997,-26
102,2006,4,34,59,36,65,65,-0.055556,-2,-0.476923,-31,-0.476923,-31,36047010200,11220,1,274,270,287,0.014815,4,-0.045296,-13
102,2006,5,38,34,44,61,61,-0.136364,-6,-0.377049,-23,-0.377049,-23,36047010200,11220,1,275,284,267,-0.03169,-9,0.029963,8
102,2007,0,41,41,46,54,54,-0.108696,-5,-0.240741,-13,-0.240741,-13,36047010200,11220,1,232,288,278,-0.194444,-56,-0.165468,-46
102,2007,1,46,41,61,60,60,-0.245902,-15,-0.233333,-14,-0.233333,-14,36047010200,11220,1,293,317,293,-0.07571,-24,0,0
102,2007,2,56,46,51,38,38,0.098039,5,0.473684,18,0.473684,18,36047010200,11220,1,323,282,317,0.14539,41,0.018927,6
102,2007,3,53,56,59,42,42,-0.101695,-6,0.261905,11,0.261905,11,36047010200,11220,1,271,295,294,-0.081356,-24,-0.078231,-23
102,2007,4,50,53,34,42,42,0.470588,16,0.190476,8,0.190476,8,36047010200,11220,1,265,274,293,-0.032847,-9,-0.095563,-28
102,2007,5,32,50,38,63,63,-0.157895,-6,-0.492063,-31,-0.492063,-31,36047010200,11220,1,280,275,272,0.018182,5,0.029412,8
102,2008,0,44,44,41,53,53,0.073171,3,-0.169811,-9,-0.169811,-9,36047010200,11220,1,287,232,325,0.237069,55,-0.116923,-38
102,2008,1,50,44,46,49,49,0.086957,4,0.020408,1,0.020408,1,36047010200,11220,1,270,293,303,-0.078498,-23,-0.108911,-33
102,2008,2,47,50,56,57,57,-0.160714,-9,-0.175439,-10,-0.175439,-10,36047010200,11220,1,290,323,302,-0.102167,-33,-0.039735,-12
102,2008,3,52,47,53,47,47,-0.018868,-1,0.106383,5,0.106383,5,36047010200,11220,1,309,271,286,0.140221,38,0.08042,23
102,2008,4,59,52,50,36,36,0.18,9,0.638889,23,0.638889,23,36047010200,11220,1,269,265,270,0.015094,4,-0.003704,-1
102,2008,5,53,59,32,44,44,0.65625,21,0.204545,9,0.204545,9,36047010200,11220,1,251,280,284,-0.103571,-29,-0.116197,-33
102,2009,0,78,78,44,46,46,0.772727,34,0.695652,32,0.695652,32,36047010200,11220,0,343,287,288,0.195122,56,0.190972,55
102,2009,1,66,78,50,61,61,0.32,16,0.081967,5,0.081967,5,36047010200,11220,0,392,270,317,0.451852,122,0.236593,75
102,2009,2,61,66,47,51,51,0.297872,14,0.196078,10,0.196078,10,36047010200,11220,0,336,290,282,0.158621,46,0.191489,54
102,2009,3,67,61,52,59,59,0.288462,15,0.135593,8,0.135593,8,36047010200,11220,0,314,309,295,0.016181,5,0.064407,19
102,2009,4,58,67,59,34,34,-0.016949,-1,0.705882,24,0.705882,24,36047010200,11220,0,316,269,274,0.174721,47,0.153285,42
102,2009,5,64,58,53,38,38,0.207547,11,0.684211,26,0.684211,26,36047010200,11220,0,287,251,275,0.143426,36,0.043636,12
102,2010,0,95,95,78,41,41,0.217949,17,1.317073,54,1.317073,54,36047010200,11220,0,392,343,232,0.142857,49,0.689655,160
102,2010,1,83,95,66,46,46,0.257576,17,0.804348,37,0.804348,37,36047010200,11220,0,365,392,293,-0.068878,-27,0.245734,72
102,2010,2,78,83,61,56,56,0.278689,17,0.392857,22,0.392857,22,36047010200,11220,0,407,336,323,0.21131,71,0.260062,84
102,2010,3,64,78,67,53,53,-0.044776,-3,0.207547,11,0.207547,11,36047010200,11220,0,357,314,271,0.136943,43,0.317343,86
102,2010,4,69,64,58,50,50,0.189655,11,0.38,19,0.38,19,36047010200,11220,0,306,316,265,-0.031646,-10,0.154717,41
102,2010,5,65,69,64,32,32,0.015625,1,1.03125,33,1.03125,33,36047010200,11220,0,317,287,280,0.10453,30,0.132143,37
104,2001,0,67,67,67,67,67,0,0,0,0,0,0,36047010400,11220,1,193,193,193,0,0,0,0
104,2001,1,79,67,79,79,79,0,0,0,0,0,0,36047010400,11220,1,238,238,238,0,0,0,0
104,2001,2,77,79,77,77,77,0,0,0,0,0,0,36047010400,11220,0,216,216,216,0,0,0,0
104,2001,3,53,77,53,53,53,0,0,0,0,0,0,36047010400,11220,1,232,232,232,0,0,0,0
104,2001,4,63,53,63,63,63,0,0,0,0,0,0,36047010400,11220,0,199,199,199,0,0,0,0
104,2001,5,55,63,55,55,55,0,0,0,0,0,0,36047010400,11220,1,194,194,194,0,0,0,0
104,2002,0,86,86,67,86,86,0.283582,19,0,0,0,0,36047010400,11220,0,190,193,190,-0.015544,-3,0,0
104,2002,1,76,86,79,76,76,-0.037975,-3,0,0,0,0,36047010400,11220,1,221,238,221,-0.071429,-17,0,0
104,2002,2,71,76,77,71,71,-0.077922,-6,0,0,0,0,36047010400,11220,1,231,216,231,0.069444,15,0,0
104,2002,3,68,71,53,68,68,0.283019,15,0,0,0,0,36047010400,11220,0,225,232,225,-0.030172,-7,0,0
104,2002,4,53,68,63,53,53,-0.15873,-10,0,0,0,0,36047010400,11220,1,233,199,233,0.170854,34,0,0
104,2002,5,65,53,55,65,65,0.181818,10,0,0,0,0,36047010400,11220,0,188,194,188,-0.030928,-6,0,0
104,2003,0,73,73,86,73,73,-0.151163,-13,0,0,0,0,36047010400,11220,1,207,190,207,0.089474,17,0,0
104,2003,1,83,73,76,83,83,0.092105,7,0,0,0,0,36047010400,11220,0,217,221,217,-0.0181,-4,0,0
104,2003,2,67,83,71,67,67,-0.056338,-4,0,0,0,0,36047010400,11220,1,217,231,217,-0.060606,-14,0,0
104,2003,3,67,67,68,67,67,-0.014706,-1,0,0,0,0,36047010400,11220,1,214,225,214,-0.048889,-11,0,0
104,2003,4,65,67,53,65,65,0.226415,12,0,0,0,0,36047010400,11220,0,229,233,229,-0.017167,-4,0,0
104,2003,5,63,65,65,63,63,-0.030769,-2,0,0,0,0,36047010400,11220,0,221,188,221,0.175532,33,0,0
104,2004,0,67,67,73,67,67,-0.082192,-6,0,0,0,0,36047010400,11220,0,219,207,193,0.057971,12,0.134715,26
104,2004,1,79,67,83,79,79,-0.048193,-4,0,0,0,0,36047010400,11220,0,225,217,238,0.036866,8,-0.054622,-13
104,2004,2,81,79,67,77,77,0.208955,14,0.051948,4,0.051948,4,36047010400,11220,0,210,217,216,-0.032258,-7,-0.027778,-6
104,2004,3,66,81,67,53,53,-0.014925,-1,0.245283,13,0.245283,13,36047010400,11220,1,197,214,232,-0.079439,-17,-0.150862,-35
104,2004,4,60,66,65,63,63,-0.076923,-5,-0.047619,-3,-0.047619,-3,36047010400,11220,1,210,229,199,-0.082969,-19,0.055276,11
104,2004,5,65,60,63,55,55,0.031746,2,0.181818,10,0.181818,10,36047010400,11220,0,223,221,194,0.00905,2,0.149485,29
104,2005,0,78,78,67,86,86,0.164179,11,-0.093023,-8,-0.093023,-8,36047010400,11220,0,233,219,190,0.063927,14,0.226316,43
104,2005,1,73,78,79,76,76,-0.075949,-6,-0.039474,-3,-0.039474,-3,36047010400,11220,0,222,225,221,-0.013333,-3,0.004525,1
104,2005,2,74,73,81,71,71,-0.08642,-7,0.042254,3,0.042254,3,36047010400,11220,0,212,210,231,0.009524,2,-0.082251,-19
104,2005,3,77,74,66,68,68,0.166667,11,0.132353,9,0.132353,9,36047010400,11220,0,212,197,225,0.076142,15,-0.057778,-13
104,2005,4,65,77,60,53,53,0.083333,5,0.226415,12,0.226415,12,36047010400,11220,0,175,210,233,-0.166667,-35,-0.248927,-58
104,2005,5,54,65,65,65,65,-0.169231,-11,-0.169231,-11,-0.169231,-11,36047010400,11220,1,207,223,188,-0.071749,-16,0.101064,19
104,2006,0,69,69,78,73,73,-0.115385,-9,-0.054795,-4,-0.054795,-4,36047010400,11220,1,236,233,207,0.012876,3,0.140097,29
104,2006,1,72,69,73,83,83,-0.013699,-1,-0.13253,-11,-0.13253,-11,36047010400,11220,0,249,222,217,0.121622,27,0.147465,32
104,2006,2,67,72,74,67,67,-0.094595,-7,0,0,0,0,36047010400,11220,0,216,212,217,0.018868,4,-0.004608,-1
104,2006,3,74,67,77,67,67,-0.038961,-3,0.104478,7,0.104478,7,36047010400,11220,0,235,212,214,0.108491,23,0.098131,21
104,2006,4,70,74,65,65,65,0.076923,5,0.076923,5,0.076923,5,36047010400,11220,0,209,175,229,0.194286,34,-0.087336,-20
104,2006,5,63,70,54,63,63,0.166667,9,0,0,0,0,36047010400,11220,0,173,207,221,-0.164251,-34,-0.217195,-48
104,2007,0,61,61,69,67,67,-0.115942,-8,-0.089552,-6,-0.089552,-6,36047010400,11220,1,169,236,219,-0.283898,-67,-0.228311,-50
104,2007,1,69,61,72,79,79,-0.041667,-3,-0.126582,-10,-0.126582,-10,36047010400,11220,1,240,249,225,-0.036145,-9,0.066667,15
104,2007,2,71,69,67,81,81,0.059701,4,-0.123457,-10,-0.123457,-10,36047010400,11220,1,230,216,210,0.064815,14,0.095238,20
104,2007,3,67,71,74,66,66,-0.094595,-7,0.015152,1,0.015152,1,36047010400,11220,1,215,235,197,-0.085106,-20,0.091371,18
104,2007,4,65,67,70,60,60,-0.071429,-5,0.083333,5,0.083333,5,36047010400,11220,1,217,209,210,0.038278,8,0.033333,7
104,2007,5,71,65,63,65,65,0.126984,8,0.092308,6,0.092308,6,36047010400,11220,0,202,173,223,0.16763,29,-0.09417,-21
104,2008,0,77,77,61,78,78,0.262295,16,-0.012821,-1,-0.012821,-1,36047010400,11220,1,236,169,233,0.39645,67,0.012876,3
104,2008,1,71,77,69,73,73,0.028986,2,-0.027397,-2,-0.027397,-2,36047010400,11220,1,197,240,222,-0.179167,-43,-0.112613,-25
104,2008,2,68,71,71,74,74,-0.042254,-3,-0.081081,-6,-0.081081,-6,36047010400,11220,1,228,230,212,-0.008696,-2,0.075472,16
104,2008,3,68,68,67,77,77,0.014925,1,-0.116883,-9,-0.116883,-9,36047010400,11220,1,226,215,212,0.051163,11,0.066038,14
104,2008,4,69,68,65,65,65,0.061538,4,0.061538,4,0.061538,4,36047010400,11220,1,223,217,175,0.02765,6,0.274286,48
104,2008,5,65,69,71,54,54,-0.084507,-6,0.203704,11,0.203704,11,36047010400,11220,1,212,202,207,0.049505,10,0.024155,5
104,2009,0,92,92,77,69,69,0.194805,15,0.333333,23,0.333333,23,36047010400,11220,0,311,236,236,0.317797,75,0.317797,75
104,2009,1,113,92,71,72,72,0.591549,42,0.569444,41,0.569444,41,36047010400,11220,0,318,197,249,0.614213,121,0.277108,69
104,2009,2,91,113,68,67,67,0.338235,23,0.358209,24,0.358209,24,36047010400,11220,0,277,228,216,0.214912,49,0.282407,61
104,2009,3,75,91,68,74,74,0.102941,7,0.013514,1,0.013514,1,36047010400,11220,0,276,226,235,0.221239,50,0.174468,41
104,2009,4,78,75,69,70,70,0.130435,9,0.114286,8,0.114286,8,36047010400,11220,0,260,223,209,0.165919,37,0.244019,51
104,2009,5,62,78,65,63,63,-0.046154,-3,-0.015873,-1,-0.015873,-1,36047010400,11220,0,246,212,173,0.160377,34,0.421965,73
104,2010,0,107,107,92,61,61,0.163043,15,0.754098,46,0.754098,46,36047010400,11220,0,356,311,169,0.144695,45,1.106509,187
104,2010,1,108,107,113,69,69,-0.044248,-5,0.565217,39,0.565217,39,36047010400,11220,0,364,318,240,0.144654,46,0.516667,124
104,2010,2,121,108,91,71,71,0.32967,30,0.704225,50,0.704225,50,36047010400,11220,0,342,277,230,0.234657,65,0.486957,112
104,2010,3,104,121,75,67,67,0.386667,29,0.552239,37,0.552239,37,36047010400,11220,0,298,276,215,0.07971,22,0.386047,83
104,2010,4,82,104,78,65,65,0.051282,4,0.261538,17,0.261538,17,36047010400,11220,0,282,260,217,0.084615,22,0.299539,65
104,2010,5,71,82,62,71,71,0.145161,9,0,0,0,0,36047010400,11220,0,289,246,202,0.174797,43,0.430693,87
106,2001,0,43,43,43,43,43,0,0,0,0,0,0,36047010600,11220,0,211,211,211,0,0,0,0
106,2001,1,55,43,55,55,55,0,0,0,0,0,0,36047010600,11220,0,222,222,222,0,0,0,0
106,2001,2,48,55,48,48,48,0,0,0,0,0,0,36047010600,11220,0,181,181,181,0,0,0,0
106,2001,3,51,48,51,51,51,0,0,0,0,0,0,36047010600,11220,0,171,171,171,0,0,0,0
106,2001,4,43,51,43,43,43,0,0,0,0,0,0,36047010600,11220,1,177,177,177,0,0,0,0
106,2001,5,46,43,46,46,46,0,0,0,0,0,0,36047010600,11220,0,160,160,160,0,0,0,0
106,2002,0,37,37,43,37,37,-0.139535,-6,0,0,0,0,36047010600,11220,1,208,211,208,-0.014218,-3,0,0
106,2002,1,47,37,55,47,47,-0.145455,-8,0,0,0,0,36047010600,11220,0,224,222,224,0.009009,2,0,0
106,2002,2,50,47,48,50,50,0.041667,2,0,0,0,0,36047010600,11220,0,201,181,201,0.110497,20,0,0
106,2002,3,56,50,51,56,56,0.098039,5,0,0,0,0,36047010600,11220,0,171,171,171,0,0,0,0
106,2002,4,52,56,43,52,52,0.209302,9,0,0,0,0,36047010600,11220,0,174,177,174,-0.016949,-3,0,0
106,2002,5,44,52,46,44,44,-0.043478,-2,0,0,0,0,36047010600,11220,1,170,160,170,0.0625,10,0,0
106,2003,0,41,41,37,41,41,0.108108,4,0,0,0,0,36047010600,11220,0,179,208,179,-0.139423,-29,0,0
106,2003,1,47,41,47,47,47,0,0,0,0,0,0,36047010600,11220,1,210,224,210,-0.0625,-14,0,0
106,2003,2,43,47,50,43,43,-0.14,-7,0,0,0,0,36047010600,11220,0,213,201,213,0.059701,12,0,0
106,2003,3,47,43,56,47,47,-0.160714,-9,0,0,0,0,36047010600,11220,0,187,171,187,0.093567,16,0,0
106,2003,4,53,47,52,53,53,0.019231,1,0,0,0,0,36047010600,11220,0,163,174,163,-0.063218,-11,0,0
106,2003,5,45,53,44,45,45,0.022727,1,0,0,0,0,36047010600,11220,0,180,170,180,0.058824,10,0,0
106,2004,0,54,54,41,43,43,0.317073,13,0.255814,11,0.255814,11,36047010600,11220,0,192,179,211,0.072626,13,-0.090047,-19
106,2004,1,39,54,47,55,55,-0.170213,-8,-0.290909,-16,-0.290909,-16,36047010600,11220,1,201,210,222,-0.042857,-9,-0.094595,-21
106,2004,2,40,39,43,48,48,-0.069767,-3,-0.166667,-8,-0.166667,-8,36047010600,11220,1,208,213,181,-0.023474,-5,0.149171,27
106,2004,3,40,40,47,51,51,-0.148936,-7,-0.215686,-11,-0.215686,-11,36047010600,11220,0,197,187,171,0.053476,10,0.152047,26
106,2004,4,45,40,53,43,43,-0.150943,-8,0.046512,2,0.046512,2,36047010600,11220,0,175,163,177,0.07362,12,-0.011299,-2
106,2004,5,48,45,45,46,46,0.066667,3,0.043478,2,0.043478,2,36047010600,11220,0,162,180,160,-0.1,-18,0.0125,2
106,2005,0,39,39,54,37,37,-0.277778,-15,0.054054,2,0.054054,2,36047010600,11220,0,214,192,208,0.114583,22,0.028846,6
106,2005,1,50,39,39,47,47,0.282051,11,0.06383,3,0.06383,3,36047010600,11220,0,202,201,224,0.004975,1,-0.098214,-22
106,2005,2,34,50,40,50,50,-0.15,-6,-0.32,-16,-0.32,-16,36047010600,11220,1,189,208,201,-0.091346,-19,-0.059701,-12
106,2005,3,40,34,40,56,56,0,0,-0.285714,-16,-0.285714,-16,36047010600,11220,1,204,197,171,0.035533,7,0.192982,33
106,2005,4,37,40,45,52,52,-0.177778,-8,-0.288462,-15,-0.288462,-15,36047010600,11220,1,182,175,174,0.04,7,0.045977,8
106,2005,5,40,37,48,44,44,-0.166667,-8,-0.090909,-4,-0.090909,-4,36047010600,11220,1,166,162,170,0.024691,4,-0.023529,-4
106,2006,0,35,35,39,41,41,-0.102564,-4,-0.146341,-6,-0.146341,-6,36047010600,11220,0,228,214,179,0.065421,14,0.273743,49
106,2006,1,46,35,50,47,47,-0.08,-4,-0.021277,-1,-0.021277,-1,36047010600,11220,0,228,202,210,0.128713,26,0.085714,18
106,2006,2,55,46,34,43,43,0.617647,21,0.27907,12,0.27907,12,36047010600,11220,0,187,189,213,-0.010582,-2,-0.122066,-26
106,2006,3,40,55,40,47,47,0,0,-0.148936,-7,-0.148936,-7,36047010600,11220,0,201,204,187,-0.014706,-3,0.074866,14
106,2006,4,44,40,37,53,53,0.189189,7,-0.169811,-9,-0.169811,-9,36047010600,11220,1,202,182,163,0.10989,20,0.239264,39
106,2006,5,28,44,40,45,45,-0.3,-12,-0.377778,-17,-0.377778,-17,36047010600,11220,1,188,166,180,0.13253,22,0.044444,8
106,2007,0,37,37,35,54,54,0.057143,2,-0.314815,-17,-0.314815,-17,36047010600,11220,1,164,228,192,-0.280702,-64,-0.145833,-28
106,2007,1,36,37,46,39,39,-0.217391,-10,-0.076923,-3,-0.076923,-3,36047010600,11220,1,227,228,201,-0.004386,-1,0.129353,26
106,2007,2,42,36,55,40,40,-0.236364,-13,0.05,2,0.05,2,36047010600,11220,1,208,187,208,0.112299,21,0,0
106,2007,3,52,42,40,40,40,0.3,12,0.3,12,0.3,12,36047010600,11220,0,186,201,197,-0.074627,-15,-0.055838,-11
106,2007,4,43,52,44,45,45,-0.022727,-1,-0.044444,-2,-0.044444,-2,36047010600,11220,1,180,202,175,-0.108911,-22,0.028571,5
106,2007,5,45,43,28,48,48,0.607143,17,-0.0625,-3,-0.0625,-3,36047010600,11220,1,196,188,162,0.042553,8,0.209877,34
106,2008,0,37,37,37,39,39,0,0,-0.051282,-2,-0.051282,-2,36047010600,11220,1,234,164,214,0.426829,70,0.093458,20
106,2008,1,42,37,36,50,50,0.166667,6,-0.16,-8,-0.16,-8,36047010600,11220,1,189,227,202,-0.167401,-38,-0.064356,-13
106,2008,2,30,42,42,34,34,-0.285714,-12,-0.117647,-4,-0.117647,-4,36047010600,11220,1,222,208,189,0.067308,14,0.174603,33
106,2008,3,38,30,52,40,40,-0.269231,-14,-0.05,-2,-0.05,-2,36047010600,11220,1,205,186,204,0.102151,19,0.004902,1
106,2008,4,53,38,43,37,37,0.232558,10,0.432432,16,0.432432,16,36047010600,11220,0,188,180,182,0.044444,8,0.032967,6
106,2008,5,38,53,45,40,40,-0.155556,-7,-0.05,-2,-0.05,-2,36047010600,11220,1,174,196,166,-0.112245,-22,0.048193,8
106,2009,0,43,43,37,35,35,0.162162,6,0.228571,8,0.228571,8,36047010600,11220,0,291,234,228,0.24359,57,0.276316,63
106,2009,1,47,43,42,46,46,0.119048,5,0.021739,1,0.021739,1,36047010600,11220,0,329,189,228,0.740741,140,0.442982,101
106,2009,2,56,47,30,55,55,0.866667,26,0.018182,1,0.018182,1,36047010600,11220,0,271,222,187,0.220721,49,0.449198,84
106,2009,3,35,56,38,40,40,-0.078947,-3,-0.125,-5,-0.125,-5,36047010600,11220,0,250,205,201,0.219512,45,0.243781,49
106,2009,4,50,35,53,44,44,-0.056604,-3,0.136364,6,0.136364,6,36047010600,11220,0,235,188,202,0.25,47,0.163366,33
106,2009,5,50,50,38,28,28,0.315789,12,0.785714,22,0.785714,22,36047010600,11220,0,187,174,188,0.074713,13,-0.005319,-1
106,2010,0,69,69,43,37,37,0.604651,26,0.864865,32,0.864865,32,36047010600,11220,0,306,291,164,0.051546,15,0.865854,142
106,2010,1,60,69,47,36,36,0.276596,13,0.666667,24,0.666667,24,36047010600,11220,0,344,329,227,0.045593,15,0.515419,117
106,2010,2,56,60,56,42,42,0,0,0.333333,14,0.333333,14,36047010600,11220,0,340,271,208,0.254613,69,0.634615,132
106,2010,3,69,56,35,52,52,0.971429,34,0.326923,17,0.326923,17,36047010600,11220,0,292,250,186,0.168,42,0.569892,106
106,2010,4,41,69,50,43,43,-0.18,-9,-0.046512,-2,-0.046512,-2,36047010600,11220,0,259,235,180,0.102128,24,0.438889,79
106,2010,5,56,41,50,45,45,0.12,6,0.244444,11,0.244444,11,36047010600,11220,0,241,187,196,0.28877,54,0.229592,45
108,2001,0,44,44,44,44,44,0,0,0,0,0,0,36047010800,11220,0,133,133,133,0,0,0,0
108,2001,1,36,44,36,36,36,0,0,0,0,0,0,36047010800,11220,0,157,157,157,0,0,0,0
108,2001,2,32,36,32,32,32,0,0,0,0,0,0,36047010800,11220,1,106,106,106,0,0,0,0
108,2001,3,28,32,28,28,28,0,0,0,0,0,0,36047010800,11220,0,135,135,135,0,0,0,0
108,2001,4,27,28,27,27,27,0,0,0,0,0,0,36047010800,11220,0,115,115,115,0,0,0,0
108,2001,5,36,27,36,36,36,0,0,0,0,0,0,36047010800,11220,0,109,109,109,0,0,0,0
108,2002,0,30,30,44,30,30,-0.318182,-14,0,0,0,0,36047010800,11220,1,102,133,102,-0.233083,-31,0,0
108,2002,1,39,30,36,39,39,0.083333,3,0,0,0,0,36047010800,11220,0,145,157,145,-0.076433,-12,0,0
108,2002,2,32,39,32,32,32,0,0,0,0,0,0,36047010800,11220,0,135,106,135,0.273585,29,0,0
108,2002,3,29,32,28,29,29,0.035714,1,0,0,0,0,36047010800,11220,1,118,135,118,-0.125926,-17,0,0
108,2002,4,30,29,27,30,30,0.111111,3,0,0,0,0,36047010800,11220,0,136,115,136,0.182609,21,0,0
108,2002,5,23,30,36,23,23,-0.361111,-13,0,0,0,0,36047010800,11220,0,113,109,113,0.036697,4,0,0
108,2003,0,28,28,30,28,28,-0.066667,-2,0,0,0,0,36047010800,11220,0,116,102,116,0.137255,14,0,0
108,2003,1,30,28,39,30,30,-0.230769,-9,0,0,0,0,36047010800,11220,0,119,145,119,-0.17931,-26,0,0
108,2003,2,39,30,32,39,39,0.21875,7,0,0,0,0,36047010800,11220,0,125,135,125,-0.074074,-10,0,0
108,2003,3,29,39,29,29,29,0,0,0,0,0,0,36047010800,11220,1,129,118,129,0.09322,11,0,0
108,2003,4,20,29,30,20,20,-0.333333,-10,0,0,0,0,36047010800,11220,1,119,136,119,-0.125,-17,0,0
108,2003,5,27,20,23,27,27,0.173913,4,0,0,0,0,36047010800,11220,0,119,113,119,0.053097,6,0,0
108,2004,0,34,34,28,44,44,0.214286,6,-0.227273,-10,-0.227273,-10,36047010800,11220,1,135,116,133,0.163793,19,0.015038,2
108,2004,1,30,34,30,36,36,0,0,-0.166667,-6,-0.166667,-6,36047010800,11220,1,130,119,157,0.092437,11,-0.171975,-27
108,2004,2,28,30,39,32,32,-0.282051,-11,-0.125,-4,-0.125,-4,36047010800,11220,1,119,125,106,-0.048,-6,0.122642,13
108,2004,3,39,28,29,28,28,0.344828,10,0.392857,11,0.392857,11,36047010800,11220,0,121,129,135,-0.062016,-8,-0.103704,-14
108,2004,4,25,39,20,27,27,0.25,5,-0.074074,-2,-0.074074,-2,36047010800,11220,1,132,119,115,0.109244,13,0.147826,17
108,2004,5,19,25,27,36,36,-0.296296,-8,-0.472222,-17,-0.472222,-17,36047010800,11220,1,117,119,109,-0.016807,-2,0.073394,8
108,2005,0,30,30,34,30,30,-0.117647,-4,0,0,0,0,36047010800,11220,1,131,135,102,-0.02963,-4,0.284314,29
108,2005,1,29,30,30,39,39,-0.033333,-1,-0.25641,-10,-0.25641,-10,36047010800,11220,1,138,130,145,0.061538,8,-0.048276,-7
108,2005,2,28,29,28,32,32,0,0,-0.125,-4,-0.125,-4,36047010800,11220,1,121,119,135,0.016807,2,-0.103704,-14
108,2005,3,34,28,39,29,29,-0.128205,-5,0.172414,5,0.172414,5,36047010800,11220,0,120,121,118,-0.008264,-1,0.016949,2
108,2005,4,34,34,25,30,30,0.36,9,0.133333,4,0.133333,4,36047010800,11220,0,114,132,136,-0.136364,-18,-0.161765,-22
108,2005,5,23,34,19,23,23,0.210526,4,0,0,0,0,36047010800,11220,1,132,117,113,0.128205,15,0.168142,19
108,2006,0,43,43,30,28,28,0.433333,13,0.535714,15,0.535714,15,36047010800,11220,0,138,131,116,0.053435,7,0.189655,22
108,2006,1,43,43,29,30,30,0.482759,14,0.433333,13,0.433333,13,36047010800,11220,0,141,138,119,0.021739,3,0.184874,22
108,2006,2,34,43,28,39,39,0.214286,6,-0.128205,-5,-0.128205,-5,36047010800,11220,1,133,121,125,0.099174,12,0.064,8
108,2006,3,30,34,34,29,29,-0.117647,-4,0.034483,1,0.034483,1,36047010800,11220,0,131,120,129,0.091667,11,0.015504,2
108,2006,4,37,30,34,20,20,0.088235,3,0.85,17,0.85,17,36047010800,11220,0,125,114,119,0.096491,11,0.05042,6
108,2006,5,36,37,23,27,27,0.565217,13,0.333333,9,0.333333,9,36047010800,11220,0,115,132,119,-0.128788,-17,-0.033613,-4
108,2007,0,33,33,43,34,34,-0.232558,-10,-0.029412,-1,-0.029412,-1,36047010800,11220,1,109,138,135,-0.210145,-29,-0.192593,-26
108,2007,1,48,33,43,30,30,0.116279,5,0.6,18,0.6,18,36047010800,11220,1,134,141,130,-0.049645,-7,0.030769,4
108,2007,2,35,48,34,28,28,0.029412,1,0.25,7,0.25,7,36047010800,11220,1,128,133,119,-0.037594,-5,0.07563,9
108,2007,3,31,35,30,39,39,0.033333,1,-0.205128,-8,-0.205128,-8,36047010800,11220,1,129,131,121,-0.015267,-2,0.066116,8
108,2007,4,31,31,37,25,25,-0.162162,-6,0.24,6,0.24,6,36047010800,11220,1,126,125,132,0.008,1,-0.045455,-6
108,2007,5,37,31,36,19,19,0.027778,1,0.947368,18,0.947368,18,36047010800,11220,0,120,115,117,0.043478,5,0.025641,3
108,2008,0,38,38,33,30,30,0.151515,5,0.266667,8,0.266667,8,36047010800,11220,1,145,109,131,0.330275,36,0.10687,14
108,2008,1,39,38,48,29,29,-0.1875,-9,0.344828,10,0.344828,10,36047010800,11220,1,115,134,138,-0.141791,-19,-0.166667,-23
108,2008,2,52,39,35,28,28,0.485714,17,0.857143,24,0.857143,24,36047010800,11220,0,119,128,121,-0.070313,-9,-0.016529,-2
108,2008,3,30,52,31,34,34,-0.032258,-1,-0.117647,-4,-0.117647,-4,36047010800,11220,1,129,129,120,0,0,0.075,9
108,2008,4,37,30,31,34,34,0.193548,6,0.088235,3,0.088235,3,36047010800,11220,1,126,126,114,0,0,0.105263,12
108,2008,5,28,37,37,23,23,-0.243243,-9,0.217391,5,0.217391,5,36047010800,11220,1,118,120,132,-0.016667,-2,-0.106061,-14
108,2009,0,44,44,38,43,43,0.157895,6,0.023256,1,0.023256,1,36047010800,11220,0,182,145,138,0.255172,37,0.318841,44
108,2009,1,53,44,39,43,43,0.358974,14,0.232558,10,0.232558,10,36047010800,11220,0,193,115,141,0.678261,78,0.368794,52
108,2009,2,54,53,52,34,34,0.038462,2,0.588235,20,0.588235,20,36047010800,11220,0,174,119,133,0.462185,55,0.308271,41
108,2009,3,52,54,30,30,30,0.733333,22,0.733333,22,0.733333,22,36047010800,11220,0,143,129,131,0.108527,14,0.091603,12
108,2009,4,36,52,37,37,37,-0.027027,-1,-0.027027,-1,-0.027027,-1,36047010800,11220,0,161,126,125,0.277778,35,0.288,36
108,2009,5,33,36,28,36,36,0.178571,5,-0.083333,-3,-0.083333,-3,36047010800,11220,0,134,118,115,0.135593,16,0.165217,19
108,2010,0,47,47,44,33,33,0.068182,3,0.424242,14,0.424242,14,36047010800,11220,0,202,182,109,0.10989,20,0.853211,93
108,2010,1,57,47,53,48,48,0.075472,4,0.1875,9,0.1875,9,36047010800,11220,0,223,193,134,0.15544,30,0.664179,89
108,2010,2,49,57,54,35,35,-0.092593,-5,0.4,14,0.4,14,36047010800,11220,0,213,174,128,0.224138,39,0.664063,85
108,2010,3,54,49,52,31,31,0.038462,2,0.741935,23,0.741935,23,36047010800,11220,0,188,143,129,0.314685,45,0.457364,59
108,2010,4,49,54,36,31,31,0.361111,13,0.580645,18,0.580645,18,36047010800,11220,0,163,161,126,0.012422,2,0.293651,37
108,2010,5,41,49,33,37,37,0.242424,8,0.108108,4,0.108108,4,36047010800,11220,0,164,134,120,0.223881,30,0.366667,44
110,2001,5,1,0,1,1,1,0,0,0,0,0,0,36047011000,11218,0,6,6,6,0,0,0,0
110,2004,3,1,0,0,0,0,1,1,1,1,1,1,36047011000,11218,0,3,6,0,-0.5,-3,1,3
110,2005,4,1,0,0,0,0,1,1,1,1,1,1,36047011000,11218,0,4,5,0,-0.2,-1,1,4
110,2006,5,1,0,0,0,0,1,1,1,1,1,1,36047011000,11218,0,6,6,0,0,0,1,6
110,2007,4,1,0,0,0,0,1,1,1,1,1,1,36047011000,11218,0,2,4,5,-0.5,-2,-0.6,-3
110,2008,5,1,0,0,0,0,1,1,1,1,1,1,36047011000,11218,0,3,4,6,-0.25,-1,-0.5,-3
114,2001,0,18,18,18,18,18,0,0,0,0,0,0,36047011400,11219,0,138,138,138,0,0,0,0
114,2001,1,26,18,26,26,26,0,0,0,0,0,0,36047011400,11219,0,136,136,136,0,0,0,0
114,2001,2,12,26,12,12,12,0,0,0,0,0,0,36047011400,11219,0,97,97,97,0,0,0,0
114,2001,3,18,12,18,18,18,0,0,0,0,0,0,36047011400,11219,0,111,111,111,0,0,0,0
114,2001,4,12,18,12,12,12,0,0,0,0,0,0,36047011400,11219,0,103,103,103,0,0,0,0
114,2001,5,15,12,15,15,15,0,0,0,0,0,0,36047011400,11219,0,101,101,101,0,0,0,0
114,2002,0,6,6,18,6,6,-0.666667,-12,0,0,0,0,36047011400,11219,1,107,138,107,-0.224638,-31,0,0
114,2002,1,18,6,26,18,18,-0.307692,-8,0,0,0,0,36047011400,11219,1,138,136,138,0.014706,2,0,0
114,2002,2,21,18,12,21,21,0.75,9,0,0,0,0,36047011400,11219,0,120,97,120,0.237113,23,0,0
114,2002,3,9,21,18,9,9,-0.5,-9,0,0,0,0,36047011400,11219,1,94,111,94,-0.153153,-17,0,0
114,2002,4,18,9,12,18,18,0.5,6,0,0,0,0,36047011400,11219,0,108,103,108,0.048544,5,0,0
114,2002,5,10,18,15,10,10,-0.333333,-5,0,0,0,0,36047011400,11219,0,99,101,99,-0.019802,-2,0,0
114,2003,0,18,18,6,18,18,2,12,0,0,0,0,36047011400,11219,0,110,107,110,0.028037,3,0,0
114,2003,1,7,18,18,7,7,-0.611111,-11,0,0,0,0,36047011400,11219,1,116,138,116,-0.15942,-22,0,0
114,2003,2,12,7,21,12,12,-0.428571,-9,0,0,0,0,36047011400,11219,1,136,120,136,0.133333,16,0,0
114,2003,3,17,12,9,17,17,0.888889,8,0,0,0,0,36047011400,11219,0,115,94,115,0.223404,21,0,0
114,2003,4,8,17,18,8,8,-0.555556,-10,0,0,0,0,36047011400,11219,1,91,108,91,-0.157407,-17,0,0
114,2003,5,10,8,10,10,10,0,0,0,0,0,0,36047011400,11219,1,102,99,102,0.030303,3,0,0
114,2004,0,11,11,18,18,18,-0.388889,-7,-0.388889,-7,-0.388889,-7,36047011400,11219,0,125,110,138,0.136364,15,-0.094203,-13
114,2004,1,23,11,7,26,26,2.285714,16,-0.115385,-3,-0.115385,-3,36047011400,11219,0,126,116,136,0.086207,10,-0.073529,-10
114,2004,2,9,23,12,12,12,-0.25,-3,-0.25,-3,-0.25,-3,36047011400,11219,0,120,136,97,-0.117647,-16,0.237113,23
114,2004,3,14,9,17,18,18,-0.176471,-3,-0.222222,-4,-0.222222,-4,36047011400,11219,1,126,115,111,0.095652,11,0.135135,15
114,2004,4,20,14,8,12,12,1.5,12,0.666667,8,0.666667,8,36047011400,11219,0,114,91,103,0.252747,23,0.106796,11
114,2004,5,7,20,10,15,15,-0.3,-3,-0.533333,-8,-0.533333,-8,36047011400,11219,1,93,102,101,-0.088235,-9,-0.079208,-8
114,2005,0,12,12,11,6,6,0.090909,1,1,6,1,6,36047011400,11219,0,124,125,107,-0.008,-1,0.158879,17
114,2005,1,10,12,23,18,18,-0.565217,-13,-0.444444,-8,-0.444444,-8,36047011400,11219,0,127,126,138,0.007937,1,-0.07971,-11
114,2005,2,24,10,9,21,21,1.666667,15,0.142857,3,0.142857,3,36047011400,11219,0,116,120,120,-0.033333,-4,-0.033333,-4
114,2005,3,10,24,14,9,9,-0.285714,-4,0.111111,1,0.111111,1,36047011400,11219,0,129,126,94,0.02381,3,0.37234,35
114,2005,4,12,10,20,18,18,-0.4,-8,-0.333333,-6,-0.333333,-6,36047011400,11219,1,124,114,108,0.087719,10,0.148148,16
114,2005,5,22,12,7,10,10,2.142857,15,1.2,12,1.2,12,36047011400,11219,0,112,93,99,0.204301,19,0.131313,13
114,2006,0,11,11,12,18,18,-0.083333,-1,-0.388889,-7,-0.388889,-7,36047011400,11219,1,160,124,110,0.290323,36,0.454545,50
114,2006,1,9,11,10,7,7,-0.1,-1,0.285714,2,0.285714,2,36047011400,11219,0,141,127,116,0.110236,14,0.215517,25
114,2006,2,9,9,24,12,12,-0.625,-15,-0.25,-3,-0.25,-3,36047011400,11219,0,126,116,136,0.086207,10,-0.073529,-10
114,2006,3,18,9,10,17,17,0.8,8,0.058824,1,0.058824,1,36047011400,11219,0,132,129,115,0.023256,3,0.147826,17
114,2006,4,10,18,12,8,8,-0.166667,-2,0.25,2,0.25,2,36047011400,11219,0,129,124,91,0.040323,5,0.417582,38
114,2006,5,13,10,22,10,10,-0.409091,-9,0.3,3,0.3,3,36047011400,11219,0,135,112,102,0.205357,23,0.323529,33
114,2007,0,11,11,11,11,11,0,0,0,0,0,0,36047011400,11219,1,112,160,125,-0.3,-48,-0.104,-13
114,2007,1,11,11,9,23,23,0.222222,2,-0.521739,-12,-0.521739,-12,36047011400,11219,1,160,141,126,0.134752,19,0.269841,34
114,2007,2,9,11,9,9,9,0,0,0,0,0,0,36047011400,11219,1,126,126,120,0,0,0.05,6
114,2007,3,6,9,18,14,14,-0.666667,-12,-0.571429,-8,-0.571429,-8,36047011400,11219,1,123,132,126,-0.068182,-9,-0.02381,-3
114,2007,4,15,6,10,20,20,0.5,5,-0.25,-5,-0.25,-5,36047011400,11219,0,126,129,114,-0.023256,-3,0.105263,12
114,2007,5,10,15,13,7,7,-0.230769,-3,0.428571,3,0.428571,3,36047011400,11219,1,123,135,93,-0.088889,-12,0.322581,30
114,2008,0,16,16,11,12,12,0.454545,5,0.333333,4,0.333333,4,36047011400,11219,0,143,112,124,0.276786,31,0.153226,19
114,2008,1,11,16,11,10,10,0,0,0.1,1,0.1,1,36047011400,11219,1,117,160,127,-0.26875,-43,-0.07874,-10
114,2008,2,9,11,9,24,24,0,0,-0.625,-15,-0.625,-15,36047011400,11219,1,155,126,116,0.230159,29,0.336207,39
114,2008,3,8,9,6,10,10,0.333333,2,-0.2,-2,-0.2,-2,36047011400,11219,1,126,123,129,0.02439,3,-0.023256,-3
114,2008,4,7,8,15,12,12,-0.533333,-8,-0.416667,-5,-0.416667,-5,36047011400,11219,1,123,126,124,-0.02381,-3,-0.008065,-1
114,2008,5,14,7,10,22,22,0.4,4,-0.363636,-8,-0.363636,-8,36047011400,11219,0,116,123,112,-0.056911,-7,0.035714,4
114,2009,0,16,16,16,11,11,0,0,0.454545,5,0.454545,5,36047011400,11219,0,190,143,160,0.328671,47,0.1875,30
114,2009,1,18,16,11,9,9,0.636364,7,1,9,1,9,36047011400,11219,0,198,117,141,0.692308,81,0.404255,57
114,2009,2,13,18,9,9,9,0.444444,4,0.444444,4,0.444444,4,36047011400,11219,0,183,155,126,0.180645,28,0.452381,57
114,2009,3,12,13,8,18,18,0.5,4,-0.333333,-6,-0.333333,-6,36047011400,11219,0,168,126,132,0.333333,42,0.272727,36
114,2009,4,15,12,7,10,10,1.142857,8,0.5,5,0.5,5,36047011400,11219,0,142,123,129,0.154472,19,0.100775,13
114,2009,5,13,15,14,13,13,-0.071429,-1,0,0,0,0,36047011400,11219,0,122,116,135,0.051724,6,-0.096296,-13
114,2010,0,15,15,16,11,11,-0.0625,-1,0.363636,4,0.363636,4,36047011400,11219,0,198,190,112,0.042105,8,0.767857,86
114,2010,1,20,15,18,11,11,0.111111,2,0.818182,9,0.818182,9,36047011400,11219,0,229,198,160,0.156566,31,0.43125,69
114,2010,2,25,20,13,9,9,0.923077,12,1.777778,16,1.777778,16,36047011400,11219,0,198,183,126,0.081967,15,0.571429,72
114,2010,3,12,25,12,6,6,0,0,1,6,1,6,36047011400,11219,0,185,168,123,0.10119,17,0.504065,62
114,2010,4,18,12,15,15,15,0.2,3,0.2,3,0.2,3,36047011400,11219,0,173,142,126,0.21831,31,0.373016,47
114,2010,5,15,18,13,10,10,0.153846,2,0.5,5,0.5,5,36047011400,11219,0,141,122,123,0.155738,19,0.146341,18
116,2001,0,60,60,60,60,60,0,0,0,0,0,0,36047011600,11219,0,199,199,199,0,0,0,0
116,2001,1,61,60,61,61,61,0,0,0,0,0,0,36047011600,11219,0,222,222,222,0,0,0,0
116,2001,2,39,61,39,39,39,0,0,0,0,0,0,36047011600,11219,1,196,196,196,0,0,0,0
116,2001,3,55,39,55,55,55,0,0,0,0,0,0,36047011600,11219,0,175,175,175,0,0,0,0
116,2001,4,51,55,51,51,51,0,0,0,0,0,0,36047011600,11219,0,178,178,178,0,0,0,0
116,2001,5,38,51,38,38,38,0,0,0,0,0,0,36047011600,11219,1,172,172,172,0,0,0,0
116,2002,0,49,49,60,49,49,-0.183333,-11,0,0,0,0,36047011600,11219,1,179,199,179,-0.100503,-20,0,0
116,2002,1,70,49,61,70,70,0.147541,9,0,0,0,0,36047011600,11219,0,204,222,204,-0.081081,-18,0,0
116,2002,2,54,70,39,54,54,0.384615,15,0,0,0,0,36047011600,11219,1,197,196,197,0.005102,1,0,0
116,2002,3,46,54,55,46,46,-0.163636,-9,0,0,0,0,36047011600,11219,1,188,175,188,0.074286,13,0,0
116,2002,4,54,46,51,54,54,0.058824,3,0,0,0,0,36047011600,11219,0,177,178,177,-0.005618,-1,0,0
116,2002,5,52,54,38,52,52,0.368421,14,0,0,0,0,36047011600,11219,1,169,172,169,-0.017442,-3,0,0
116,2003,0,51,51,49,51,51,0.040816,2,0,0,0,0,36047011600,11219,1,184,179,184,0.027933,5,0,0
116,2003,1,55,51,70,55,55,-0.214286,-15,0,0,0,0,36047011600,11219,1,191,204,191,-0.063725,-13,0,0
116,2003,2,60,55,54,60,60,0.111111,6,0,0,0,0,36047011600,11219,0,186,197,186,-0.055838,-11,0,0
116,2003,3,54,60,46,54,54,0.173913,8,0,0,0,0,36047011600,11219,1,181,188,181,-0.037234,-7,0,0
116,2003,4,50,54,54,50,50,-0.074074,-4,0,0,0,0,36047011600,11219,1,172,177,172,-0.028249,-5,0,0
116,2003,5,51,50,52,51,51,-0.019231,-1,0,0,0,0,36047011600,11219,1,171,169,171,0.011834,2,0,0
116,2004,0,57,57,51,60,60,0.117647,6,-0.05,-3,-0.05,-3,36047011600,11219,1,190,184,199,0.032609,6,-0.045226,-9
116,2004,1,61,57,55,61,61,0.109091,6,0,0,0,0,36047011600,11219,1,197,191,222,0.031414,6,-0.112613,-25
116,2004,2,60,61,60,39,39,0,0,0.538462,21,0.538462,21,36047011600,11219,0,182,186,196,-0.021505,-4,-0.071429,-14
116,2004,3,59,60,54,55,55,0.092593,5,0.072727,4,0.072727,4,36047011600,11219,1,185,181,175,0.022099,4,0.057143,10
116,2004,4,56,59,50,51,51,0.12,6,0.098039,5,0.098039,5,36047011600,11219,1,174,172,178,0.011628,2,-0.022472,-4
116,2004,5,56,56,51,38,38,0.098039,5,0.473684,18,0.473684,18,36047011600,11219,1,164,171,172,-0.040936,-7,-0.046512,-8
116,2005,0,73,73,57,49,49,0.280702,16,0.489796,24,0.489796,24,36047011600,11219,0,189,190,179,-0.005263,-1,0.055866,10
116,2005,1,63,73,61,70,70,0.032787,2,-0.1,-7,-0.1,-7,36047011600,11219,1,186,197,204,-0.055838,-11,-0.088235,-18
116,2005,2,53,63,60,54,54,-0.116667,-7,-0.018519,-1,-0.018519,-1,36047011600,11219,1,185,182,197,0.016484,3,-0.060914,-12
116,2005,3,59,53,59,46,46,0,0,0.282609,13,0.282609,13,36047011600,11219,0,187,185,188,0.010811,2,-0.005319,-1
116,2005,4,54,59,56,54,54,-0.035714,-2,0,0,0,0,36047011600,11219,1,174,174,177,0,0,-0.016949,-3
116,2005,5,58,54,56,52,52,0.035714,2,0.115385,6,0.115385,6,36047011600,11219,0,166,164,169,0.012195,2,-0.017751,-3
116,2006,0,80,80,73,51,51,0.09589,7,0.568627,29,0.568627,29,36047011600,11219,1,186,189,184,-0.015873,-3,0.01087,2
116,2006,1,80,80,63,55,55,0.269841,17,0.454545,25,0.454545,25,36047011600,11219,0,204,186,191,0.096774,18,0.068063,13
116,2006,2,55,80,53,60,60,0.037736,2,-0.083333,-5,-0.083333,-5,36047011600,11219,1,196,185,186,0.059459,11,0.053763,10
116,2006,3,63,55,59,54,54,0.067797,4,0.166667,9,0.166667,9,36047011600,11219,1,193,187,181,0.032086,6,0.066298,12
116,2006,4,63,63,54,50,50,0.166667,9,0.26,13,0.26,13,36047011600,11219,0,190,174,172,0.091954,16,0.104651,18
116,2006,5,62,63,58,51,51,0.068966,4,0.215686,11,0.215686,11,36047011600,11219,0,173,166,171,0.042169,7,0.011696,2
116,2007,0,54,54,80,57,57,-0.325,-26,-0.052632,-3,-0.052632,-3,36047011600,11219,1,167,186,190,-0.102151,-19,-0.121053,-23
116,2007,1,79,54,80,61,61,-0.0125,-1,0.295082,18,0.295082,18,36047011600,11219,1,194,204,197,-0.04902,-10,-0.015228,-3
116,2007,2,72,79,55,60,60,0.309091,17,0.2,12,0.2,12,36047011600,11219,1,186,196,182,-0.05102,-10,0.021978,4
116,2007,3,57,72,63,59,59,-0.095238,-6,-0.033898,-2,-0.033898,-2,36047011600,11219,1,183,193,185,-0.051813,-10,-0.010811,-2
116,2007,4,59,57,63,56,56,-0.063492,-4,0.053571,3,0.053571,3,36047011600,11219,1,191,190,174,0.005263,1,0.097701,17
116,2007,5,59,59,62,56,56,-0.048387,-3,0.053571,3,0.053571,3,36047011600,11219,1,190,173,164,0.098266,17,0.158537,26
116,2008,0,86,86,54,73,73,0.592593,32,0.178082,13,0.178082,13,36047011600,11219,1,196,167,189,0.173653,29,0.037037,7
116,2008,1,54,86,79,63,63,-0.316456,-25,-0.142857,-9,-0.142857,-9,36047011600,11219,1,182,194,186,-0.061856,-12,-0.021505,-4
116,2008,2,73,54,72,53,53,0.013889,1,0.377358,20,0.377358,20,36047011600,11219,1,188,186,185,0.010753,2,0.016216,3
116,2008,3,76,73,57,59,59,0.333333,19,0.288136,17,0.288136,17,36047011600,11219,1,168,183,187,-0.081967,-15,-0.101604,-19
116,2008,4,53,76,59,54,54,-0.101695,-6,-0.018519,-1,-0.018519,-1,36047011600,11219,1,195,191,174,0.020942,4,0.12069,21
116,2008,5,56,53,59,58,58,-0.050847,-3,-0.034483,-2,-0.034483,-2,36047011600,11219,1,181,190,166,-0.047368,-9,0.090361,15
116,2009,0,112,112,86,80,80,0.302326,26,0.4,32,0.4,32,36047011600,11219,0,237,196,186,0.209184,41,0.274194,51
116,2009,1,116,112,54,80,80,1.148148,62,0.45,36,0.45,36,36047011600,11219,0,272,182,204,0.494505,90,0.333333,68
116,2009,2,96,116,73,55,55,0.315068,23,0.745455,41,0.745455,41,36047011600,11219,0,244,188,196,0.297872,56,0.244898,48
116,2009,3,84,96,76,63,63,0.105263,8,0.333333,21,0.333333,21,36047011600,11219,0,206,168,193,0.22619,38,0.067358,13
116,2009,4,89,84,53,63,63,0.679245,36,0.412698,26,0.412698,26,36047011600,11219,0,211,195,190,0.082051,16,0.110526,21
116,2009,5,62,89,56,62,62,0.107143,6,0,0,0,0,36047011600,11219,0,193,181,173,0.066298,12,0.115607,20
116,2010,0,105,105,112,54,54,-0.0625,-7,0.944444,51,0.944444,51,36047011600,11219,0,287,237,167,0.21097,50,0.718563,120
116,2010,1,133,105,116,79,79,0.146552,17,0.683544,54,0.683544,54,36047011600,11219,0,293,272,194,0.077206,21,0.510309,99
116,2010,2,116,133,96,72,72,0.208333,20,0.611111,44,0.611111,44,36047011600,11219,0,292,244,186,0.196721,48,0.569892,106
116,2010,3,97,116,84,57,57,0.154762,13,0.701754,40,0.701754,40,36047011600,11219,0,272,206,183,0.320388,66,0.486339,89
116,2010,4,93,97,89,59,59,0.044944,4,0.576271,34,0.576271,34,36047011600,11219,0,223,211,191,0.056872,12,0.167539,32
116,2010,5,87,93,62,59,59,0.403226,25,0.474576,28,0.474576,28,36047011600,11219,0,221,193,190,0.145078,28,0.163158,31
118,2001,0,14,14,14,14,14,0,0,0,0,0,0,36047011800,11219,1,212,212,212,0,0,0,0
118,2001,1,26,14,26,26,26,0,0,0,0,0,0,36047011800,11219,0,247,247,247,0,0,0,0
118,2001,2,23,26,23,23,23,0,0,0,0,0,0,36047011800,11219,0,257,257,257,0,0,0,0
118,2001,3,26,23,26,26,26,0,0,0,0,0,0,36047011800,11219,1,227,227,227,0,0,0,0
118,2001,4,21,26,21,21,21,0,0,0,0,0,0,36047011800,11219,0,212,212,212,0,0,0,0
118,2001,5,22,21,22,22,22,0,0,0,0,0,0,36047011800,11219,1,211,211,211,0,0,0,0
118,2002,0,24,24,14,24,24,0.714286,10,0,0,0,0,36047011800,11219,0,216,212,216,0.018868,4,0,0
118,2002,1,18,24,26,18,18,-0.307692,-8,0,0,0,0,36047011800,11219,1,235,247,235,-0.048583,-12,0,0
118,2002,2,33,18,23,33,33,0.434783,10,0,0,0,0,36047011800,11219,0,232,257,232,-0.097276,-25,0,0
118,2002,3,22,33,26,22,22,-0.153846,-4,0,0,0,0,36047011800,11219,0,246,227,246,0.0837,19,0,0
118,2002,4,27,22,21,27,27,0.285714,6,0,0,0,0,36047011800,11219,0,229,212,229,0.080189,17,0,0
118,2002,5,18,27,22,18,18,-0.181818,-4,0,0,0,0,36047011800,11219,1,206,211,206,-0.023697,-5,0,0
118,2003,0,25,25,24,25,25,0.041667,1,0,0,0,0,36047011800,11219,1,214,216,214,-0.009259,-2,0,0
118,2003,1,28,25,18,28,28,0.555556,10,0,0,0,0,36047011800,11219,0,231,235,231,-0.017021,-4,0,0
118,2003,2,16,28,33,16,16,-0.515152,-17,0,0,0,0,36047011800,11219,1,231,232,231,-0.00431,-1,0,0
118,2003,3,32,16,22,32,32,0.454545,10,0,0,0,0,36047011800,11219,0,215,246,215,-0.126016,-31,0,0
118,2003,4,21,32,27,21,21,-0.222222,-6,0,0,0,0,36047011800,11219,0,246,229,246,0.074236,17,0,0
118,2003,5,25,21,18,25,25,0.388889,7,0,0,0,0,36047011800,11219,1,228,206,228,0.106796,22,0,0
118,2004,0,19,19,25,14,14,-0.24,-6,0.357143,5,0.357143,5,36047011800,11219,1,231,214,212,0.079439,17,0.089623,19
118,2004,1,26,19,28,26,26,-0.071429,-2,0,0,0,0,36047011800,11219,0,230,231,247,-0.004329,-1,-0.068826,-17
118,2004,2,25,26,16,23,23,0.5625,9,0.086957,2,0.086957,2,36047011800,11219,0,219,231,257,-0.051948,-12,-0.14786,-38
118,2004,3,18,25,32,26,26,-0.4375,-14,-0.307692,-8,-0.307692,-8,36047011800,11219,1,211,215,227,-0.018605,-4,-0.070485,-16
118,2004,4,29,18,21,21,21,0.380952,8,0.380952,8,0.380952,8,36047011800,11219,0,205,246,212,-0.166667,-41,-0.033019,-7
118,2004,5,21,29,25,22,22,-0.16,-4,-0.045455,-1,-0.045455,-1,36047011800,11219,0,234,228,211,0.026316,6,0.109005,23
118,2005,0,29,29,19,24,24,0.526316,10,0.208333,5,0.208333,5,36047011800,11219,0,228,231,216,-0.012987,-3,0.055556,12
118,2005,1,22,29,26,18,18,-0.153846,-4,0.222222,4,0.222222,4,36047011800,11219,1,237,230,235,0.030435,7,0.008511,2
118,2005,2,30,22,25,33,33,0.2,5,-0.090909,-3,-0.090909,-3,36047011800,11219,0,217,219,232,-0.009132,-2,-0.064655,-15
118,2005,3,21,30,18,22,22,0.166667,3,-0.045455,-1,-0.045455,-1,36047011800,11219,0,224,211,246,0.061611,13,-0.089431,-22
118,2005,4,16,21,29,27,27,-0.448276,-13,-0.407407,-11,-0.407407,-11,36047011800,11219,1,193,205,229,-0.058537,-12,-0.157205,-36
118,2005,5,29,16,21,18,18,0.380952,8,0.611111,11,0.611111,11,36047011800,11219,0,196,234,206,-0.162393,-38,-0.048544,-10
118,2006,0,30,30,29,25,25,0.034483,1,0.2,5,0.2,5,36047011800,11219,0,215,228,214,-0.057018,-13,0.004673,1
118,2006,1,24,30,22,28,28,0.090909,2,-0.142857,-4,-0.142857,-4,36047011800,11219,0,234,237,231,-0.012658,-3,0.012987,3
118,2006,2,22,24,30,16,16,-0.266667,-8,0.375,6,0.375,6,36047011800,11219,1,232,217,231,0.069124,15,0.004329,1
118,2006,3,31,22,21,32,32,0.47619,10,-0.03125,-1,-0.03125,-1,36047011800,11219,0,229,224,215,0.022321,5,0.065116,14
118,2006,4,25,31,16,21,21,0.5625,9,0.190476,4,0.190476,4,36047011800,11219,0,206,193,246,0.067358,13,-0.162602,-40
118,2006,5,19,25,29,25,25,-0.344828,-10,-0.24,-6,-0.24,-6,36047011800,11219,1,182,196,228,-0.071429,-14,-0.201754,-46
118,2007,0,17,17,30,19,19,-0.433333,-13,-0.105263,-2,-0.105263,-2,36047011800,11219,1,176,215,231,-0.181395,-39,-0.238095,-55
118,2007,1,34,17,24,26,26,0.416667,10,0.307692,8,0.307692,8,36047011800,11219,0,218,234,230,-0.068376,-16,-0.052174,-12
118,2007,2,22,34,22,25,25,0,0,-0.12,-3,-0.12,-3,36047011800,11219,1,228,232,219,-0.017241,-4,0.041096,9
118,2007,3,20,22,31,18,18,-0.354839,-11,0.111111,2,0.111111,2,36047011800,11219,1,229,229,211,0,0,0.085308,18
118,2007,4,34,20,25,29,29,0.36,9,0.172414,5,0.172414,5,36047011800,11219,0,202,206,205,-0.019417,-4,-0.014634,-3
118,2007,5,24,34,19,21,21,0.263158,5,0.142857,3,0.142857,3,36047011800,11219,1,205,182,234,0.126374,23,-0.123932,-29
118,2008,0,20,20,17,29,29,0.176471,3,-0.310345,-9,-0.310345,-9,36047011800,11219,1,226,176,228,0.284091,50,-0.008772,-2
118,2008,1,21,20,34,22,22,-0.382353,-13,-0.045455,-1,-0.045455,-1,36047011800,11219,1,213,218,237,-0.022936,-5,-0.101266,-24
118,2008,2,33,21,22,30,30,0.5,11,0.1,3,0.1,3,36047011800,11219,0,215,228,217,-0.057018,-13,-0.009217,-2
118,2008,3,21,33,20,21,21,0.05,1,0,0,0,0,36047011800,11219,0,216,229,224,-0.056769,-13,-0.035714,-8
118,2008,4,24,21,34,16,16,-0.294118,-10,0.5,8,0.5,8,36047011800,11219,1,240,202,193,0.188119,38,0.243523,47
118,2008,5,31,24,24,29,29,0.291667,7,0.068966,2,0.068966,2,36047011800,11219,0,206,205,196,0.004878,1,0.05102,10
118,2009,0,25,25,20,30,30,0.25,5,-0.166667,-5,-0.166667,-5,36047011800,11219,0,277,226,215,0.225664,51,0.288372,62
118,2009,1,29,25,21,24,24,0.380952,8,0.208333,5,0.208333,5,36047011800,11219,0,310,213,234,0.455399,97,0.324786,76
118,2009,2,27,29,33,22,22,-0.181818,-6,0.227273,5,0.227273,5,36047011800,11219,0,269,215,232,0.251163,54,0.159483,37
118,2009,3,38,27,21,31,31,0.809524,17,0.225806,7,0.225806,7,36047011800,11219,0,255,216,229,0.180556,39,0.113537,26
118,2009,4,23,38,24,25,25,-0.041667,-1,-0.08,-2,-0.08,-2,36047011800,11219,0,246,240,206,0.025,6,0.194175,40
118,2009,5,32,23,31,19,19,0.032258,1,0.684211,13,0.684211,13,36047011800,11219,0,235,206,182,0.140777,29,0.291209,53
118,2010,0,35,35,25,17,17,0.4,10,1.058824,18,1.058824,18,36047011800,11219,0,343,277,176,0.238267,66,0.948864,167
118,2010,1,29,35,29,34,34,0,0,-0.147059,-5,-0.147059,-5,36047011800,11219,0,325,310,218,0.048387,15,0.490826,107
118,2010,2,27,29,27,22,22,0,0,0.227273,5,0.227273,5,36047011800,11219,0,343,269,228,0.275093,74,0.504386,115
118,2010,3,22,27,38,20,20,-0.421053,-16,0.1,2,0.1,2,36047011800,11219,0,304,255,229,0.192157,49,0.327511,75
118,2010,4,29,22,23,34,34,0.26087,6,-0.147059,-5,-0.147059,-5,36047011800,11219,0,267,246,202,0.085366,21,0.321782,65
118,2010,5,27,29,32,24,24,-0.15625,-5,0.125,3,0.125,3,36047011800,11219,0,264,235,205,0.123404,29,0.287805,59
120,2001,0,11,11,11,11,11,0,0,0,0,0,0,36047012000,11219,0,192,192,192,0,0,0,0
120,2001,1,12,11,12,12,12,0,0,0,0,0,0,36047012000,11219,1,210,210,210,0,0,0,0
120,2001,2,19,12,19,19,19,0,0,0,0,0,0,36047012000,11219,0,244,244,244,0,0,0,0
120,2001,3,16,19,16,16,16,0,0,0,0,0,0,36047012000,11219,0,206,206,206,0,0,0,0
120,2001,4,12,16,12,12,12,0,0,0,0,0,0,36047012000,11219,1,197,197,197,0,0,0,0
120,2001,5,14,12,14,14,14,0,0,0,0,0,0,36047012000,11219,0,194,194,194,0,0,0,0
120,2002,0,13,13,11,13,13,0.181818,2,0,0,0,0,36047012000,11219,0,201,192,201,0.046875,9,0,0
120,2002,1,10,13,12,10,10,-0.166667,-2,0,0,0,0,36047012000,11219,1,209,210,209,-0.004762,-1,0,0
120,2002,2,15,10,19,15,15,-0.210526,-4,0,0,0,0,36047012000,11219,1,212,244,212,-0.131148,-32,0,0
120,2002,3,19,15,16,19,19,0.1875,3,0,0,0,0,36047012000,11219,0,230,206,230,0.116505,24,0,0
120,2002,4,16,19,12,16,16,0.333333,4,0,0,0,0,36047012000,11219,0,210,197,210,0.06599,13,0,0
120,2002,5,11,16,14,11,11,-0.214286,-3,0,0,0,0,36047012000,11219,1,196,194,196,0.010309,2,0,0
120,2003,0,13,13,13,13,13,0,0,0,0,0,0,36047012000,11219,0,205,201,205,0.0199,4,0,0
120,2003,1,16,13,10,16,16,0.6,6,0,0,0,0,36047012000,11219,0,213,209,213,0.019139,4,0,0
120,2003,2,10,16,15,10,10,-0.333333,-5,0,0,0,0,36047012000,11219,1,201,212,201,-0.051887,-11,0,0
120,2003,3,16,10,19,16,16,-0.157895,-3,0,0,0,0,36047012000,11219,1,208,230,208,-0.095652,-22,0,0
120,2003,4,18,16,16,18,18,0.125,2,0,0,0,0,36047012000,11219,0,237,210,237,0.128571,27,0,0
120,2003,5,13,18,11,13,13,0.181818,2,0,0,0,0,36047012000,11219,1,213,196,213,0.086735,17,0,0
120,2004,0,14,14,13,11,11,0.076923,1,0.272727,3,0.272727,3,36047012000,11219,1,202,205,192,-0.014634,-3,0.052083,10
120,2004,1,15,14,16,12,12,-0.0625,-1,0.25,3,0.25,3,36047012000,11219,0,226,213,210,0.061033,13,0.07619,16
120,2004,2,18,15,10,19,19,0.8,8,-0.052632,-1,-0.052632,-1,36047012000,11219,0,210,201,244,0.044776,9,-0.139344,-34
120,2004,3,13,18,16,16,16,-0.1875,-3,-0.1875,-3,-0.1875,-3,36047012000,11219,1,203,208,206,-0.024038,-5,-0.014563,-3
120,2004,4,14,13,18,12,12,-0.222222,-4,0.166667,2,0.166667,2,36047012000,11219,1,204,237,197,-0.139241,-33,0.035533,7
120,2004,5,18,14,13,14,14,0.384615,5,0.285714,4,0.285714,4,36047012000,11219,0,236,213,194,0.107981,23,0.216495,42
120,2005,0,13,13,14,13,13,-0.071429,-1,0,0,0,0,36047012000,11219,0,218,202,201,0.079208,16,0.084577,17
120,2005,1,16,13,15,10,10,0.066667,1,0.6,6,0.6,6,36047012000,11219,1,218,226,209,-0.035398,-8,0.043062,9
120,2005,2,14,16,18,15,15,-0.222222,-4,-0.066667,-1,-0.066667,-1,36047012000,11219,0,227,210,212,0.080952,17,0.070755,15
120,2005,3,22,14,13,19,19,0.692308,9,0.157895,3,0.157895,3,36047012000,11219,0,221,203,230,0.08867,18,-0.03913,-9
120,2005,4,14,22,14,16,16,0,0,-0.125,-2,-0.125,-2,36047012000,11219,0,193,204,210,-0.053922,-11,-0.080952,-17
120,2005,5,16,14,18,11,11,-0.111111,-2,0.454545,5,0.454545,5,36047012000,11219,1,207,236,196,-0.122881,-29,0.056122,11
120,2006,0,21,21,13,13,13,0.615385,8,0.615385,8,0.615385,8,36047012000,11219,0,206,218,205,-0.055046,-12,0.004878,1
120,2006,1,11,21,16,16,16,-0.3125,-5,-0.3125,-5,-0.3125,-5,36047012000,11219,0,226,218,213,0.036697,8,0.061033,13
120,2006,2,16,11,14,10,10,0.142857,2,0.6,6,0.6,6,36047012000,11219,1,215,227,201,-0.052863,-12,0.069652,14
120,2006,3,18,16,22,16,16,-0.181818,-4,0.125,2,0.125,2,36047012000,11219,0,236,221,208,0.067873,15,0.134615,28
120,2006,4,19,18,14,18,18,0.357143,5,0.055556,1,0.055556,1,36047012000,11219,0,201,193,237,0.041451,8,-0.151899,-36
120,2006,5,11,19,16,13,13,-0.3125,-5,-0.153846,-2,-0.153846,-2,36047012000,11219,1,199,207,213,-0.038647,-8,-0.065728,-14
120,2007,0,11,11,21,14,14,-0.47619,-10,-0.214286,-3,-0.214286,-3,36047012000,11219,1,182,206,202,-0.116505,-24,-0.09901,-20
120,2007,1,22,11,11,15,15,1,11,0.466667,7,0.466667,7,36047012000,11219,1,202,226,226,-0.106195,-24,-0.106195,-24
120,2007,2,13,22,16,18,18,-0.1875,-3,-0.277778,-5,-0.277778,-5,36047012000,11219,1,222,215,210,0.032558,7,0.057143,12
120,2007,3,16,13,18,13,13,-0.111111,-2,0.230769,3,0.230769,3,36047012000,11219,1,206,236,203,-0.127119,-30,0.014778,3
120,2007,4,15,16,19,14,14,-0.210526,-4,0.071429,1,0.071429,1,36047012000,11219,0,219,201,204,0.089552,18,0.073529,15
120,2007,5,19,15,11,18,18,0.727273,8,0.055556,1,0.055556,1,36047012000,11219,0,196,199,236,-0.015075,-3,-0.169492,-40
120,2008,0,22,22,11,13,13,1,11,0.692308,9,0.692308,9,36047012000,11219,0,221,182,218,0.214286,39,0.013761,3
120,2008,1,13,22,22,16,16,-0.409091,-9,-0.1875,-3,-0.1875,-3,36047012000,11219,1,211,202,218,0.044554,9,-0.03211,-7
120,2008,2,23,13,13,14,14,0.769231,10,0.642857,9,0.642857,9,36047012000,11219,1,215,222,227,-0.031532,-7,-0.052863,-12
120,2008,3,15,23,16,22,22,-0.0625,-1,-0.318182,-7,-0.318182,-7,36047012000,11219,1,212,206,221,0.029126,6,-0.040724,-9
120,2008,4,18,15,15,14,14,0.2,3,0.285714,4,0.285714,4,36047012000,11219,1,224,219,193,0.022831,5,0.160622,31
120,2008,5,19,18,19,16,16,0,0,0.1875,3,0.1875,3,36047012000,11219,0,221,196,207,0.127551,25,0.067633,14
120,2009,0,21,21,22,21,21,-0.045455,-1,0,0,0,0,36047012000,11219,0,275,221,206,0.244344,54,0.334951,69
120,2009,1,25,21,13,11,11,0.923077,12,1.272727,14,1.272727,14,36047012000,11219,0,309,211,226,0.464455,98,0.367257,83
120,2009,2,16,25,23,16,16,-0.304348,-7,0,0,0,0,36047012000,11219,0,262,215,215,0.218605,47,0.218605,47
120,2009,3,25,16,15,18,18,0.666667,10,0.388889,7,0.388889,7,36047012000,11219,0,259,212,236,0.221698,47,0.097458,23
120,2009,4,15,25,18,19,19,-0.166667,-3,-0.210526,-4,-0.210526,-4,36047012000,11219,0,234,224,201,0.044643,10,0.164179,33
120,2009,5,17,15,19,11,11,-0.105263,-2,0.545455,6,0.545455,6,36047012000,11219,0,233,221,199,0.054299,12,0.170854,34
120,2010,0,18,18,21,11,11,-0.142857,-3,0.636364,7,0.636364,7,36047012000,11219,0,328,275,182,0.192727,53,0.802198,146
120,2010,1,23,18,25,22,22,-0.08,-2,0.045455,1,0.045455,1,36047012000,11219,0,320,309,202,0.035599,11,0.584158,118
120,2010,2,27,23,16,13,13,0.6875,11,1.076923,14,1.076923,14,36047012000,11219,0,325,262,222,0.240458,63,0.463964,103
120,2010,3,19,27,25,16,16,-0.24,-6,0.1875,3,0.1875,3,36047012000,11219,0,272,259,206,0.050193,13,0.320388,66
120,2010,4,26,19,15,15,15,0.733333,11,0.733333,11,0.733333,11,36047012000,11219,0,258,234,219,0.102564,24,0.178082,39
120,2010,5,18,26,17,19,19,0.058824,1,-0.052632,-1,-0.052632,-1,36047012000,11219,0,242,233,196,0.038627,9,0.234694,46
122,2001,0,72,72,72,72,72,0,0,0,0,0,0,36047012200,11220,0,202,202,202,0,0,0,0
122,2001,1,80,72,80,80,80,0,0,0,0,0,0,36047012200,11220,0,248,248,248,0,0,0,0
122,2001,2,75,80,75,75,75,0,0,0,0,0,0,36047012200,11220,0,249,249,249,0,0,0,0
122,2001,3,71,75,71,71,71,0,0,0,0,0,0,36047012200,11220,0,230,230,230,0,0,0,0
122,2001,4,81,71,81,81,81,0,0,0,0,0,0,36047012200,11220,0,171,171,171,0,0,0,0
122,2001,5,67,81,67,67,67,0,0,0,0,0,0,36047012200,11220,0,204,204,204,0,0,0,0
122,2002,0,59,59,72,59,59,-0.180556,-13,0,0,0,0,36047012200,11220,1,197,202,197,-0.024752,-5,0,0
122,2002,1,72,59,80,72,72,-0.1,-8,0,0,0,0,36047012200,11220,0,223,248,223,-0.100806,-25,0,0
122,2002,2,70,72,75,70,70,-0.066667,-5,0,0,0,0,36047012200,11220,0,236,249,236,-0.052209,-13,0,0
122,2002,3,74,70,71,74,74,0.042254,3,0,0,0,0,36047012200,11220,0,254,230,254,0.104348,24,0,0
122,2002,4,68,74,81,68,68,-0.160494,-13,0,0,0,0,36047012200,11220,0,212,171,212,0.239766,41,0,0
122,2002,5,73,68,67,73,73,0.089552,6,0,0,0,0,36047012200,11220,0,172,204,172,-0.156863,-32,0,0
122,2003,0,55,55,59,55,55,-0.067797,-4,0,0,0,0,36047012200,11220,1,224,197,224,0.137056,27,0,0
122,2003,1,55,55,72,55,55,-0.236111,-17,0,0,0,0,36047012200,11220,1,216,223,216,-0.03139,-7,0,0
122,2003,2,76,55,70,76,76,0.085714,6,0,0,0,0,36047012200,11220,0,226,236,226,-0.042373,-10,0,0
122,2003,3,58,76,74,58,58,-0.216216,-16,0,0,0,0,36047012200,11220,0,234,254,234,-0.07874,-20,0,0
122,2003,4,68,58,68,68,68,0,0,0,0,0,0,36047012200,11220,0,247,212,247,0.165094,35,0,0
122,2003,5,68,68,73,68,68,-0.068493,-5,0,0,0,0,36047012200,11220,0,201,172,201,0.168605,29,0,0
122,2004,0,62,62,55,72,72,0.127273,7,-0.138889,-10,-0.138889,-10,36047012200,11220,0,216,224,202,-0.035714,-8,0.069307,14
122,2004,1,54,62,55,80,80,-0.018182,-1,-0.325,-26,-0.325,-26,36047012200,11220,1,217,216,248,0.00463,1,-0.125,-31
122,2004,2,61,54,76,75,75,-0.197368,-15,-0.186667,-14,-0.186667,-14,36047012200,11220,0,212,226,249,-0.061947,-14,-0.148594,-37
122,2004,3,61,61,58,71,71,0.051724,3,-0.140845,-10,-0.140845,-10,36047012200,11220,0,204,234,230,-0.128205,-30,-0.113043,-26
122,2004,4,48,61,68,81,81,-0.294118,-20,-0.407407,-33,-0.407407,-33,36047012200,11220,0,219,247,171,-0.11336,-28,0.280702,48
122,2004,5,71,48,68,67,67,0.044118,3,0.059701,4,0.059701,4,36047012200,11220,0,227,201,204,0.129353,26,0.112745,23
122,2005,0,69,69,62,59,59,0.112903,7,0.169492,10,0.169492,10,36047012200,11220,0,229,216,197,0.060185,13,0.162437,32
122,2005,1,65,69,54,72,72,0.203704,11,-0.097222,-7,-0.097222,-7,36047012200,11220,0,220,217,223,0.013825,3,-0.013453,-3
122,2005,2,58,65,61,70,70,-0.04918,-3,-0.171429,-12,-0.171429,-12,36047012200,11220,1,226,212,236,0.066038,14,-0.042373,-10
122,2005,3,52,58,61,74,74,-0.147541,-9,-0.297297,-22,-0.297297,-22,36047012200,11220,0,207,204,254,0.014706,3,-0.185039,-47
122,2005,4,57,52,48,68,68,0.1875,9,-0.161765,-11,-0.161765,-11,36047012200,11220,0,191,219,212,-0.127854,-28,-0.099057,-21
122,2005,5,48,57,71,73,73,-0.323944,-23,-0.342466,-25,-0.342466,-25,36047012200,11220,0,220,227,172,-0.030837,-7,0.27907,48
122,2006,0,51,51,69,55,55,-0.26087,-18,-0.072727,-4,-0.072727,-4,36047012200,11220,0,224,229,224,-0.021834,-5,0,0
122,2006,1,78,51,65,55,55,0.2,13,0.418182,23,0.418182,23,36047012200,11220,0,232,220,216,0.054545,12,0.074074,16
122,2006,2,62,78,58,76,76,0.068966,4,-0.184211,-14,-0.184211,-14,36047012200,11220,0,222,226,226,-0.017699,-4,-0.017699,-4
122,2006,3,52,62,52,58,58,0,0,-0.103448,-6,-0.103448,-6,36047012200,11220,1,207,207,234,0,0,-0.115385,-27
122,2006,4,47,52,57,68,68,-0.175439,-10,-0.308824,-21,-0.308824,-21,36047012200,11220,1,194,191,247,0.015707,3,-0.214575,-53
122,2006,5,58,47,48,68,68,0.208333,10,-0.147059,-10,-0.147059,-10,36047012200,11220,0,201,220,201,-0.086364,-19,0,0
122,2007,0,41,41,51,62,62,-0.196078,-10,-0.33871,-21,-0.33871,-21,36047012200,11220,1,198,224,216,-0.116071,-26,-0.083333,-18
122,2007,1,59,41,78,54,54,-0.24359,-19,0.092593,5,0.092593,5,36047012200,11220,1,205,232,217,-0.116379,-27,-0.0553,-12
122,2007,2,82,59,62,61,61,0.322581,20,0.344262,21,0.344262,21,36047012200,11220,0,223,222,212,0.004505,1,0.051887,11
122,2007,3,54,82,52,61,61,0.038462,2,-0.114754,-7,-0.114754,-7,36047012200,11220,1,220,207,204,0.062802,13,0.078431,16
122,2007,4,47,54,47,48,48,0,0,-0.020833,-1,-0.020833,-1,36047012200,11220,1,186,194,219,-0.041237,-8,-0.150685,-33
122,2007,5,49,47,58,71,71,-0.155172,-9,-0.309859,-22,-0.309859,-22,36047012200,11220,1,194,201,227,-0.034826,-7,-0.145374,-33
122,2008,0,50,50,41,69,69,0.219512,9,-0.275362,-19,-0.275362,-19,36047012200,11220,1,192,198,229,-0.030303,-6,-0.161572,-37
122,2008,1,54,50,59,65,65,-0.084746,-5,-0.169231,-11,-0.169231,-11,36047012200,11220,1,214,205,220,0.043902,9,-0.027273,-6
122,2008,2,58,54,82,58,58,-0.292683,-24,0,0,0,0,36047012200,11220,1,197,223,226,-0.116592,-26,-0.128319,-29
122,2008,3,75,58,54,52,52,0.388889,21,0.442308,23,0.442308,23,36047012200,11220,0,214,220,207,-0.027273,-6,0.033816,7
122,2008,4,52,75,47,57,57,0.106383,5,-0.087719,-5,-0.087719,-5,36047012200,11220,1,217,186,191,0.166667,31,0.136126,26
122,2008,5,42,52,49,48,48,-0.142857,-7,-0.125,-6,-0.125,-6,36047012200,11220,1,204,194,220,0.051546,10,-0.072727,-16
122,2009,0,71,71,50,51,51,0.42,21,0.392157,20,0.392157,20,36047012200,11220,0,261,192,224,0.359375,69,0.165179,37
122,2009,1,64,71,54,78,78,0.185185,10,-0.179487,-14,-0.179487,-14,36047012200,11220,0,259,214,232,0.21028,45,0.116379,27
122,2009,2,74,64,58,62,62,0.275862,16,0.193548,12,0.193548,12,36047012200,11220,0,235,197,222,0.192893,38,0.058559,13
122,2009,3,62,74,75,52,52,-0.173333,-13,0.192308,10,0.192308,10,36047012200,11220,0,221,214,207,0.03271,7,0.067633,14
122,2009,4,77,62,52,47,47,0.480769,25,0.638298,30,0.638298,30,36047012200,11220,0,223,217,194,0.02765,6,0.149485,29
122,2009,5,63,77,42,58,58,0.5,21,0.086207,5,0.086207,5,36047012200,11220,0,219,204,201,0.073529,15,0.089552,18
122,2010,0,79,79,71,41,41,0.112676,8,0.926829,38,0.926829,38,36047012200,11220,0,296,261,198,0.1341,35,0.494949,98
122,2010,1,72,79,64,59,59,0.125,8,0.220339,13,0.220339,13,36047012200,11220,0,267,259,205,0.030888,8,0.302439,62
122,2010,2,68,72,74,82,82,-0.081081,-6,-0.170732,-14,-0.170732,-14,36047012200,11220,0,270,235,223,0.148936,35,0.210762,47
122,2010,3,75,68,62,54,54,0.209677,13,0.388889,21,0.388889,21,36047012200,11220,0,239,221,220,0.081448,18,0.086364,19
122,2010,4,61,75,77,47,47,-0.207792,-16,0.297872,14,0.297872,14,36047012200,11220,0,219,223,186,-0.017937,-4,0.177419,33
122,2010,5,73,61,63,49,49,0.15873,10,0.489796,24,0.489796,24,36047012200,11220,0,231,219,194,0.054795,12,0.190722,37
126,2001,0,30,30,30,30,30,0,0,0,0,0,0,,,0,0,0,0,0,0,0,0
126,2001,1,23,30,23,23,23,0,0,0,0,0,0,,,1,0,0,0,0,0,0,0
126,2001,2,33,23,33,33,33,0,0,0,0,0,0,,,0,0,0,0,0,0,0,0
126,2001,3,35,33,35,35,35,0,0,0,0,0,0,,,0,0,0,0,0,0,0,0
126,2001,4,26,35,26,26,26,0,0,0,0,0,0,,,0,0,0,0,0,0,0,0
126,2001,5,23,26,23,23,23,0,0,0,0,0,0,,,1,0,0,0,0,0,0,0
126,2002,0,30,30,30,30,30,0,0,0,0,0,0,,,0,0,0,0,0,0,0,0
126,2002,1,26,30,23,26,26,0.130435,3,0,0,0,0,,,0,0,0,0,0,0,0,0
126,2002,2,22,26,33,22,22,-0.333333,-11,0,0,0,0,,,1,0,0,0,0,0,0,0
126,2002,3,33,22,35,33,33,-0.057143,-2,0,0,0,0,,,0,0,0,0,0,0,0,0
126,2002,4,34,33,26,34,34,0.307692,8,0,0,0,0,,,0,0,0,0,0,0,0,0
126,2002,5,18,34,23,18,18,-0.217391,-5,0,0,0,0,,,1,0,0,0,0,0,0,0
126,2003,0,19,19,30,19,19,-0.366667,-11,0,0,0,0,,,1,0,0,0,0,0,0,0
126,2003,1,30,19,26,30,30,0.153846,4,0,0,0,0,,,0,0,0,0,0,0,0,0
126,2003,2,19,30,22,19,19,-0.136364,-3,0,0,0,0,,,1,0,0,0,0,0,0,0
126,2003,3,23,19,33,23,23,-0.30303,-10,0,0,0,0,,,1,0,0,0,0,0,0,0
126,2003,4,28,23,34,28,28,-0.176471,-6,0,0,0,0,,,0,0,0,0,0,0,0,0
126,2003,5,31,28,18,31,31,0.722222,13,0,0,0,0,,,0,0,0,0,0,0,0,0
126,2004,0,25,25,19,30,30,0.315789,6,-0.166667,-5,-0.166667,-5,,,1,0,0,0,0,0,0,0
126,2004,1,22,25,30,23,23,-0.266667,-8,-0.043478,-1,-0.043478,-1,,,1,0,0,0,0,0,0,0
126,2004,2,30,22,19,33,33,0.578947,11,-0.090909,-3,-0.090909,-3,,,0,0,0,0,0,0,0,0
126,2004,3,21,30,23,35,35,-0.086957,-2,-0.4,-14,-0.4,-14,,,1,0,0,0,0,0,0,0
126,2004,4,26,21,28,26,26,-0.071429,-2,0,0,0,0,,,1,0,0,0,0,0,0,0
126,2004,5,28,26,31,23,23,-0.096774,-3,0.217391,5,0.217391,5,,,0,0,0,0,0,0,0,0
126,2005,0,30,30,25,30,30,0.2,5,0,0,0,0,,,1,0,0,0,0,0,0,0
126,2005,1,26,30,22,26,26,0.181818,4,0,0,0,0,,,1,0,0,0,0,0,0,0
126,2005,2,22,26,30,22,22,-0.266667,-8,0,0,0,0,,,1,0,0,0,0,0,0,0
126,2005,3,31,22,21,33,33,0.47619,10,-0.060606,-2,-0.060606,-2,,,0,0,0,0,0,0,0,0
126,2005,4,26,31,26,34,34,0,0,-0.235294,-8,-0.235294,-8,,,0,0,0,0,0,0,0,0
126,2005,5,33,26,28,18,18,0.178571,5,0.833333,15,0.833333,15,,,0,0,0,0,0,0,0,0
126,2006,0,33,33,30,19,19,0.1,3,0.736842,14,0.736842,14,,,1,0,0,0,0,0,0,0
126,2006,1,28,33,26,30,30,0.076923,2,-0.066667,-2,-0.066667,-2,,,1,0,0,0,0,0,0,0
126,2006,2,28,28,22,19,19,0.272727,6,0.473684,9,0.473684,9,,,0,0,0,0,0,0,0,0
126,2006,3,27,28,31,23,23,-0.129032,-4,0.173913,4,0.173913,4,,,1,0,0,0,0,0,0,0
126,2006,4,33,27,26,28,28,0.269231,7,0.178571,5,0.178571,5,,,0,0,0,0,0,0,0,0
126,2006,5,28,33,33,31,31,-0.151515,-5,-0.096774,-3,-0.096774,-3,,,0,0,0,0,0,0,0,0
126,2007,0,33,33,33,25,25,0,0,0.32,8,0.32,8,,,0,0,0,0,0,0,0,0
126,2007,1,31,33,28,22,22,0.107143,3,0.409091,9,0.409091,9,,,1,0,0,0,0,0,0,0
126,2007,2,30,31,28,30,30,0.071429,2,0,0,0,0,,,1,0,0,0,0,0,0,0
126,2007,3,32,30,27,21,21,0.185185,5,0.52381,11,0.52381,11,,,0,0,0,0,0,0,0,0
126,2007,4,27,32,33,26,26,-0.181818,-6,0.038462,1,0.038462,1,,,1,0,0,0,0,0,0,0
126,2007,5,32,27,28,28,28,0.142857,4,0.142857,4,0.142857,4,,,0,0,0,0,0,0,0,0
126,2008,0,36,36,33,30,30,0.090909,3,0.2,6,0.2,6,,,0,0,0,0,0,0,0,0
126,2008,1,33,36,31,26,26,0.064516,2,0.269231,7,0.269231,7,,,0,0,0,0,0,0,0,0
126,2008,2,28,33,30,22,22,-0.066667,-2,0.272727,6,0.272727,6,,,1,0,0,0,0,0,0,0
126,2008,3,33,28,32,31,31,0.03125,1,0.064516,2,0.064516,2,,,1,0,0,0,0,0,0,0
126,2008,4,31,33,27,26,26,0.148148,4,0.192308,5,0.192308,5,,,0,0,0,0,0,0,0,0
126,2008,5,26,31,32,33,33,-0.1875,-6,-0.212121,-7,-0.212121,-7,,,1,0,0,0,0,0,0,0
126,2009,0,24,24,36,33,33,-0.333333,-12,-0.272727,-9,-0.272727,-9,,,0,0,0,0,0,0,0,0
126,2009,1,41,24,33,28,28,0.242424,8,0.464286,13,0.464286,13,,,0,0,0,0,0,0,0,0
126,2009,2,35,41,28,28,28,0.25,7,0.25,7,0.25,7,,,0,0,0,0,0,0,0,0
126,2009,3,28,35,33,27,27,-0.151515,-5,0.037037,1,0.037037,1,,,0,0,0,0,0,0,0,0
126,2009,4,33,28,31,33,33,0.064516,2,0,0,0,0,,,0,0,0,0,0,0,0,0
126,2009,5,33,33,26,28,28,0.269231,7,0.178571,5,0.178571,5,,,0,0,0,0,0,0,0,0
126,2010,0,37,37,24,33,33,0.541667,13,0.121212,4,0.121212,4,,,0,0,0,0,0,0,0,0
126,2010,1,27,37,41,31,31,-0.341463,-14,-0.129032,-4,-0.129032,-4,,,0,0,0,0,0,0,0,0
126,2010,2,40,27,35,30,30,0.142857,5,0.333333,10,0.333333,10,,,0,0,0,0,0,0,0,0
126,2010,3,38,40,28,32,32,0.357143,10,0.1875,6,0.1875,6,,,0,0,0,0,0,0,0,0
126,2010,4,31,38,33,27,27,-0.060606,-2,0.148148,4,0.148148,4,,,0,0,0,0,0,0,0,0
126,2010,5,37,31,33,32,32,0.121212,4,0.15625,5,0.15625,5,,,0,0,0,0,0,0,0,0
130,2001,0,34,34,34,34,34,0,0,0,0,0,0,36047013000,11209,1,154,154,154,0,0,0,0
130,2001,1,50,34,50,50,50,0,0,0,0,0,0,36047013000,11209,0,153,153,153,0,0,0,0
130,2001,2,46,50,46,46,46,0,0,0,0,0,0,36047013000,11209,0,167,167,167,0,0,0,0
130,2001,3,46,46,46,46,46,0,0,0,0,0,0,36047013000,11209,1,170,170,170,0,0,0,0
130,2001,4,32,46,32,32,32,0,0,0,0,0,0,36047013000,11209,1,126,126,126,0,0,0,0
130,2001,5,43,32,43,43,43,0,0,0,0,0,0,36047013000,11209,1,128,128,128,0,0,0,0
130,2002,0,48,48,34,48,48,0.411765,14,0,0,0,0,36047013000,11209,0,141,154,141,-0.084416,-13,0,0
130,2002,1,37,48,50,37,37,-0.26,-13,0,0,0,0,36047013000,11209,1,159,153,159,0.039216,6,0,0
130,2002,2,51,37,46,51,51,0.108696,5,0,0,0,0,36047013000,11209,0,164,167,164,-0.017964,-3,0,0
130,2002,3,50,51,46,50,50,0.086957,4,0,0,0,0,36047013000,11209,0,168,170,168,-0.011765,-2,0,0
130,2002,4,43,50,32,43,43,0.34375,11,0,0,0,0,36047013000,11209,1,170,126,170,0.349206,44,0,0
130,2002,5,36,43,43,36,36,-0.162791,-7,0,0,0,0,36047013000,11209,1,138,128,138,0.078125,10,0,0
130,2003,0,46,46,48,46,46,-0.041667,-2,0,0,0,0,36047013000,11209,1,153,141,153,0.085106,12,0,0
130,2003,1,49,46,37,49,49,0.324324,12,0,0,0,0,36047013000,11209,0,160,159,160,0.006289,1,0,0
130,2003,2,38,49,51,38,38,-0.254902,-13,0,0,0,0,36047013000,11209,1,162,164,162,-0.012195,-2,0,0
130,2003,3,61,38,50,61,61,0.22,11,0,0,0,0,36047013000,11209,0,166,168,166,-0.011905,-2,0,0
130,2003,4,49,61,43,49,49,0.139535,6,0,0,0,0,36047013000,11209,0,177,170,177,0.041176,7,0,0
130,2003,5,46,49,36,46,46,0.277778,10,0,0,0,0,36047013000,11209,1,163,138,163,0.181159,25,0,0
130,2004,0,43,43,46,34,34,-0.065217,-3,0.264706,9,0.264706,9,36047013000,11209,0,169,153,154,0.104575,16,0.097403,15
130,2004,1,44,43,49,50,50,-0.102041,-5,-0.12,-6,-0.12,-6,36047013000,11209,1,155,160,153,-0.03125,-5,0.013072,2
130,2004,2,50,44,38,46,46,0.315789,12,0.086957,4,0.086957,4,36047013000,11209,0,159,162,167,-0.018519,-3,-0.047904,-8
130,2004,3,39,50,61,46,46,-0.360656,-22,-0.152174,-7,-0.152174,-7,36047013000,11209,0,155,166,170,-0.066265,-11,-0.088235,-15
130,2004,4,53,39,49,32,32,0.081633,4,0.65625,21,0.65625,21,36047013000,11209,0,155,177,126,-0.124294,-22,0.230159,29
130,2004,5,49,53,46,43,43,0.065217,3,0.139535,6,0.139535,6,36047013000,11209,0,165,163,128,0.01227,2,0.289063,37
130,2005,0,55,55,43,48,48,0.27907,12,0.145833,7,0.145833,7,36047013000,11209,0,156,169,141,-0.076923,-13,0.106383,15
130,2005,1,48,55,44,37,37,0.090909,4,0.297297,11,0.297297,11,36047013000,11209,0,163,155,159,0.051613,8,0.025157,4
130,2005,2,49,48,50,51,51,-0.02,-1,-0.039216,-2,-0.039216,-2,36047013000,11209,0,148,159,164,-0.069182,-11,-0.097561,-16
130,2005,3,47,49,39,50,50,0.205128,8,-0.06,-3,-0.06,-3,36047013000,11209,1,166,155,168,0.070968,11,-0.011905,-2
130,2005,4,43,47,53,43,43,-0.188679,-10,0,0,0,0,36047013000,11209,0,161,155,170,0.03871,6,-0.052941,-9
130,2005,5,61,43,49,36,36,0.244898,12,0.694444,25,0.694444,25,36047013000,11209,0,157,165,138,-0.048485,-8,0.137681,19
130,2006,0,44,44,55,46,46,-0.2,-11,-0.043478,-2,-0.043478,-2,36047013000,11209,0,158,156,153,0.012821,2,0.03268,5
130,2006,1,50,44,48,49,49,0.041667,2,0.020408,1,0.020408,1,36047013000,11209,1,164,163,160,0.006135,1,0.025,4
130,2006,2,52,50,49,38,38,0.061224,3,0.368421,14,0.368421,14,36047013000,11209,0,168,148,162,0.135135,20,0.037037,6
130,2006,3,39,52,47,61,61,-0.170213,-8,-0.360656,-22,-0.360656,-22,36047013000,11209,1,156,166,166,-0.060241,-10,-0.060241,-10
130,2006,4,48,39,43,49,49,0.116279,5,-0.020408,-1,-0.020408,-1,36047013000,11209,0,164,161,177,0.018634,3,-0.073446,-13
130,2006,5,45,48,61,46,46,-0.262295,-16,-0.021739,-1,-0.021739,-1,36047013000,11209,0,167,157,163,0.063694,10,0.02454,4
130,2007,0,49,49,44,43,43,0.113636,5,0.139535,6,0.139535,6,36047013000,11209,1,157,158,169,-0.006329,-1,-0.071006,-12
130,2007,1,37,49,50,44,44,-0.26,-13,-0.159091,-7,-0.159091,-7,36047013000,11209,1,159,164,155,-0.030488,-5,0.025806,4
130,2007,2,47,37,52,50,50,-0.096154,-5,-0.06,-3,-0.06,-3,36047013000,11209,1,167,168,159,-0.005952,-1,0.050314,8
130,2007,3,51,47,39,39,39,0.307692,12,0.307692,12,0.307692,12,36047013000,11209,0,175,156,155,0.121795,19,0.129032,20
130,2007,4,34,51,48,53,53,-0.291667,-14,-0.358491,-19,-0.358491,-19,36047013000,11209,1,151,164,155,-0.079268,-13,-0.025806,-4
130,2007,5,45,34,45,49,49,0,0,-0.081633,-4,-0.081633,-4,36047013000,11209,0,155,167,165,-0.071856,-12,-0.060606,-10
130,2008,0,37,37,49,55,55,-0.244898,-12,-0.327273,-18,-0.327273,-18,36047013000,11209,1,164,157,156,0.044586,7,0.051282,8
130,2008,1,53,37,37,48,48,0.432432,16,0.104167,5,0.104167,5,36047013000,11209,1,171,159,163,0.075472,12,0.04908,8
130,2008,2,33,53,47,49,49,-0.297872,-14,-0.326531,-16,-0.326531,-16,36047013000,11209,1,153,167,148,-0.083832,-14,0.033784,5
130,2008,3,45,33,51,47,47,-0.117647,-6,-0.042553,-2,-0.042553,-2,36047013000,11209,1,162,175,166,-0.074286,-13,-0.024096,-4
130,2008,4,47,45,34,43,43,0.382353,13,0.093023,4,0.093023,4,36047013000,11209,0,163,151,161,0.07947,12,0.012422,2
130,2008,5,43,47,45,61,61,-0.044444,-2,-0.295082,-18,-0.295082,-18,36047013000,11209,1,154,155,157,-0.006452,-1,-0.019108,-3
130,2009,0,57,57,37,44,44,0.540541,20,0.295455,13,0.295455,13,36047013000,11209,0,168,164,158,0.02439,4,0.063291,10
130,2009,1,46,57,53,50,50,-0.132075,-7,-0.08,-4,-0.08,-4,36047013000,11209,0,187,171,164,0.093567,16,0.140244,23
130,2009,2,55,46,33,52,52,0.666667,22,0.057692,3,0.057692,3,36047013000,11209,0,176,153,168,0.150327,23,0.047619,8
130,2009,3,31,55,45,39,39,-0.311111,-14,-0.205128,-8,-0.205128,-8,36047013000,11209,0,158,162,156,-0.024691,-4,0.012821,2
130,2009,4,46,31,47,48,48,-0.021277,-1,-0.041667,-2,-0.041667,-2,36047013000,11209,0,154,163,164,-0.055215,-9,-0.060976,-10
130,2009,5,43,46,43,45,45,0,0,-0.044444,-2,-0.044444,-2,36047013000,11209,0,168,154,167,0.090909,14,0.005988,1
130,2010,0,55,55,57,49,49,-0.035088,-2,0.122449,6,0.122449,6,36047013000,11209,0,188,168,157,0.119048,20,0.197452,31
130,2010,1,56,55,46,37,37,0.217391,10,0.513514,19,0.513514,19,36047013000,11209,0,176,187,159,-0.058824,-11,0.106918,17
130,2010,2,41,56,55,47,47,-0.254545,-14,-0.12766,-6,-0.12766,-6,36047013000,11209,0,200,176,167,0.136364,24,0.197605,33
130,2010,3,53,41,31,51,51,0.709677,22,0.039216,2,0.039216,2,36047013000,11209,0,169,158,175,0.06962,11,-0.034286,-6
130,2010,4,29,53,46,34,34,-0.369565,-17,-0.147059,-5,-0.147059,-5,36047013000,11209,0,153,154,151,-0.006494,-1,0.013245,2
130,2010,5,49,29,43,45,45,0.139535,6,0.088889,4,0.088889,4,36047013000,11209,0,166,168,155,-0.011905,-2,0.070968,11
132,2001,0,21,21,21,21,21,0,0,0,0,0,0,36047013200,11220,0,96,96,96,0,0,0,0
132,2001,1,18,21,18,18,18,0,0,0,0,0,0,36047013200,11220,0,99,99,99,0,0,0,0
132,2001,2,19,18,19,19,19,0,0,0,0,0,0,36047013200,11220,0,117,117,117,0,0,0,0
132,2001,3,25,19,25,25,25,0,0,0,0,0,0,36047013200,11220,0,108,108,108,0,0,0,0
132,2001,4,24,25,24,24,24,0,0,0,0,0,0,36047013200,11220,0,110,110,110,0,0,0,0
132,2001,5,15,24,15,15,15,0,0,0,0,0,0,36047013200,11220,1,88,88,88,0,0,0,0
132,2002,0,17,17,21,17,17,-0.190476,-4,0,0,0,0,36047013200,11220,0,94,96,94,-0.020833,-2,0,0
132,2002,1,18,17,18,18,18,0,0,0,0,0,0,36047013200,11220,0,106,99,106,0.070707,7,0,0
132,2002,2,26,18,19,26,26,0.368421,7,0,0,0,0,36047013200,11220,0,114,117,114,-0.025641,-3,0,0
132,2002,3,20,26,25,20,20,-0.2,-5,0,0,0,0,36047013200,11220,1,112,108,112,0.037037,4,0,0
132,2002,4,28,20,24,28,28,0.166667,4,0,0,0,0,36047013200,11220,0,113,110,113,0.027273,3,0,0
132,2002,5,24,28,15,24,24,0.6,9,0,0,0,0,36047013200,11220,0,129,88,129,0.465909,41,0,0
132,2003,0,15,15,17,15,15,-0.117647,-2,0,0,0,0,36047013200,11220,0,83,94,83,-0.117021,-11,0,0
132,2003,1,19,15,18,19,19,0.055556,1,0,0,0,0,36047013200,11220,0,101,106,101,-0.04717,-5,0,0
132,2003,2,17,19,26,17,17,-0.346154,-9,0,0,0,0,36047013200,11220,1,104,114,104,-0.087719,-10,0,0
132,2003,3,23,17,20,23,23,0.15,3,0,0,0,0,36047013200,11220,1,120,112,120,0.071429,8,0,0
132,2003,4,18,23,28,18,18,-0.357143,-10,0,0,0,0,36047013200,11220,1,121,113,121,0.070796,8,0,0
132,2003,5,22,18,24,22,22,-0.083333,-2,0,0,0,0,36047013200,11220,1,109,129,109,-0.155039,-20,0,0
132,2004,0,19,19,15,21,21,0.266667,4,-0.095238,-2,-0.095238,-2,36047013200,11220,1,100,83,96,0.204819,17,0.041667,4
132,2004,1,20,19,19,18,18,0.052632,1,0.111111,2,0.111111,2,36047013200,11220,1,90,101,99,-0.108911,-11,-0.090909,-9
132,2004,2,21,20,17,19,19,0.235294,4,0.105263,2,0.105263,2,36047013200,11220,0,97,104,117,-0.067308,-7,-0.17094,-20
132,2004,3,25,21,23,25,25,0.086957,2,0,0,0,0,36047013200,11220,0,113,120,108,-0.058333,-7,0.046296,5
132,2004,4,27,25,18,24,24,0.5,9,0.125,3,0.125,3,36047013200,11220,0,110,121,110,-0.090909,-11,0,0
132,2004,5,20,27,22,15,15,-0.090909,-2,0.333333,5,0.333333,5,36047013200,11220,1,118,109,88,0.082569,9,0.340909,30
132,2005,0,16,16,19,17,17,-0.157895,-3,-0.058824,-1,-0.058824,-1,36047013200,11220,1,93,100,94,-0.07,-7,-0.010638,-1
132,2005,1,19,16,20,18,18,-0.05,-1,0.055556,1,0.055556,1,36047013200,11220,0,106,90,106,0.177778,16,0,0
132,2005,2,20,19,21,26,26,-0.047619,-1,-0.230769,-6,-0.230769,-6,36047013200,11220,1,92,97,114,-0.051546,-5,-0.192982,-22
132,2005,3,26,20,25,20,20,0.04,1,0.3,6,0.3,6,36047013200,11220,0,105,113,112,-0.070796,-8,-0.0625,-7
132,2005,4,26,26,27,28,28,-0.037037,-1,-0.071429,-2,-0.071429,-2,36047013200,11220,0,108,110,113,-0.018182,-2,-0.044248,-5
132,2005,5,29,26,20,24,24,0.45,9,0.208333,5,0.208333,5,36047013200,11220,0,117,118,129,-0.008475,-1,-0.093023,-12
132,2006,0,25,25,16,15,15,0.5625,9,0.666667,10,0.666667,10,36047013200,11220,0,103,93,83,0.107527,10,0.240964,20
132,2006,1,25,25,19,19,19,0.315789,6,0.315789,6,0.315789,6,36047013200,11220,0,102,106,101,-0.037736,-4,0.009901,1
132,2006,2,19,25,20,17,17,-0.05,-1,0.117647,2,0.117647,2,36047013200,11220,0,108,92,104,0.173913,16,0.038462,4
132,2006,3,23,19,26,23,23,-0.115385,-3,0,0,0,0,36047013200,11220,1,90,105,120,-0.142857,-15,-0.25,-30
132,2006,4,27,23,26,18,18,0.038462,1,0.5,9,0.5,9,36047013200,11220,0,103,108,121,-0.046296,-5,-0.14876,-18
132,2006,5,24,27,29,22,22,-0.172414,-5,0.090909,2,0.090909,2,36047013200,11220,0,105,117,109,-0.102564,-12,-0.036697,-4
132,2007,0,26,26,25,19,19,0.04,1,0.368421,7,0.368421,7,36047013200,11220,0,86,103,100,-0.165049,-17,-0.14,-14
132,2007,1,18,26,25,20,20,-0.28,-7,-0.1,-2,-0.1,-2,36047013200,11220,1,103,102,90,0.009804,1,0.144444,13
132,2007,2,27,18,19,21,21,0.421053,8,0.285714,6,0.285714,6,36047013200,11220,0,114,108,97,0.055556,6,0.175258,17
132,2007,3,15,27,23,25,25,-0.347826,-8,-0.4,-10,-0.4,-10,36047013200,11220,1,102,90,113,0.133333,12,-0.097345,-11
132,2007,4,25,15,27,27,27,-0.074074,-2,-0.074074,-2,-0.074074,-2,36047013200,11220,0,87,103,110,-0.15534,-16,-0.209091,-23
132,2007,5,24,25,24,20,20,0,0,0.2,4,0.2,4,36047013200,11220,0,100,105,118,-0.047619,-5,-0.152542,-18
132,2008,0,25,25,26,16,16,-0.038462,-1,0.5625,9,0.5625,9,36047013200,11220,0,109,86,93,0.267442,23,0.172043,16
132,2008,1,27,25,18,19,19,0.5,9,0.421053,8,0.421053,8,36047013200,11220,0,101,103,106,-0.019417,-2,-0.04717,-5
132,2008,2,19,27,27,20,20,-0.296296,-8,-0.05,-1,-0.05,-1,36047013200,11220,1,110,114,92,-0.035088,-4,0.195652,18
132,2008,3,26,19,15,26,26,0.733333,11,0,0,0,0,36047013200,11220,1,120,102,105,0.176471,18,0.142857,15
132,2008,4,18,26,25,26,26,-0.28,-7,-0.307692,-8,-0.307692,-8,36047013200,11220,0,111,87,108,0.275862,24,0.027778,3
132,2008,5,26,18,24,29,29,0.083333,2,-0.103448,-3,-0.103448,-3,36047013200,11220,0,102,100,117,0.02,2,-0.128205,-15
132,2009,0,21,21,25,25,25,-0.16,-4,-0.16,-4,-0.16,-4,36047013200,11220,0,110,109,103,0.009174,1,0.067961,7
132,2009,1,32,21,27,25,25,0.185185,5,0.28,7,0.28,7,36047013200,11220,0,125,101,102,0.237624,24,0.22549,23
132,2009,2,29,32,19,19,19,0.526316,10,0.526316,10,0.526316,10,36047013200,11220,0,120,110,108,0.090909,10,0.111111,12
132,2009,3,22,29,26,23,23,-0.153846,-4,-0.043478,-1,-0.043478,-1,36047013200,11220,0,118,120,90,-0.016667,-2,0.311111,28
132,2009,4,25,22,18,27,27,0.388889,7,-0.074074,-2,-0.074074,-2,36047013200,11220,0,129,111,103,0.162162,18,0.252427,26
132,2009,5,19,25,26,24,24,-0.269231,-7,-0.208333,-5,-0.208333,-5,36047013200,11220,0,123,102,105,0.205882,21,0.171429,18
132,2010,0,26,26,21,26,26,0.238095,5,0,0,0,0,36047013200,11220,0,124,110,86,0.127273,14,0.44186,38
132,2010,1,28,26,32,18,18,-0.125,-4,0.555556,10,0.555556,10,36047013200,11220,0,138,125,103,0.104,13,0.339806,35
132,2010,2,30,28,29,27,27,0.034483,1,0.111111,3,0.111111,3,36047013200,11220,0,136,120,114,0.133333,16,0.192982,22
132,2010,3,32,30,22,15,15,0.454545,10,1.133333,17,1.133333,17,36047013200,11220,0,126,118,102,0.067797,8,0.235294,24
132,2010,4,20,32,25,25,25,-0.2,-5,-0.2,-5,-0.2,-5,36047013200,11220,0,125,129,87,-0.031008,-4,0.436782,38
132,2010,5,28,20,19,24,24,0.473684,9,0.166667,4,0.166667,4,36047013200,11220,0,142,123,100,0.154472,19,0.42,42
134,2001,0,24,24,24,24,24,0,0,0,0,0,0,36047013400,11209,1,126,126,126,0,0,0,0
134,2001,1,32,24,32,32,32,0,0,0,0,0,0,36047013400,11209,0,118,118,118,0,0,0,0
134,2001,2,31,32,31,31,31,0,0,0,0,0,0,36047013400,11209,0,130,130,130,0,0,0,0
134,2001,3,31,31,31,31,31,0,0,0,0,0,0,36047013400,11209,1,141,141,141,0,0,0,0
134,2001,4,35,31,35,35,35,0,0,0,0,0,0,36047013400,11209,0,109,109,109,0,0,0,0
134,2001,5,16,35,16,16,16,0,0,0,0,0,0,36047013400,11209,1,116,116,116,0,0,0,0
134,2002,0,29,29,24,29,29,0.208333,5,0,0,0,0,36047013400,11209,1,108,126,108,-0.142857,-18,0,0
134,2002,1,24,29,32,24,24,-0.25,-8,0,0,0,0,36047013400,11209,1,129,118,129,0.09322,11,0,0
134,2002,2,39,24,31,39,39,0.258065,8,0,0,0,0,36047013400,11209,0,130,130,130,0,0,0,0
134,2002,3,31,39,31,31,31,0,0,0,0,0,0,36047013400,11209,0,131,141,131,-0.070922,-10,0,0
134,2002,4,33,31,35,33,33,-0.057143,-2,0,0,0,0,36047013400,11209,0,141,109,141,0.293578,32,0,0
134,2002,5,40,33,16,40,40,1.5,24,0,0,0,0,36047013400,11209,0,122,116,122,0.051724,6,0,0
134,2003,0,31,31,29,31,31,0.068966,2,0,0,0,0,36047013400,11209,0,109,108,109,0.009259,1,0,0
134,2003,1,30,31,24,30,30,0.25,6,0,0,0,0,36047013400,11209,0,118,129,118,-0.085271,-11,0,0
134,2003,2,28,30,39,28,28,-0.282051,-11,0,0,0,0,36047013400,11209,0,126,130,126,-0.030769,-4,0,0
134,2003,3,38,28,31,38,38,0.225806,7,0,0,0,0,36047013400,11209,0,144,131,144,0.099237,13,0,0
134,2003,4,34,38,33,34,34,0.030303,1,0,0,0,0,36047013400,11209,0,136,141,136,-0.035461,-5,0,0
134,2003,5,30,34,40,30,30,-0.25,-10,0,0,0,0,36047013400,11209,0,133,122,133,0.090164,11,0,0
134,2004,0,32,32,31,24,24,0.032258,1,0.333333,8,0.333333,8,36047013400,11209,0,130,109,126,0.192661,21,0.031746,4
134,2004,1,32,32,30,32,32,0.066667,2,0,0,0,0,36047013400,11209,0,115,118,118,-0.025424,-3,-0.025424,-3
134,2004,2,30,32,28,31,31,0.071429,2,-0.032258,-1,-0.032258,-1,36047013400,11209,0,121,126,130,-0.039683,-5,-0.069231,-9
134,2004,3,33,30,38,31,31,-0.131579,-5,0.064516,2,0.064516,2,36047013400,11209,0,130,144,141,-0.097222,-14,-0.078014,-11
134,2004,4,31,33,34,35,35,-0.088235,-3,-0.114286,-4,-0.114286,-4,36047013400,11209,0,140,136,109,0.029412,4,0.284404,31
134,2004,5,33,31,30,16,16,0.1,3,1.0625,17,1.0625,17,36047013400,11209,0,132,133,116,-0.007519,-1,0.137931,16
134,2005,0,27,27,32,29,29,-0.15625,-5,-0.068966,-2,-0.068966,-2,36047013400,11209,1,123,130,108,-0.053846,-7,0.138889,15
134,2005,1,29,27,32,24,24,-0.09375,-3,0.208333,5,0.208333,5,36047013400,11209,0,137,115,129,0.191304,22,0.062016,8
134,2005,2,30,29,30,39,39,0,0,-0.230769,-9,-0.230769,-9,36047013400,11209,1,128,121,130,0.057851,7,-0.015385,-2
134,2005,3,31,30,33,31,31,-0.060606,-2,0,0,0,0,36047013400,11209,0,126,130,131,-0.030769,-4,-0.038168,-5
134,2005,4,28,31,31,33,33,-0.096774,-3,-0.151515,-5,-0.151515,-5,36047013400,11209,1,133,140,141,-0.05,-7,-0.056738,-8
134,2005,5,31,28,33,40,40,-0.060606,-2,-0.225,-9,-0.225,-9,36047013400,11209,0,155,132,122,0.174242,23,0.270492,33
134,2006,0,25,25,27,31,31,-0.074074,-2,-0.193548,-6,-0.193548,-6,36047013400,11209,1,139,123,109,0.130081,16,0.275229,30
134,2006,1,31,25,29,30,30,0.068966,2,0.033333,1,0.033333,1,36047013400,11209,0,122,137,118,-0.109489,-15,0.033898,4
134,2006,2,32,31,30,28,28,0.066667,2,0.142857,4,0.142857,4,36047013400,11209,0,138,128,126,0.078125,10,0.095238,12
134,2006,3,33,32,31,38,38,0.064516,2,-0.131579,-5,-0.131579,-5,36047013400,11209,1,117,126,144,-0.071429,-9,-0.1875,-27
134,2006,4,30,33,28,34,34,0.071429,2,-0.117647,-4,-0.117647,-4,36047013400,11209,0,131,133,136,-0.015038,-2,-0.036765,-5
134,2006,5,24,30,31,30,30,-0.225806,-7,-0.2,-6,-0.2,-6,36047013400,11209,1,138,155,133,-0.109677,-17,0.037594,5
134,2007,0,31,31,25,32,32,0.24,6,-0.03125,-1,-0.03125,-1,36047013400,11209,0,128,139,130,-0.079137,-11,-0.015385,-2
134,2007,1,22,31,31,32,32,-0.290323,-9,-0.3125,-10,-0.3125,-10,36047013400,11209,1,128,122,115,0.04918,6,0.113043,13
134,2007,2,34,22,32,30,30,0.0625,2,0.133333,4,0.133333,4,36047013400,11209,0,124,138,121,-0.101449,-14,0.024793,3
134,2007,3,33,34,33,33,33,0,0,0,0,0,0,36047013400,11209,0,130,117,130,0.111111,13,0,0
134,2007,4,31,33,30,31,31,0.033333,1,0,0,0,0,36047013400,11209,1,113,131,140,-0.137405,-18,-0.192857,-27
134,2007,5,27,31,24,33,33,0.125,3,-0.181818,-6,-0.181818,-6,36047013400,11209,1,125,138,132,-0.094203,-13,-0.05303,-7
134,2008,0,32,32,31,27,27,0.032258,1,0.185185,5,0.185185,5,36047013400,11209,1,120,128,123,-0.0625,-8,-0.02439,-3
134,2008,1,32,32,22,29,29,0.454545,10,0.103448,3,0.103448,3,36047013400,11209,1,141,128,137,0.101563,13,0.029197,4
134,2008,2,21,32,34,30,30,-0.382353,-13,-0.3,-9,-0.3,-9,36047013400,11209,1,126,124,128,0.016129,2,-0.015625,-2
134,2008,3,36,21,33,31,31,0.090909,3,0.16129,5,0.16129,5,36047013400,11209,0,117,130,126,-0.1,-13,-0.071429,-9
134,2008,4,31,36,31,28,28,0,0,0.107143,3,0.107143,3,36047013400,11209,0,127,113,133,0.123894,14,-0.045113,-6
134,2008,5,31,31,27,31,31,0.148148,4,0,0,0,0,36047013400,11209,1,129,125,155,0.032,4,-0.167742,-26
134,2009,0,28,28,32,25,25,-0.125,-4,0.12,3,0.12,3,36047013400,11209,0,140,120,139,0.166667,20,0.007194,1
134,2009,1,36,28,32,31,31,0.125,4,0.16129,5,0.16129,5,36047013400,11209,0,147,141,122,0.042553,6,0.204918,25
134,2009,2,33,36,21,32,32,0.571429,12,0.03125,1,0.03125,1,36047013400,11209,0,152,126,138,0.206349,26,0.101449,14
134,2009,3,21,33,36,33,33,-0.416667,-15,-0.363636,-12,-0.363636,-12,36047013400,11209,0,129,117,117,0.102564,12,0.102564,12
134,2009,4,35,21,31,30,30,0.129032,4,0.166667,5,0.166667,5,36047013400,11209,0,126,127,131,-0.007874,-1,-0.038168,-5
134,2009,5,31,35,31,24,24,0,0,0.291667,7,0.291667,7,36047013400,11209,0,123,129,138,-0.046512,-6,-0.108696,-15
134,2010,0,37,37,28,31,31,0.321429,9,0.193548,6,0.193548,6,36047013400,11209,0,157,140,128,0.121429,17,0.226563,29
134,2010,1,41,37,36,22,22,0.138889,5,0.863636,19,0.863636,19,36047013400,11209,0,154,147,128,0.047619,7,0.203125,26
134,2010,2,41,41,33,34,34,0.242424,8,0.205882,7,0.205882,7,36047013400,11209,0,143,152,124,-0.059211,-9,0.153226,19
134,2010,3,32,41,21,33,33,0.52381,11,-0.030303,-1,-0.030303,-1,36047013400,11209,0,152,129,130,0.178295,23,0.169231,22
134,2010,4,25,32,35,31,31,-0.285714,-10,-0.193548,-6,-0.193548,-6,36047013400,11209,0,121,126,113,-0.039683,-5,0.070796,8
134,2010,5,36,25,31,27,27,0.16129,5,0.333333,9,0.333333,9,36047013400,11209,0,134,123,125,0.089431,11,0.072,9
136,2001,0,31,31,31,31,31,0,0,0,0,0,0,36047013600,11209,0,129,129,129,0,0,0,0
136,2001,1,22,31,22,22,22,0,0,0,0,0,0,36047013600,11209,1,172,172,172,0,0,0,0
136,2001,2,24,22,24,24,24,0,0,0,0,0,0,36047013600,11209,1,149,149,149,0,0,0,0
136,2001,3,33,24,33,33,33,0,0,0,0,0,0,36047013600,11209,0,144,144,144,0,0,0,0
136,2001,4,18,33,18,18,18,0,0,0,0,0,0,36047013600,11209,1,116,116,116,0,0,0,0
136,2001,5,24,18,24,24,24,0,0,0,0,0,0,36047013600,11209,1,120,120,120,0,0,0,0
136,2002,0,21,21,31,21,21,-0.322581,-10,0,0,0,0,36047013600,11209,1,159,129,159,0.232558,30,0,0
136,2002,1,29,21,22,29,29,0.318182,7,0,0,0,0,36047013600,11209,0,132,172,132,-0.232558,-40,0,0
136,2002,2,22,29,24,22,22,-0.083333,-2,0,0,0,0,36047013600,11209,1,171,149,171,0.147651,22,0,0
136,2002,3,26,22,33,26,26,-0.212121,-7,0,0,0,0,36047013600,11209,0,145,144,145,0.006944,1,0,0
136,2002,4,31,26,18,31,31,0.722222,13,0,0,0,0,36047013600,11209,0,148,116,148,0.275862,32,0,0
136,2002,5,20,31,24,20,20,-0.166667,-4,0,0,0,0,36047013600,11209,1,124,120,124,0.033333,4,0,0
136,2003,0,23,23,21,23,23,0.095238,2,0,0,0,0,36047013600,11209,0,137,159,137,-0.138365,-22,0,0
136,2003,1,26,23,29,26,26,-0.103448,-3,0,0,0,0,36047013600,11209,1,152,132,152,0.151515,20,0,0
136,2003,2,29,26,22,29,29,0.318182,7,0,0,0,0,36047013600,11209,0,136,171,136,-0.204678,-35,0,0
136,2003,3,24,29,26,24,24,-0.076923,-2,0,0,0,0,36047013600,11209,0,172,145,172,0.186207,27,0,0
136,2003,4,30,24,31,30,30,-0.032258,-1,0,0,0,0,36047013600,11209,0,147,148,147,-0.006757,-1,0,0
136,2003,5,28,30,20,28,28,0.4,8,0,0,0,0,36047013600,11209,0,152,124,152,0.225806,28,0,0
136,2004,0,34,34,23,31,31,0.478261,11,0.096774,3,0.096774,3,36047013600,11209,0,143,137,129,0.043796,6,0.108527,14
136,2004,1,24,34,26,22,22,-0.076923,-2,0.090909,2,0.090909,2,36047013600,11209,0,136,152,172,-0.105263,-16,-0.209302,-36
136,2004,2,25,24,29,24,24,-0.137931,-4,0.041667,1,0.041667,1,36047013600,11209,1,150,136,149,0.102941,14,0.006711,1
136,2004,3,27,25,24,33,33,0.125,3,-0.181818,-6,-0.181818,-6,36047013600,11209,1,145,172,144,-0.156977,-27,0.006944,1
136,2004,4,22,27,30,18,18,-0.266667,-8,0.222222,4,0.222222,4,36047013600,11209,1,159,147,116,0.081633,12,0.37069,43
136,2004,5,28,22,28,24,24,0,0,0.166667,4,0.166667,4,36047013600,11209,0,152,152,120,0,0,0.266667,32
136,2005,0,22,22,34,21,21,-0.352941,-12,0.047619,1,0.047619,1,36047013600,11209,1,147,143,159,0.027972,4,-0.075472,-12
136,2005,1,31,22,24,29,29,0.291667,7,0.068966,2,0.068966,2,36047013600,11209,1,153,136,132,0.125,17,0.159091,21
136,2005,2,29,31,25,22,22,0.16,4,0.318182,7,0.318182,7,36047013600,11209,0,142,150,171,-0.053333,-8,-0.169591,-29
136,2005,3,25,29,27,26,26,-0.074074,-2,-0.038462,-1,-0.038462,-1,36047013600,11209,1,145,145,145,0,0,0,0
136,2005,4,27,25,22,31,31,0.227273,5,-0.129032,-4,-0.129032,-4,36047013600,11209,0,143,159,148,-0.100629,-16,-0.033784,-5
136,2005,5,25,27,28,20,20,-0.107143,-3,0.25,5,0.25,5,36047013600,11209,0,160,152,124,0.052632,8,0.290323,36
136,2006,0,35,35,22,23,23,0.590909,13,0.521739,12,0.521739,12,36047013600,11209,0,146,147,137,-0.006803,-1,0.065693,9
136,2006,1,17,35,31,26,26,-0.451613,-14,-0.346154,-9,-0.346154,-9,36047013600,11209,1,143,153,152,-0.065359,-10,-0.059211,-9
136,2006,2,29,17,29,29,29,0,0,0,0,0,0,36047013600,11209,1,156,142,136,0.098592,14,0.147059,20
136,2006,3,30,29,25,24,24,0.2,5,0.25,6,0.25,6,36047013600,11209,0,144,145,172,-0.006897,-1,-0.162791,-28
136,2006,4,26,30,27,30,30,-0.037037,-1,-0.133333,-4,-0.133333,-4,36047013600,11209,0,145,143,147,0.013986,2,-0.013605,-2
136,2006,5,30,26,25,28,28,0.2,5,0.071429,2,0.071429,2,36047013600,11209,0,138,160,152,-0.1375,-22,-0.092105,-14
136,2007,0,28,28,35,34,34,-0.2,-7,-0.176471,-6,-0.176471,-6,36047013600,11209,1,141,146,143,-0.034247,-5,-0.013986,-2
136,2007,1,34,28,17,24,24,1,17,0.416667,10,0.416667,10,36047013600,11209,0,127,143,136,-0.111888,-16,-0.066176,-9
136,2007,2,17,34,29,25,25,-0.413793,-12,-0.32,-8,-0.32,-8,36047013600,11209,1,140,156,150,-0.102564,-16,-0.066667,-10
136,2007,3,30,17,30,27,27,0,0,0.111111,3,0.111111,3,36047013600,11209,1,143,144,145,-0.006944,-1,-0.013793,-2
136,2007,4,28,30,26,22,22,0.076923,2,0.272727,6,0.272727,6,36047013600,11209,0,125,145,159,-0.137931,-20,-0.213836,-34
136,2007,5,26,28,30,28,28,-0.133333,-4,-0.071429,-2,-0.071429,-2,36047013600,11209,0,134,138,152,-0.028986,-4,-0.118421,-18
136,2008,0,26,26,28,22,22,-0.071429,-2,0.181818,4,0.181818,4,36047013600,11209,1,151,141,147,0.070922,10,0.027211,4
136,2008,1,31,26,34,31,31,-0.088235,-3,0,0,0,0,36047013600,11209,1,146,127,153,0.149606,19,-0.045752,-7
136,2008,2,33,31,17,29,29,0.941176,16,0.137931,4,0.137931,4,36047013600,11209,1,118,140,142,-0.157143,-22,-0.169014,-24
136,2008,3,15,33,30,25,25,-0.5,-15,-0.4,-10,-0.4,-10,36047013600,11209,1,141,143,145,-0.013986,-2,-0.027586,-4
136,2008,4,26,15,28,27,27,-0.071429,-2,-0.037037,-1,-0.037037,-1,36047013600,11209,1,134,125,143,0.072,9,-0.062937,-9
136,2008,5,29,26,26,25,25,0.115385,3,0.16,4,0.16,4,36047013600,11209,0,135,134,160,0.007463,1,-0.15625,-25
136,2009,0,36,36,26,35,35,0.384615,10,0.028571,1,0.028571,1,36047013600,11209,0,170,151,146,0.125828,19,0.164384,24
136,2009,1,32,36,31,17,17,0.032258,1,0.882353,15,0.882353,15,36047013600,11209,0,173,146,143,0.184932,27,0.20979,30
136,2009,2,32,32,33,29,29,-0.030303,-1,0.103448,3,0.103448,3,36047013600,11209,0,159,118,156,0.347458,41,0.019231,3
136,2009,3,34,32,15,30,30,1.266667,19,0.133333,4,0.133333,4,36047013600,11209,0,117,141,144,-0.170213,-24,-0.1875,-27
136,2009,4,17,34,26,26,26,-0.346154,-9,-0.346154,-9,-0.346154,-9,36047013600,11209,0,150,134,145,0.119403,16,0.034483,5
136,2009,5,28,17,29,30,30,-0.034483,-1,-0.066667,-2,-0.066667,-2,36047013600,11209,0,145,135,138,0.074074,10,0.050725,7
136,2010,0,37,37,36,28,28,0.027778,1,0.321429,9,0.321429,9,36047013600,11209,0,184,170,141,0.082353,14,0.304965,43
136,2010,1,37,37,32,34,34,0.15625,5,0.088235,3,0.088235,3,36047013600,11209,0,188,173,127,0.086705,15,0.480315,61
136,2010,2,36,37,32,17,17,0.125,4,1.117647,19,1.117647,19,36047013600,11209,0,172,159,140,0.081761,13,0.228571,32
136,2010,3,33,36,34,30,30,-0.029412,-1,0.1,3,0.1,3,36047013600,11209,0,158,117,143,0.350427,41,0.104895,15
136,2010,4,31,33,17,28,28,0.823529,14,0.107143,3,0.107143,3,36047013600,11209,0,121,150,125,-0.193333,-29,-0.032,-4
136,2010,5,23,31,28,26,26,-0.178571,-5,-0.115385,-3,-0.115385,-3,36047013600,11209,0,154,145,134,0.062069,9,0.149254,20
138,2001,0,13,13,13,13,13,0,0,0,0,0,0,36047013800,11209,0,138,138,138,0,0,0,0
138,2001,1,18,13,18,18,18,0,0,0,0,0,0,36047013800,11209,0,160,160,160,0,0,0,0
138,2001,2,6,18,6,6,6,0,0,0,0,0,0,36047013800,11209,1,144,144,144,0,0,0,0
138,2001,3,20,6,20,20,20,0,0,0,0,0,0,36047013800,11209,0,135,135,135,0,0,0,0
138,2001,4,7,20,7,7,7,0,0,0,0,0,0,36047013800,11209,0,95,95,95,0,0,0,0
138,2001,5,15,7,15,15,15,0,0,0,0,0,0,36047013800,11209,0,109,109,109,0,0,0,0
138,2002,0,15,15,13,15,15,0.153846,2,0,0,0,0,36047013800,11209,0,129,138,129,-0.065217,-9,0,0
138,2002,1,12,15,18,12,12,-0.333333,-6,0,0,0,0,36047013800,11209,0,125,160,125,-0.21875,-35,0,0
138,2002,2,16,12,6,16,16,1.666667,10,0,0,0,0,36047013800,11209,0,148,144,148,0.027778,4,0,0
138,2002,3,7,16,20,7,7,-0.65,-13,0,0,0,0,36047013800,11209,1,140,135,140,0.037037,5,0,0
138,2002,4,18,7,7,18,18,1.571429,11,0,0,0,0,36047013800,11209,0,125,95,125,0.315789,30,0,0
138,2002,5,7,18,15,7,7,-0.533333,-8,0,0,0,0,36047013800,11209,0,90,109,90,-0.174312,-19,0,0
138,2003,0,11,11,15,11,11,-0.266667,-4,0,0,0,0,36047013800,11209,1,117,129,117,-0.093023,-12,0,0
138,2003,1,14,11,12,14,14,0.166667,2,0,0,0,0,36047013800,11209,1,128,125,128,0.024,3,0,0
138,2003,2,14,14,16,14,14,-0.125,-2,0,0,0,0,36047013800,11209,0,123,148,123,-0.168919,-25,0,0
138,2003,3,12,14,7,12,12,0.714286,5,0,0,0,0,36047013800,11209,1,140,140,140,0,0,0,0
138,2003,4,5,12,18,5,5,-0.722222,-13,0,0,0,0,36047013800,11209,1,136,125,136,0.088,11,0,0
138,2003,5,16,5,7,16,16,1.285714,9,0,0,0,0,36047013800,11209,0,134,90,134,0.488889,44,0,0
138,2004,0,15,15,11,13,13,0.363636,4,0.153846,2,0.153846,2,36047013800,11209,0,134,117,138,0.145299,17,-0.028986,-4
138,2004,1,8,15,14,18,18,-0.428571,-6,-0.555556,-10,-0.555556,-10,36047013800,11209,1,120,128,160,-0.0625,-8,-0.25,-40
138,2004,2,14,8,14,6,6,0,0,1.333333,8,1.333333,8,36047013800,11209,1,126,123,144,0.02439,3,-0.125,-18
138,2004,3,17,14,12,20,20,0.416667,5,-0.15,-3,-0.15,-3,36047013800,11209,0,121,140,135,-0.135714,-19,-0.103704,-14
138,2004,4,12,17,5,7,7,1.4,7,0.714286,5,0.714286,5,36047013800,11209,1,147,136,95,0.080882,11,0.547368,52
138,2004,5,6,12,16,15,15,-0.625,-10,-0.6,-9,-0.6,-9,36047013800,11209,1,142,134,109,0.059701,8,0.302752,33
138,2005,0,14,14,15,15,15,-0.066667,-1,-0.066667,-1,-0.066667,-1,36047013800,11209,0,116,134,129,-0.134328,-18,-0.100775,-13
138,2005,1,19,14,8,12,12,1.375,11,0.583333,7,0.583333,7,36047013800,11209,0,129,120,125,0.075,9,0.032,4
138,2005,2,9,19,14,16,16,-0.357143,-5,-0.4375,-7,-0.4375,-7,36047013800,11209,1,117,126,148,-0.071429,-9,-0.209459,-31
138,2005,3,15,9,17,7,7,-0.117647,-2,1.142857,8,1.142857,8,36047013800,11209,1,118,121,140,-0.024793,-3,-0.157143,-22
138,2005,4,15,15,12,18,18,0.25,3,-0.166667,-3,-0.166667,-3,36047013800,11209,0,118,147,125,-0.197279,-29,-0.056,-7
138,2005,5,11,15,6,7,7,0.833333,5,0.571429,4,0.571429,4,36047013800,11209,0,138,142,90,-0.028169,-4,0.533333,48
138,2006,0,15,15,14,11,11,0.071429,1,0.363636,4,0.363636,4,36047013800,11209,1,163,116,117,0.405172,47,0.393162,46
138,2006,1,18,15,19,14,14,-0.052632,-1,0.285714,4,0.285714,4,36047013800,11209,0,106,129,128,-0.178295,-23,-0.171875,-22
138,2006,2,22,18,9,14,14,1.444444,13,0.571429,8,0.571429,8,36047013800,11209,0,115,117,123,-0.017094,-2,-0.065041,-8
138,2006,3,13,22,15,12,12,-0.133333,-2,0.083333,1,0.083333,1,36047013800,11209,0,123,118,140,0.042373,5,-0.121429,-17
138,2006,4,15,13,15,5,5,0,0,2,10,2,10,36047013800,11209,1,111,118,136,-0.059322,-7,-0.183824,-25
138,2006,5,15,15,11,16,16,0.363636,4,-0.0625,-1,-0.0625,-1,36047013800,11209,0,114,138,134,-0.173913,-24,-0.149254,-20
138,2007,0,10,10,15,15,15,-0.333333,-5,-0.333333,-5,-0.333333,-5,36047013800,11209,0,137,163,134,-0.159509,-26,0.022388,3
138,2007,1,12,10,18,8,8,-0.333333,-6,0.5,4,0.5,4,36047013800,11209,1,157,106,120,0.481132,51,0.308333,37
138,2007,2,14,12,22,14,14,-0.363636,-8,0,0,0,0,36047013800,11209,0,99,115,126,-0.13913,-16,-0.214286,-27
138,2007,3,20,14,13,17,17,0.538462,7,0.176471,3,0.176471,3,36047013800,11209,0,102,123,121,-0.170732,-21,-0.157025,-19
138,2007,4,8,20,15,12,12,-0.466667,-7,-0.333333,-4,-0.333333,-4,36047013800,11209,1,105,111,147,-0.054054,-6,-0.285714,-42
138,2007,5,11,8,15,6,6,-0.266667,-4,0.833333,5,0.833333,5,36047013800,11209,1,108,114,142,-0.052632,-6,-0.239437,-34
138,2008,0,24,24,10,14,14,1.4,14,0.714286,10,0.714286,10,36047013800,11209,0,178,137,116,0.29927,41,0.534483,62
138,2008,1,8,24,12,19,19,-0.333333,-4,-0.578947,-11,-0.578947,-11,36047013800,11209,1,142,157,129,-0.095541,-15,0.100775,13
138,2008,2,14,8,14,9,9,0,0,0.555556,5,0.555556,5,36047013800,11209,1,158,99,117,0.59596,59,0.350427,41
138,2008,3,14,14,20,15,15,-0.3,-6,-0.066667,-1,-0.066667,-1,36047013800,11209,0,98,102,118,-0.039216,-4,-0.169492,-20
138,2008,4,18,14,8,15,15,1.25,10,0.2,3,0.2,3,36047013800,11209,0,89,105,118,-0.152381,-16,-0.245763,-29
138,2008,5,12,18,11,11,11,0.090909,1,0.090909,1,0.090909,1,36047013800,11209,0,94,108,138,-0.12963,-14,-0.318841,-44
138,2009,0,10,10,24,15,15,-0.583333,-14,-0.333333,-5,-0.333333,-5,36047013800,11209,0,178,178,163,0,0,0.092025,15
138,2009,1,30,10,8,18,18,2.75,22,0.666667,12,0.666667,12,36047013800,11209,0,196,142,106,0.380282,54,0.849057,90
138,2009,2,13,30,14,22,22,-0.071429,-1,-0.409091,-9,-0.409091,-9,36047013800,11209,0,158,158,115,0,0,0.373913,43
138,2009,3,12,13,14,13,13,-0.142857,-2,-0.076923,-1,-0.076923,-1,36047013800,11209,0,164,98,123,0.673469,66,0.333333,41
138,2009,4,12,12,18,15,15,-0.333333,-6,-0.2,-3,-0.2,-3,36047013800,11209,0,126,89,111,0.41573,37,0.135135,15
138,2009,5,16,12,12,15,15,0.333333,4,0.066667,1,0.066667,1,36047013800,11209,0,139,94,114,0.478723,45,0.219298,25
138,2010,0,21,21,10,10,10,1.1,11,1.1,11,1.1,11,36047013800,11209,0,190,178,137,0.067416,12,0.386861,53
138,2010,1,13,21,30,12,12,-0.566667,-17,0.083333,1,0.083333,1,36047013800,11209,0,185,196,157,-0.056122,-11,0.178344,28
138,2010,2,30,13,13,14,14,1.307692,17,1.142857,16,1.142857,16,36047013800,11209,0,203,158,99,0.28481,45,1.050505,104
138,2010,3,16,30,12,20,20,0.333333,4,-0.2,-4,-0.2,-4,36047013800,11209,0,162,164,102,-0.012195,-2,0.588235,60
138,2010,4,13,16,12,8,8,0.083333,1,0.625,5,0.625,5,36047013800,11209,0,154,126,105,0.222222,28,0.466667,49
138,2010,5,11,13,16,11,11,-0.3125,-5,0,0,0,0,36047013800,11209,0,138,139,108,-0.007194,-1,0.277778,30
140,2001,0,15,15,15,15,15,0,0,0,0,0,0,36047014000,11228,0,87,87,87,0,0,0,0
140,2001,1,13,15,13,13,13,0,0,0,0,0,0,36047014000,11228,1,90,90,90,0,0,0,0
140,2001,2,11,13,11,11,11,0,0,0,0,0,0,36047014000,11228,1,77,77,77,0,0,0,0
140,2001,3,9,11,9,9,9,0,0,0,0,0,0,36047014000,11228,1,87,87,87,0,0,0,0
140,2001,4,9,9,9,9,9,0,0,0,0,0,0,36047014000,11228,0,55,55,55,0,0,0,0
140,2001,5,7,9,7,7,7,0,0,0,0,0,0,36047014000,11228,1,71,71,71,0,0,0,0
140,2002,0,19,19,15,19,19,0.266667,4,0,0,0,0,36047014000,11228,0,85,87,85,-0.022989,-2,0,0
140,2002,1,17,19,13,17,17,0.307692,4,0,0,0,0,36047014000,11228,0,90,90,90,0,0,0,0
140,2002,2,12,17,11,12,12,0.090909,1,0,0,0,0,36047014000,11228,1,83,77,83,0.077922,6,0,0
140,2002,3,8,12,9,8,8,-0.111111,-1,0,0,0,0,36047014000,11228,1,70,87,70,-0.195402,-17,0,0
140,2002,4,12,8,9,12,12,0.333333,3,0,0,0,0,36047014000,11228,0,86,55,86,0.563636,31,0,0
140,2002,5,9,12,7,9,9,0.285714,2,0,0,0,0,36047014000,11228,0,64,71,64,-0.098592,-7,0,0
140,2003,0,13,13,19,13,13,-0.315789,-6,0,0,0,0,36047014000,11228,0,71,85,71,-0.164706,-14,0,0
140,2003,1,18,13,17,18,18,0.058824,1,0,0,0,0,36047014000,11228,0,87,90,87,-0.033333,-3,0,0
140,2003,2,15,18,12,15,15,0.25,3,0,0,0,0,36047014000,11228,1,95,83,95,0.144578,12,0,0
140,2003,3,14,15,8,14,14,0.75,6,0,0,0,0,36047014000,11228,1,80,70,80,0.142857,10,0,0
140,2003,4,8,14,12,8,8,-0.333333,-4,0,0,0,0,36047014000,11228,1,78,86,78,-0.093023,-8,0,0
140,2003,5,10,8,9,10,10,0.111111,1,0,0,0,0,36047014000,11228,0,91,64,91,0.421875,27,0,0
140,2004,0,5,5,13,15,15,-0.615385,-8,-0.666667,-10,-0.666667,-10,36047014000,11228,0,93,71,87,0.309859,22,0.068966,6
140,2004,1,16,5,18,13,13,-0.111111,-2,0.230769,3,0.230769,3,36047014000,11228,0,70,87,90,-0.195402,-17,-0.222222,-20
140,2004,2,18,16,15,11,11,0.2,3,0.636364,7,0.636364,7,36047014000,11228,0,81,95,77,-0.147368,-14,0.051948,4
140,2004,3,17,18,14,9,9,0.214286,3,0.888889,8,0.888889,8,36047014000,11228,1,90,80,87,0.125,10,0.034483,3
140,2004,4,12,17,8,9,9,0.5,4,0.333333,3,0.333333,3,36047014000,11228,1,78,78,55,0,0,0.418182,23
140,2004,5,8,12,10,7,7,-0.2,-2,0.142857,1,0.142857,1,36047014000,11228,1,77,91,71,-0.153846,-14,0.084507,6
140,2005,0,8,8,5,19,19,0.6,3,-0.578947,-11,-0.578947,-11,36047014000,11228,0,72,93,85,-0.225806,-21,-0.152941,-13
140,2005,1,6,8,16,17,17,-0.625,-10,-0.647059,-11,-0.647059,-11,36047014000,11228,0,92,70,90,0.314286,22,0.022222,2
140,2005,2,18,6,18,12,12,0,0,0.5,6,0.5,6,36047014000,11228,0,77,81,83,-0.049383,-4,-0.072289,-6
140,2005,3,17,18,17,8,8,0,0,1.125,9,1.125,9,36047014000,11228,0,79,90,70,-0.122222,-11,0.128571,9
140,2005,4,16,17,12,12,12,0.333333,4,0.333333,4,0.333333,4,36047014000,11228,0,87,78,86,0.115385,9,0.011628,1
140,2005,5,12,16,8,9,9,0.5,4,0.333333,3,0.333333,3,36047014000,11228,1,74,77,64,-0.038961,-3,0.15625,10
140,2006,0,7,7,8,13,13,-0.125,-1,-0.461538,-6,-0.461538,-6,36047014000,11228,0,88,72,71,0.222222,16,0.239437,17
140,2006,1,8,7,6,18,18,0.333333,2,-0.555556,-10,-0.555556,-10,36047014000,11228,0,76,92,87,-0.173913,-16,-0.126437,-11
140,2006,2,7,8,18,15,15,-0.611111,-11,-0.533333,-8,-0.533333,-8,36047014000,11228,0,90,77,95,0.168831,13,-0.052632,-5
140,2006,3,20,7,17,14,14,0.176471,3,0.428571,6,0.428571,6,36047014000,11228,0,78,79,80,-0.012658,-1,-0.025,-2
140,2006,4,16,20,16,8,8,0,0,1,8,1,8,36047014000,11228,0,84,87,78,-0.034483,-3,0.076923,6
140,2006,5,14,16,12,10,10,0.166667,2,0.4,4,0.4,4,36047014000,11228,1,86,74,91,0.162162,12,-0.054945,-5
140,2007,0,8,8,7,5,5,0.142857,1,0.6,3,0.6,3,36047014000,11228,1,76,88,93,-0.136364,-12,-0.182796,-17
140,2007,1,5,8,8,16,16,-0.375,-3,-0.6875,-11,-0.6875,-11,36047014000,11228,0,88,76,70,0.157895,12,0.257143,18
140,2007,2,7,5,7,18,18,0,0,-0.611111,-11,-0.611111,-11,36047014000,11228,1,72,90,81,-0.2,-18,-0.111111,-9
140,2007,3,6,7,20,17,17,-0.7,-14,-0.647059,-11,-0.647059,-11,36047014000,11228,0,81,78,90,0.038462,3,-0.1,-9
140,2007,4,18,6,16,12,12,0.125,2,0.5,6,0.5,6,36047014000,11228,0,70,84,78,-0.166667,-14,-0.102564,-8
140,2007,5,15,18,14,8,8,0.071429,1,0.875,7,0.875,7,36047014000,11228,0,82,86,77,-0.046512,-4,0.064935,5
140,2008,0,6,6,8,8,8,-0.25,-2,-0.25,-2,-0.25,-2,36047014000,11228,0,86,76,72,0.131579,10,0.194444,14
140,2008,1,9,6,5,6,6,0.8,4,0.5,3,0.5,3,36047014000,11228,1,82,88,92,-0.068182,-6,-0.108696,-10
140,2008,2,3,9,7,18,18,-0.571429,-4,-0.833333,-15,-0.833333,-15,36047014000,11228,1,85,72,77,0.180556,13,0.103896,8
140,2008,3,7,3,6,17,17,0.166667,1,-0.588235,-10,-0.588235,-10,36047014000,11228,0,69,81,79,-0.148148,-12,-0.126582,-10
140,2008,4,6,7,18,16,16,-0.666667,-12,-0.625,-10,-0.625,-10,36047014000,11228,0,76,70,87,0.085714,6,-0.126437,-11
140,2008,5,19,6,15,12,12,0.266667,4,0.583333,7,0.583333,7,36047014000,11228,0,73,82,74,-0.109756,-9,-0.013514,-1
140,2009,0,12,12,6,7,7,1,6,0.714286,5,0.714286,5,36047014000,11228,0,98,86,88,0.139535,12,0.113636,10
140,2009,1,7,12,9,8,8,-0.222222,-2,-0.125,-1,-0.125,-1,36047014000,11228,0,96,82,76,0.170732,14,0.263158,20
140,2009,2,10,7,3,7,7,2.333333,7,0.428571,3,0.428571,3,36047014000,11228,0,95,85,90,0.117647,10,0.055556,5
140,2009,3,7,10,7,20,20,0,0,-0.65,-13,-0.65,-13,36047014000,11228,0,81,69,78,0.173913,12,0.038462,3
140,2009,4,10,7,6,16,16,0.666667,4,-0.375,-6,-0.375,-6,36047014000,11228,0,71,76,84,-0.065789,-5,-0.154762,-13
140,2009,5,5,10,19,14,14,-0.736842,-14,-0.642857,-9,-0.642857,-9,36047014000,11228,0,83,73,86,0.136986,10,-0.034884,-3
140,2010,0,8,8,12,8,8,-0.333333,-4,0,0,0,0,36047014000,11228,0,117,98,76,0.193878,19,0.539474,41
140,2010,1,13,8,7,5,5,0.857143,6,1.6,8,1.6,8,36047014000,11228,0,105,96,88,0.09375,9,0.193182,17
140,2010,2,8,13,10,7,7,-0.2,-2,0.142857,1,0.142857,1,36047014000,11228,0,105,95,72,0.105263,10,0.458333,33
140,2010,3,9,8,7,6,6,0.285714,2,0.5,3,0.5,3,36047014000,11228,0,101,81,81,0.246914,20,0.246914,20
140,2010,4,6,9,10,18,18,-0.4,-4,-0.666667,-12,-0.666667,-12,36047014000,11228,0,79,71,70,0.112676,8,0.128571,9
140,2010,5,10,6,5,15,15,1,5,-0.333333,-5,-0.333333,-5,36047014000,11228,0,78,83,82,-0.060241,-5,-0.04878,-4
142,2001,0,21,21,21,21,21,0,0,0,0,0,0,36047014200,11209,0,100,100,100,0,0,0,0
142,2001,1,32,21,32,32,32,0,0,0,0,0,0,36047014200,11209,0,107,107,107,0,0,0,0
142,2001,2,26,32,26,26,26,0,0,0,0,0,0,36047014200,11209,0,86,86,86,0,0,0,0
142,2001,3,15,26,15,15,15,0,0,0,0,0,0,36047014200,11209,1,104,104,104,0,0,0,0
142,2001,4,12,15,12,12,12,0,0,0,0,0,0,36047014200,11209,1,77,77,77,0,0,0,0
142,2001,5,15,12,15,15,15,0,0,0,0,0,0,36047014200,11209,1,73,73,73,0,0,0,0
142,2002,0,29,29,21,29,29,0.380952,8,0,0,0,0,36047014200,11209,0,105,100,105,0.05,5,0,0
142,2002,1,20,29,32,20,20,-0.375,-12,0,0,0,0,36047014200,11209,0,97,107,97,-0.093458,-10,0,0
142,2002,2,25,20,26,25,25,-0.038462,-1,0,0,0,0,36047014200,11209,0,106,86,106,0.232558,20,0,0
142,2002,3,18,25,15,18,18,0.2,3,0,0,0,0,36047014200,11209,1,86,104,86,-0.173077,-18,0,0
142,2002,4,15,18,12,15,15,0.25,3,0,0,0,0,36047014200,11209,1,103,77,103,0.337662,26,0,0
142,2002,5,12,15,15,12,12,-0.2,-3,0,0,0,0,36047014200,11209,1,82,73,82,0.123288,9,0,0
142,2003,0,20,20,29,20,20,-0.310345,-9,0,0,0,0,36047014200,11209,0,96,105,96,-0.085714,-9,0,0
142,2003,1,24,20,20,24,24,0.2,4,0,0,0,0,36047014200,11209,0,107,97,107,0.103093,10,0,0
142,2003,2,24,24,25,24,24,-0.04,-1,0,0,0,0,36047014200,11209,0,104,106,104,-0.018868,-2,0,0
142,2003,3,21,24,18,21,21,0.166667,3,0,0,0,0,36047014200,11209,0,106,86,106,0.232558,20,0,0
142,2003,4,21,21,15,21,21,0.4,6,0,0,0,0,36047014200,11209,0,90,103,90,-0.126214,-13,0,0
142,2003,5,22,21,12,22,22,0.833333,10,0,0,0,0,36047014200,11209,0,95,82,95,0.158537,13,0,0
142,2004,0,25,25,20,21,21,0.25,5,0.190476,4,0.190476,4,36047014200,11209,0,109,96,100,0.135417,13,0.09,9
142,2004,1,20,25,24,32,32,-0.166667,-4,-0.375,-12,-0.375,-12,36047014200,11209,0,98,107,107,-0.084112,-9,-0.084112,-9
142,2004,2,19,20,24,26,26,-0.208333,-5,-0.269231,-7,-0.269231,-7,36047014200,11209,1,109,104,86,0.048077,5,0.267442,23
142,2004,3,21,19,21,15,15,0,0,0.4,6,0.4,6,36047014200,11209,0,114,106,104,0.075472,8,0.096154,10
142,2004,4,20,21,21,12,12,-0.047619,-1,0.666667,8,0.666667,8,36047014200,11209,0,96,90,77,0.066667,6,0.246753,19
142,2004,5,23,20,22,15,15,0.045455,1,0.533333,8,0.533333,8,36047014200,11209,0,87,95,73,-0.084211,-8,0.191781,14
142,2005,0,19,19,25,29,29,-0.24,-6,-0.344828,-10,-0.344828,-10,36047014200,11209,1,93,109,105,-0.146789,-16,-0.114286,-12
142,2005,1,23,19,20,20,20,0.15,3,0.15,3,0.15,3,36047014200,11209,0,107,98,97,0.091837,9,0.103093,10
142,2005,2,19,23,19,25,25,0,0,-0.24,-6,-0.24,-6,36047014200,11209,0,103,109,106,-0.055046,-6,-0.028302,-3
142,2005,3,17,19,21,18,18,-0.190476,-4,-0.055556,-1,-0.055556,-1,36047014200,11209,0,110,114,86,-0.035088,-4,0.27907,24
142,2005,4,20,17,20,15,15,0,0,0.333333,5,0.333333,5,36047014200,11209,0,107,96,103,0.114583,11,0.038835,4
142,2005,5,13,20,23,12,12,-0.434783,-10,0.083333,1,0.083333,1,36047014200,11209,1,97,87,82,0.114943,10,0.182927,15
142,2006,0,19,19,19,20,20,0,0,-0.05,-1,-0.05,-1,36047014200,11209,0,105,93,96,0.129032,12,0.09375,9
142,2006,1,17,19,23,24,24,-0.26087,-6,-0.291667,-7,-0.291667,-7,36047014200,11209,1,94,107,107,-0.121495,-13,-0.121495,-13
142,2006,2,22,17,19,24,24,0.157895,3,-0.083333,-2,-0.083333,-2,36047014200,11209,0,111,103,104,0.07767,8,0.067308,7
142,2006,3,20,22,17,21,21,0.176471,3,-0.047619,-1,-0.047619,-1,36047014200,11209,0,115,110,106,0.045455,5,0.084906,9
142,2006,4,18,20,20,21,21,-0.1,-2,-0.142857,-3,-0.142857,-3,36047014200,11209,0,106,107,90,-0.009346,-1,0.177778,16
142,2006,5,19,18,13,22,22,0.461538,6,-0.136364,-3,-0.136364,-3,36047014200,11209,0,97,97,95,0,0,0.021053,2
142,2007,0,23,23,19,25,25,0.210526,4,-0.08,-2,-0.08,-2,36047014200,11209,1,89,105,109,-0.152381,-16,-0.183486,-20
142,2007,1,23,23,17,20,20,0.352941,6,0.15,3,0.15,3,36047014200,11209,0,95,94,98,0.010638,1,-0.030612,-3
142,2007,2,17,23,22,19,19,-0.227273,-5,-0.105263,-2,-0.105263,-2,36047014200,11209,1,86,111,109,-0.225225,-25,-0.211009,-23
142,2007,3,18,17,20,21,21,-0.1,-2,-0.142857,-3,-0.142857,-3,36047014200,11209,0,109,115,114,-0.052174,-6,-0.04386,-5
142,2007,4,19,18,18,20,20,0.055556,1,-0.05,-1,-0.05,-1,36047014200,11209,0,100,106,96,-0.056604,-6,0.041667,4
142,2007,5,20,19,19,23,23,0.052632,1,-0.130435,-3,-0.130435,-3,36047014200,11209,0,94,97,87,-0.030928,-3,0.08046,7
142,2008,0,18,18,23,19,19,-0.217391,-5,-0.052632,-1,-0.052632,-1,36047014200,11209,1,126,89,93,0.41573,37,0.354839,33
142,2008,1,26,18,23,23,23,0.130435,3,0.130435,3,0.130435,3,36047014200,11209,0,90,95,107,-0.052632,-5,-0.158879,-17
142,2008,2,18,26,17,19,19,0.058824,1,-0.052632,-1,-0.052632,-1,36047014200,11209,0,91,86,103,0.05814,5,-0.116505,-12
142,2008,3,16,18,18,17,17,-0.111111,-2,-0.058824,-1,-0.058824,-1,36047014200,11209,1,84,109,110,-0.229358,-25,-0.236364,-26
142,2008,4,16,16,19,20,20,-0.157895,-3,-0.2,-4,-0.2,-4,36047014200,11209,0,93,100,107,-0.07,-7,-0.130841,-14
142,2008,5,14,16,20,13,13,-0.3,-6,0.076923,1,0.076923,1,36047014200,11209,0,101,94,97,0.074468,7,0.041237,4
142,2009,0,29,29,18,19,19,0.611111,11,0.526316,10,0.526316,10,36047014200,11209,0,108,126,105,-0.142857,-18,0.028571,3
142,2009,1,17,29,26,17,17,-0.346154,-9,0,0,0,0,36047014200,11209,0,149,90,94,0.655556,59,0.585106,55
142,2009,2,26,17,18,22,22,0.444444,8,0.181818,4,0.181818,4,36047014200,11209,0,100,91,111,0.098901,9,-0.099099,-11
142,2009,3,14,26,16,20,20,-0.125,-2,-0.3,-6,-0.3,-6,36047014200,11209,0,91,84,115,0.083333,7,-0.208696,-24
142,2009,4,12,14,16,18,18,-0.25,-4,-0.333333,-6,-0.333333,-6,36047014200,11209,0,83,93,106,-0.107527,-10,-0.216981,-23
142,2009,5,16,12,14,19,19,0.142857,2,-0.157895,-3,-0.157895,-3,36047014200,11209,0,87,101,97,-0.138614,-14,-0.103093,-10
142,2010,0,29,29,29,23,23,0,0,0.26087,6,0.26087,6,36047014200,11209,0,131,108,89,0.212963,23,0.47191,42
142,2010,1,28,29,17,23,23,0.647059,11,0.217391,5,0.217391,5,36047014200,11209,0,123,149,95,-0.174497,-26,0.294737,28
142,2010,2,20,28,26,17,17,-0.230769,-6,0.176471,3,0.176471,3,36047014200,11209,0,160,100,86,0.6,60,0.860465,74
142,2010,3,26,20,14,18,18,0.857143,12,0.444444,8,0.444444,8,36047014200,11209,0,103,91,109,0.131868,12,-0.055046,-6
142,2010,4,14,26,12,19,19,0.166667,2,-0.263158,-5,-0.263158,-5,36047014200,11209,0,88,83,100,0.060241,5,-0.12,-12
142,2010,5,12,14,16,20,20,-0.25,-4,-0.4,-8,-0.4,-8,36047014200,11209,0,90,87,94,0.034483,3,-0.042553,-4
148,2001,0,4,4,4,4,4,0,0,0,0,0,0,36047014800,11228,1,84,84,84,0,0,0,0
148,2001,1,7,4,7,7,7,0,0,0,0,0,0,36047014800,11228,0,77,77,77,0,0,0,0
148,2001,2,9,7,9,9,9,0,0,0,0,0,0,36047014800,11228,0,78,78,78,0,0,0,0
148,2001,3,3,9,3,3,3,0,0,0,0,0,0,36047014800,11228,1,62,62,62,0,0,0,0
148,2001,4,5,3,5,5,5,0,0,0,0,0,0,36047014800,11228,0,75,75,75,0,0,0,0
148,2001,5,6,5,6,6,6,0,0,0,0,0,0,36047014800,11228,0,68,68,68,0,0,0,0
148,2002,0,9,9,4,9,9,1.25,5,0,0,0,0,36047014800,11228,0,84,84,84,0,0,0,0
148,2002,1,2,9,7,2,2,-0.714286,-5,0,0,0,0,36047014800,11228,1,94,77,94,0.220779,17,0,0
148,2002,2,9,2,9,9,9,0,0,0,0,0,0,36047014800,11228,0,73,78,73,-0.064103,-5,0,0
148,2002,3,4,9,3,4,4,0.333333,1,0,0,0,0,36047014800,11228,0,81,62,81,0.306452,19,0,0
148,2002,4,4,4,5,4,4,-0.2,-1,0,0,0,0,36047014800,11228,1,70,75,70,-0.066667,-5,0,0
148,2002,5,4,4,6,4,4,-0.333333,-2,0,0,0,0,36047014800,11228,0,73,68,73,0.073529,5,0,0
148,2003,0,11,11,9,11,11,0.222222,2,0,0,0,0,36047014800,11228,0,86,84,86,0.02381,2,0,0
148,2003,1,7,11,2,7,7,2.5,5,0,0,0,0,36047014800,11228,1,81,94,81,-0.138298,-13,0,0
148,2003,2,3,7,9,3,3,-0.666667,-6,0,0,0,0,36047014800,11228,1,96,73,96,0.315068,23,0,0
148,2003,3,7,3,4,7,7,0.75,3,0,0,0,0,36047014800,11228,0,79,81,79,-0.024691,-2,0,0
148,2003,4,3,7,4,3,3,-0.25,-1,0,0,0,0,36047014800,11228,0,84,70,84,0.2,14,0,0
148,2003,5,4,3,4,4,4,0,0,0,0,0,0,36047014800,11228,1,72,73,72,-0.013699,-1,0,0
148,2004,0,11,11,11,4,4,0,0,1.75,7,1.75,7,36047014800,11228,0,65,86,84,-0.244186,-21,-0.22619,-19
148,2004,1,10,11,7,7,7,0.428571,3,0.428571,3,0.428571,3,36047014800,11228,0,93,81,77,0.148148,12,0.207792,16
148,2004,2,7,10,3,9,9,1.333333,4,-0.222222,-2,-0.222222,-2,36047014800,11228,1,82,96,78,-0.145833,-14,0.051282,4
148,2004,3,3,7,7,3,3,-0.571429,-4,0,0,0,0,36047014800,11228,1,95,79,62,0.202532,16,0.532258,33
148,2004,4,8,3,3,5,5,1.666667,5,0.6,3,0.6,3,36047014800,11228,0,82,84,75,-0.02381,-2,0.093333,7
148,2004,5,3,8,4,6,6,-0.25,-1,-0.5,-3,-0.5,-3,36047014800,11228,0,98,72,68,0.361111,26,0.441176,30
148,2005,0,8,8,11,9,9,-0.272727,-3,-0.111111,-1,-0.111111,-1,36047014800,11228,0,92,65,84,0.415385,27,0.095238,8
148,2005,1,11,8,10,2,2,0.1,1,4.5,9,4.5,9,36047014800,11228,0,70,93,94,-0.247312,-23,-0.255319,-24
148,2005,2,9,11,7,9,9,0.285714,2,0,0,0,0,36047014800,11228,0,91,82,73,0.109756,9,0.246575,18
148,2005,3,5,9,3,4,4,0.666667,2,0.25,1,0.25,1,36047014800,11228,1,93,95,81,-0.021053,-2,0.148148,12
148,2005,4,3,5,8,4,4,-0.625,-5,-0.25,-1,-0.25,-1,36047014800,11228,1,95,82,70,0.158537,13,0.357143,25
148,2005,5,9,3,3,4,4,2,6,1.25,5,1.25,5,36047014800,11228,0,85,98,73,-0.132653,-13,0.164384,12
148,2006,0,2,2,8,11,11,-0.75,-6,-0.818182,-9,-0.818182,-9,36047014800,11228,1,63,92,86,-0.315217,-29,-0.267442,-23
148,2006,1,11,2,11,7,7,0,0,0.571429,4,0.571429,4,36047014800,11228,0,96,70,81,0.371429,26,0.185185,15
148,2006,2,10,11,9,3,3,0.111111,1,2.333333,7,2.333333,7,36047014800,11228,0,67,91,96,-0.263736,-24,-0.302083,-29
148,2006,3,9,10,5,7,7,0.8,4,0.285714,2,0.285714,2,36047014800,11228,0,94,93,79,0.010753,1,0.189873,15
148,2006,4,6,9,3,3,3,1,3,1,3,1,3,36047014800,11228,1,98,95,84,0.031579,3,0.166667,14
148,2006,5,3,6,9,4,4,-0.666667,-6,-0.25,-1,-0.25,-1,36047014800,11228,1,100,85,72,0.176471,15,0.388889,28
148,2007,0,7,7,2,11,11,2.5,5,-0.363636,-4,-0.363636,-4,36047014800,11228,0,56,63,65,-0.111111,-7,-0.138462,-9
148,2007,1,3,7,11,10,10,-0.727273,-8,-0.7,-7,-0.7,-7,36047014800,11228,1,60,96,93,-0.375,-36,-0.354839,-33
148,2007,2,11,3,10,7,7,0.1,1,0.571429,4,0.571429,4,36047014800,11228,0,100,67,82,0.492537,33,0.219512,18
148,2007,3,12,11,9,3,3,0.333333,3,3,9,3,9,36047014800,11228,0,70,94,95,-0.255319,-24,-0.263158,-25
148,2007,4,8,12,6,8,8,0.333333,2,0,0,0,0,36047014800,11228,1,95,98,82,-0.030612,-3,0.158537,13
148,2007,5,7,8,3,3,3,1.333333,4,1.333333,4,1.333333,4,36047014800,11228,1,100,100,98,0,0,0.020408,2
148,2008,0,7,7,7,8,8,0,0,-0.125,-1,-0.125,-1,36047014800,11228,0,92,56,92,0.642857,36,0,0
148,2008,1,6,7,3,11,11,1,3,-0.454545,-5,-0.454545,-5,36047014800,11228,1,79,60,70,0.316667,19,0.128571,9
148,2008,2,3,6,11,9,9,-0.727273,-8,-0.666667,-6,-0.666667,-6,36047014800,11228,1,58,100,91,-0.42,-42,-0.362637,-33
148,2008,3,11,3,12,5,5,-0.083333,-1,1.2,6,1.2,6,36047014800,11228,0,100,70,93,0.428571,30,0.075269,7
148,2008,4,13,11,8,3,3,0.625,5,3.333333,10,3.333333,10,36047014800,11228,0,77,95,95,-0.189474,-18,-0.189474,-18
148,2008,5,8,13,7,9,9,0.142857,1,-0.111111,-1,-0.111111,-1,36047014800,11228,0,108,100,85,0.08,8,0.270588,23
148,2009,0,9,9,7,2,2,0.285714,2,3.5,7,3.5,7,36047014800,11228,0,78,92,63,-0.152174,-14,0.238095,15
148,2009,1,7,9,6,11,11,0.166667,1,-0.363636,-4,-0.363636,-4,36047014800,11228,0,110,79,96,0.392405,31,0.145833,14
148,2009,2,7,7,3,10,10,1.333333,4,-0.3,-3,-0.3,-3,36047014800,11228,0,97,58,67,0.672414,39,0.447761,30
148,2009,3,5,7,11,9,9,-0.545455,-6,-0.444444,-4,-0.444444,-4,36047014800,11228,0,71,100,94,-0.29,-29,-0.244681,-23
148,2009,4,11,5,13,6,6,-0.153846,-2,0.833333,5,0.833333,5,36047014800,11228,0,104,77,98,0.350649,27,0.061224,6
148,2009,5,11,11,8,3,3,0.375,3,2.666667,8,2.666667,8,36047014800,11228,0,92,108,100,-0.148148,-16,-0.08,-8
148,2010,0,7,7,9,7,7,-0.222222,-2,0,0,0,0,36047014800,11228,0,116,78,56,0.487179,38,1.071429,60
148,2010,1,10,7,7,3,3,0.428571,3,2.333333,7,2.333333,7,36047014800,11228,0,92,110,60,-0.163636,-18,0.533333,32
148,2010,2,7,10,7,11,11,0,0,-0.363636,-4,-0.363636,-4,36047014800,11228,0,115,97,100,0.185567,18,0.15,15
148,2010,3,7,7,5,12,12,0.4,2,-0.416667,-5,-0.416667,-5,36047014800,11228,0,97,71,70,0.366197,26,0.385714,27
148,2010,4,5,7,11,8,8,-0.545455,-6,-0.375,-3,-0.375,-3,36047014800,11228,0,74,104,95,-0.288462,-30,-0.221053,-21
148,2010,5,10,5,11,7,7,-0.090909,-1,0.428571,3,0.428571,3,36047014800,11228,0,112,92,100,0.217391,20,0.12,12
150,2001,0,6,6,6,6,6,0,0,0,0,0,0,36047015000,11228,1,111,111,111,0,0,0,0
150,2001,1,5,6,5,5,5,0,0,0,0,0,0,36047015000,11228,1,100,100,100,0,0,0,0
150,2001,2,11,5,11,11,11,0,0,0,0,0,0,36047015000,11228,0,99,99,99,0,0,0,0
150,2001,3,8,11,8,8,8,0,0,0,0,0,0,36047015000,11228,0,73,73,73,0,0,0,0
150,2001,4,4,8,4,4,4,0,0,0,0,0,0,36047015000,11228,1,106,106,106,0,0,0,0
150,2001,5,7,4,7,7,7,0,0,0,0,0,0,36047015000,11228,0,87,87,87,0,0,0,0
150,2002,0,12,12,6,12,12,1,6,0,0,0,0,36047015000,11228,0,105,111,105,-0.054054,-6,0,0
150,2002,1,5,12,5,5,5,0,0,0,0,0,0,36047015000,11228,0,117,100,117,0.17,17,0,0
150,2002,2,6,5,11,6,6,-0.454545,-5,0,0,0,0,36047015000,11228,1,98,99,98,-0.010101,-1,0,0
150,2002,3,13,6,8,13,13,0.625,5,0,0,0,0,36047015000,11228,0,95,73,95,0.30137,22,0,0
150,2002,4,7,13,4,7,7,0.75,3,0,0,0,0,36047015000,11228,1,82,106,82,-0.226415,-24,0,0
150,2002,5,6,7,7,6,6,-0.142857,-1,0,0,0,0,36047015000,11228,0,101,87,101,0.16092,14,0,0
150,2003,0,9,9,12,9,9,-0.25,-3,0,0,0,0,36047015000,11228,1,118,105,118,0.12381,13,0,0
150,2003,1,11,9,5,11,11,1.2,6,0,0,0,0,36047015000,11228,0,103,117,103,-0.119658,-14,0,0
150,2003,2,4,11,6,4,4,-0.333333,-2,0,0,0,0,36047015000,11228,0,124,98,124,0.265306,26,0,0
150,2003,3,8,4,13,8,8,-0.384615,-5,0,0,0,0,36047015000,11228,1,104,95,104,0.094737,9,0,0
150,2003,4,9,8,7,9,9,0.285714,2,0,0,0,0,36047015000,11228,0,96,82,96,0.170732,14,0,0
150,2003,5,7,9,6,7,7,0.166667,1,0,0,0,0,36047015000,11228,0,84,101,84,-0.168317,-17,0,0
150,2004,0,8,8,9,6,6,-0.111111,-1,0.333333,2,0.333333,2,36047015000,11228,0,95,118,111,-0.194915,-23,-0.144144,-16
150,2004,1,7,8,11,5,5,-0.363636,-4,0.4,2,0.4,2,36047015000,11228,1,119,103,100,0.15534,16,0.19,19
150,2004,2,10,7,4,11,11,1.5,6,-0.090909,-1,-0.090909,-1,36047015000,11228,0,102,124,99,-0.177419,-22,0.030303,3
150,2004,3,5,10,8,8,8,-0.375,-3,-0.375,-3,-0.375,-3,36047015000,11228,0,118,104,73,0.134615,14,0.616438,45
150,2004,4,11,5,9,4,4,0.222222,2,1.75,7,1.75,7,36047015000,11228,1,99,96,106,0.03125,3,-0.066038,-7
150,2004,5,7,11,7,7,7,0,0,0,0,0,0,36047015000,11228,0,113,84,87,0.345238,29,0.298851,26
150,2005,0,13,13,8,12,12,0.625,5,0.083333,1,0.083333,1,36047015000,11228,0,102,95,105,0.073684,7,-0.028571,-3
150,2005,1,8,13,7,5,5,0.142857,1,0.6,3,0.6,3,36047015000,11228,0,102,119,117,-0.142857,-17,-0.128205,-15
150,2005,2,5,8,10,6,6,-0.5,-5,-0.166667,-1,-0.166667,-1,36047015000,11228,1,118,102,98,0.156863,16,0.204082,20
150,2005,3,12,5,5,13,13,1.4,7,-0.076923,-1,-0.076923,-1,36047015000,11228,0,110,118,95,-0.067797,-8,0.157895,15
150,2005,4,4,12,11,7,7,-0.636364,-7,-0.428571,-3,-0.428571,-3,36047015000,11228,1,122,99,82,0.232323,23,0.487805,40
150,2005,5,8,4,7,6,6,0.142857,1,0.333333,2,0.333333,2,36047015000,11228,1,105,113,101,-0.070796,-8,0.039604,4
150,2006,0,6,6,13,9,9,-0.538462,-7,-0.333333,-3,-0.333333,-3,36047015000,11228,0,100,102,118,-0.019608,-2,-0.152542,-18
150,2006,1,13,6,8,11,11,0.625,5,0.181818,2,0.181818,2,36047015000,11228,0,103,102,103,0.009804,1,0,0
150,2006,2,9,13,5,4,4,0.8,4,1.25,5,1.25,5,36047015000,11228,0,96,118,124,-0.186441,-22,-0.225806,-28
150,2006,3,6,9,12,8,8,-0.5,-6,-0.25,-2,-0.25,-2,36047015000,11228,1,117,110,104,0.063636,7,0.125,13
150,2006,4,14,6,4,9,9,2.5,10,0.555556,5,0.555556,5,36047015000,11228,0,113,122,96,-0.07377,-9,0.177083,17
150,2006,5,5,14,8,7,7,-0.375,-3,-0.285714,-2,-0.285714,-2,36047015000,11228,1,129,105,84,0.228571,24,0.535714,45
150,2007,0,9,9,6,8,8,0.5,3,0.125,1,0.125,1,36047015000,11228,1,87,100,95,-0.13,-13,-0.084211,-8
150,2007,1,5,9,13,7,7,-0.615385,-8,-0.285714,-2,-0.285714,-2,36047015000,11228,1,99,103,119,-0.038835,-4,-0.168067,-20
150,2007,2,14,5,9,10,10,0.555556,5,0.4,4,0.4,4,36047015000,11228,0,112,96,102,0.166667,16,0.098039,10
150,2007,3,10,14,6,5,5,0.666667,4,1,5,1,5,36047015000,11228,0,101,117,118,-0.136752,-16,-0.144068,-17
150,2007,4,7,10,14,11,11,-0.5,-7,-0.363636,-4,-0.363636,-4,36047015000,11228,1,116,113,99,0.026549,3,0.171717,17
150,2007,5,13,7,5,7,7,1.6,8,0.857143,6,0.857143,6,36047015000,11228,0,117,129,113,-0.093023,-12,0.035398,4
150,2008,0,8,8,9,13,13,-0.111111,-1,-0.384615,-5,-0.384615,-5,36047015000,11228,1,113,87,102,0.298851,26,0.107843,11
150,2008,1,12,8,5,8,8,1.4,7,0.5,4,0.5,4,36047015000,11228,1,100,99,102,0.010101,1,-0.019608,-2
150,2008,2,9,12,14,5,5,-0.357143,-5,0.8,4,0.8,4,36047015000,11228,1,92,112,118,-0.178571,-20,-0.220339,-26
150,2008,3,14,9,10,12,12,0.4,4,0.166667,2,0.166667,2,36047015000,11228,0,112,101,110,0.108911,11,0.018182,2
150,2008,4,12,14,7,4,4,0.714286,5,2,8,2,8,36047015000,11228,0,109,116,122,-0.060345,-7,-0.106557,-13
150,2008,5,9,12,13,8,8,-0.307692,-4,0.125,1,0.125,1,36047015000,11228,1,123,117,105,0.051282,6,0.171429,18
150,2009,0,14,14,8,6,6,0.75,6,1.333333,8,1.333333,8,36047015000,11228,0,108,113,100,-0.044248,-5,0.08,8
150,2009,1,11,14,12,13,13,-0.083333,-1,-0.153846,-2,-0.153846,-2,36047015000,11228,0,127,100,103,0.27,27,0.23301,24
150,2009,2,12,11,9,9,9,0.333333,3,0.333333,3,0.333333,3,36047015000,11228,0,120,92,96,0.304348,28,0.25,24
150,2009,3,12,12,14,6,6,-0.142857,-2,1,6,1,6,36047015000,11228,0,95,112,117,-0.151786,-17,-0.188034,-22
150,2009,4,14,12,12,14,14,0.166667,2,0,0,0,0,36047015000,11228,0,120,109,113,0.100917,11,0.061947,7
150,2009,5,11,14,9,5,5,0.222222,2,1.2,6,1.2,6,36047015000,11228,0,121,123,129,-0.01626,-2,-0.062016,-8
150,2010,0,17,17,14,9,9,0.214286,3,0.888889,8,0.888889,8,36047015000,11228,0,129,108,87,0.194444,21,0.482759,42
150,2010,1,16,17,11,5,5,0.454545,5,2.2,11,2.2,11,36047015000,11228,0,115,127,99,-0.094488,-12,0.161616,16
150,2010,2,14,16,12,14,14,0.166667,2,0,0,0,0,36047015000,11228,0,128,120,112,0.066667,8,0.142857,16
150,2010,3,14,14,12,10,10,0.166667,2,0.4,4,0.4,4,36047015000,11228,0,118,95,101,0.242105,23,0.168317,17
150,2010,4,10,14,14,7,7,-0.285714,-4,0.428571,3,0.428571,3,36047015000,11228,0,105,120,116,-0.125,-15,-0.094828,-11
150,2010,5,15,10,11,13,13,0.363636,4,0.153846,2,0.153846,2,36047015000,11228,0,126,121,117,0.041322,5,0.076923,9
152,2001,0,13,13,13,13,13,0,0,0,0,0,0,,,0,0,0,0,0,0,0,0
152,2001,1,12,13,12,12,12,0,0,0,0,0,0,,,0,0,0,0,0,0,0,0
152,2001,2,6,12,6,6,6,0,0,0,0,0,0,,,1,0,0,0,0,0,0,0
152,2001,3,9,6,9,9,9,0,0,0,0,0,0,,,0,0,0,0,0,0,0,0
152,2001,4,8,9,8,8,8,0,0,0,0,0,0,,,0,0,0,0,0,0,0,0
152,2001,5,5,8,5,5,5,0,0,0,0,0,0,,,1,0,0,0,0,0,0,0
152,2002,0,12,12,13,12,12,-0.076923,-1,0,0,0,0,,,0,0,0,0,0,0,0,0
152,2002,1,16,12,12,16,16,0.333333,4,0,0,0,0,,,0,0,0,0,0,0,0,0
152,2002,2,7,16,6,7,7,0.166667,1,0,0,0,0,,,0,0,0,0,0,0,0,0
152,2002,3,6,7,9,6,6,-0.333333,-3,0,0,0,0,,,0,0,0,0,0,0,0,0
152,2002,4,9,6,8,9,9,0.125,1,0,0,0,0,,,0,0,0,0,0,0,0,0
152,2002,5,10,9,5,10,10,1,5,0,0,0,0,,,0,0,0,0,0,0,0,0
152,2003,0,15,15,12,15,15,0.25,3,0,0,0,0,,,0,0,0,0,0,0,0,0
152,2003,1,10,15,16,10,10,-0.375,-6,0,0,0,0,,,0,0,0,0,0,0,0,0
152,2003,2,14,10,7,14,14,1,7,0,0,0,0,,,0,0,0,0,0,0,0,0
152,2003,3,8,14,6,8,8,0.333333,2,0,0,0,0,,,0,0,0,0,0,0,0,0
152,2003,4,4,8,9,4,4,-0.555556,-5,0,0,0,0,,,0,0,0,0,0,0,0,0
152,2003,5,8,4,10,8,8,-0.2,-2,0,0,0,0,,,0,0,0,0,0,0,0,0
152,2004,0,9,9,15,13,13,-0.4,-6,-0.307692,-4,-0.307692,-4,,,0,0,0,0,0,0,0,0
152,2004,1,17,9,10,12,12,0.7,7,0.416667,5,0.416667,5,,,0,0,0,0,0,0,0,0
152,2004,2,7,17,14,6,6,-0.5,-7,0.166667,1,0.166667,1,,,0,0,0,0,0,0,0,0
152,2004,3,8,7,8,9,9,0,0,-0.111111,-1,-0.111111,-1,,,0,0,0,0,0,0,0,0
152,2004,4,6,8,4,8,8,0.5,2,-0.25,-2,-0.25,-2,,,0,0,0,0,0,0,0,0
152,2004,5,2,6,8,5,5,-0.75,-6,-0.6,-3,-0.6,-3,,,0,0,0,0,0,0,0,0
152,2005,0,11,11,9,12,12,0.222222,2,-0.083333,-1,-0.083333,-1,,,0,0,0,0,0,0,0,0
152,2005,1,8,11,17,16,16,-0.529412,-9,-0.5,-8,-0.5,-8,,,1,0,0,0,0,0,0,0
152,2005,2,14,8,7,7,7,1,7,1,7,1,7,,,0,0,0,0,0,0,0,0
152,2005,3,6,14,8,6,6,-0.25,-2,0,0,0,0,,,0,0,0,0,0,0,0,0
152,2005,4,6,6,6,9,9,0,0,-0.333333,-3,-0.333333,-3,,,0,0,0,0,0,0,0,0
152,2005,5,2,6,2,10,10,0,0,-0.8,-8,-0.8,-8,,,1,0,0,0,0,0,0,0
152,2006,0,9,9,11,15,15,-0.181818,-2,-0.4,-6,-0.4,-6,,,0,0,0,0,0,0,0,0
152,2006,1,10,9,8,10,10,0.25,2,0,0,0,0,,,0,0,0,0,0,0,0,0
152,2006,2,9,10,14,14,14,-0.357143,-5,-0.357143,-5,-0.357143,-5,,,0,0,0,0,0,0,0,0
152,2006,3,10,9,6,8,8,0.666667,4,0.25,2,0.25,2,,,0,0,0,0,0,0,0,0
152,2006,4,7,10,6,4,4,0.166667,1,0.75,3,0.75,3,,,0,0,0,0,0,0,0,0
152,2006,5,4,7,2,8,8,1,2,-0.5,-4,-0.5,-4,,,1,0,0,0,0,0,0,0
152,2007,0,9,9,9,9,9,0,0,0,0,0,0,,,0,0,0,0,0,0,0,0
152,2007,1,11,9,10,17,17,0.1,1,-0.352941,-6,-0.352941,-6,,,0,0,0,0,0,0,0,0
152,2007,2,8,11,9,7,7,-0.111111,-1,0.142857,1,0.142857,1,,,0,0,0,0,0,0,0,0
152,2007,3,8,8,10,8,8,-0.2,-2,0,0,0,0,,,1,0,0,0,0,0,0,0
152,2007,4,7,8,7,6,6,0,0,0.166667,1,0.166667,1,,,0,0,0,0,0,0,0,0
152,2007,5,7,7,4,2,2,0.75,3,2.5,5,2.5,5,,,0,0,0,0,0,0,0,0
152,2008,0,10,10,9,11,11,0.111111,1,-0.090909,-1,-0.090909,-1,,,1,0,0,0,0,0,0,0
152,2008,1,6,10,11,8,8,-0.454545,-5,-0.25,-2,-0.25,-2,,,0,0,0,0,0,0,0,0
152,2008,2,10,6,8,14,14,0.25,2,-0.285714,-4,-0.285714,-4,,,0,0,0,0,0,0,0,0
152,2008,3,6,10,8,6,6,-0.25,-2,0,0,0,0,,,0,0,0,0,0,0,0,0
152,2008,4,8,6,7,6,6,0.142857,1,0.333333,2,0.333333,2,,,1,0,0,0,0,0,0,0
152,2008,5,7,8,7,2,2,0,0,2.5,5,2.5,5,,,0,0,0,0,0,0,0,0
152,2009,0,6,6,10,9,9,-0.4,-4,-0.333333,-3,-0.333333,-3,,,0,0,0,0,0,0,0,0
152,2009,1,11,6,6,10,10,0.833333,5,0.1,1,0.1,1,,,0,0,0,0,0,0,0,0
152,2009,2,4,11,10,9,9,-0.6,-6,-0.555556,-5,-0.555556,-5,,,0,0,0,0,0,0,0,0
152,2009,3,13,4,6,10,10,1.166667,7,0.3,3,0.3,3,,,0,0,0,0,0,0,0,0
152,2009,4,7,13,8,7,7,-0.125,-1,0,0,0,0,,,0,0,0,0,0,0,0,0
152,2009,5,6,7,7,4,4,-0.142857,-1,0.5,2,0.5,2,,,0,0,0,0,0,0,0,0
152,2010,0,17,17,6,9,9,1.833333,11,0.888889,8,0.888889,8,,,0,0,0,0,0,0,0,0
152,2010,1,5,17,11,11,11,-0.545455,-6,-0.545455,-6,-0.545455,-6,,,0,0,0,0,0,0,0,0
152,2010,2,11,5,4,8,8,1.75,7,0.375,3,0.375,3,,,0,0,0,0,0,0,0,0
152,2010,3,4,11,13,8,8,-0.692308,-9,-0.5,-4,-0.5,-4,,,0,0,0,0,0,0,0,0
152,2010,4,11,4,7,7,7,0.571429,4,0.571429,4,0.571429,4,,,0,0,0,0,0,0,0,0
152,2010,5,4,11,6,7,7,-0.333333,-2,-0.428571,-3,-0.428571,-3,,,0,0,0,0,0,0,0,0
160,2001,0,17,17,17,17,17,0,0,0,0,0,0,36047016000,11209,0,97,97,97,0,0,0,0
160,2001,1,22,17,22,22,22,0,0,0,0,0,0,36047016000,11209,0,122,122,122,0,0,0,0
160,2001,2,14,22,14,14,14,0,0,0,0,0,0,36047016000,11209,1,95,95,95,0,0,0,0
160,2001,3,11,14,11,11,11,0,0,0,0,0,0,36047016000,11209,1,103,103,103,0,0,0,0
160,2001,4,8,11,8,8,8,0,0,0,0,0,0,36047016000,11209,1,63,63,63,0,0,0,0
160,2001,5,11,8,11,11,11,0,0,0,0,0,0,36047016000,11209,0,72,72,72,0,0,0,0
160,2002,0,21,21,17,21,21,0.235294,4,0,0,0,0,36047016000,11209,0,99,97,99,0.020619,2,0,0
160,2002,1,15,21,22,15,15,-0.318182,-7,0,0,0,0,36047016000,11209,1,90,122,90,-0.262295,-32,0,0
160,2002,2,17,15,14,17,17,0.214286,3,0,0,0,0,36047016000,11209,1,110,95,110,0.157895,15,0,0
160,2002,3,14,17,11,14,14,0.272727,3,0,0,0,0,36047016000,11209,1,91,103,91,-0.116505,-12,0,0
160,2002,4,9,14,8,9,9,0.125,1,0,0,0,0,36047016000,11209,1,90,63,90,0.428571,27,0,0
160,2002,5,6,9,11,6,6,-0.454545,-5,0,0,0,0,36047016000,11209,1,60,72,60,-0.166667,-12,0,0
160,2003,0,18,18,21,18,18,-0.142857,-3,0,0,0,0,36047016000,11209,1,81,99,81,-0.181818,-18,0,0
160,2003,1,19,18,15,19,19,0.266667,4,0,0,0,0,36047016000,11209,1,97,90,97,0.077778,7,0,0
160,2003,2,18,19,17,18,18,0.058824,1,0,0,0,0,36047016000,11209,0,88,110,88,-0.2,-22,0,0
160,2003,3,18,18,14,18,18,0.285714,4,0,0,0,0,36047016000,11209,1,95,91,95,0.043956,4,0,0
160,2003,4,13,18,9,13,13,0.444444,4,0,0,0,0,36047016000,11209,1,81,90,81,-0.1,-9,0,0
160,2003,5,11,13,6,11,11,0.833333,5,0,0,0,0,36047016000,11209,1,98,60,98,0.633333,38,0,0
160,2004,0,23,23,18,17,17,0.277778,5,0.352941,6,0.352941,6,36047016000,11209,0,78,81,97,-0.037037,-3,-0.195876,-19
160,2004,1,18,23,19,22,22,-0.052632,-1,-0.181818,-4,-0.181818,-4,36047016000,11209,0,84,97,122,-0.134021,-13,-0.311475,-38
160,2004,2,22,18,18,14,14,0.222222,4,0.571429,8,0.571429,8,36047016000,11209,0,90,88,95,0.022727,2,-0.052632,-5
160,2004,3,20,22,18,11,11,0.111111,2,0.818182,9,0.818182,9,36047016000,11209,0,83,95,103,-0.126316,-12,-0.194175,-20
160,2004,4,19,20,13,8,8,0.461538,6,1.375,11,1.375,11,36047016000,11209,0,95,81,63,0.17284,14,0.507937,32
160,2004,5,12,19,11,11,11,0.090909,1,0.090909,1,0.090909,1,36047016000,11209,0,84,98,72,-0.142857,-14,0.166667,12
160,2005,0,22,22,23,21,21,-0.043478,-1,0.047619,1,0.047619,1,36047016000,11209,0,71,78,99,-0.089744,-7,-0.282828,-28
160,2005,1,22,22,18,15,15,0.222222,4,0.466667,7,0.466667,7,36047016000,11209,0,78,84,90,-0.071429,-6,-0.133333,-12
160,2005,2,17,22,22,17,17,-0.227273,-5,0,0,0,0,36047016000,11209,0,74,90,110,-0.177778,-16,-0.327273,-36
160,2005,3,22,17,20,14,14,0.1,2,0.571429,8,0.571429,8,36047016000,11209,0,79,83,91,-0.048193,-4,-0.131868,-12
160,2005,4,21,22,19,9,9,0.105263,2,1.333333,12,1.333333,12,36047016000,11209,0,74,95,90,-0.221053,-21,-0.177778,-16
160,2005,5,18,21,12,6,6,0.5,6,2,12,2,12,36047016000,11209,0,81,84,60,-0.035714,-3,0.35,21
160,2006,0,23,23,22,18,18,0.045455,1,0.277778,5,0.277778,5,36047016000,11209,1,93,71,81,0.309859,22,0.148148,12
160,2006,1,20,23,22,19,19,-0.090909,-2,0.052632,1,0.052632,1,36047016000,11209,0,75,78,97,-0.038462,-3,-0.226804,-22
160,2006,2,21,20,17,18,18,0.235294,4,0.166667,3,0.166667,3,36047016000,11209,0,75,74,88,0.013514,1,-0.147727,-13
160,2006,3,19,21,22,18,18,-0.136364,-3,0.055556,1,0.055556,1,36047016000,11209,0,76,79,95,-0.037975,-3,-0.2,-19
160,2006,4,19,19,21,13,13,-0.095238,-2,0.461538,6,0.461538,6,36047016000,11209,0,77,74,81,0.040541,3,-0.049383,-4
160,2006,5,14,19,18,11,11,-0.222222,-4,0.272727,3,0.272727,3,36047016000,11209,0,69,81,98,-0.148148,-12,-0.295918,-29
160,2007,0,12,12,23,23,23,-0.478261,-11,-0.478261,-11,-0.478261,-11,36047016000,11209,1,107,93,78,0.150538,14,0.371795,29
160,2007,1,22,12,20,18,18,0.1,2,0.222222,4,0.222222,4,36047016000,11209,1,94,75,84,0.253333,19,0.119048,10
160,2007,2,14,22,21,22,22,-0.333333,-7,-0.363636,-8,-0.363636,-8,36047016000,11209,0,65,75,90,-0.133333,-10,-0.277778,-25
160,2007,3,20,14,19,20,20,0.052632,1,0,0,0,0,36047016000,11209,0,66,76,83,-0.131579,-10,-0.204819,-17
160,2007,4,15,20,19,19,19,-0.210526,-4,-0.210526,-4,-0.210526,-4,36047016000,11209,0,62,77,95,-0.194805,-15,-0.347368,-33
160,2007,5,15,15,14,12,12,0.071429,1,0.25,3,0.25,3,36047016000,11209,0,73,69,84,0.057971,4,-0.130952,-11
160,2008,0,38,38,12,22,22,2.166667,26,0.727273,16,0.727273,16,36047016000,11209,0,128,107,71,0.196262,21,0.802817,57
160,2008,1,10,38,22,22,22,-0.545455,-12,-0.545455,-12,-0.545455,-12,36047016000,11209,1,106,94,78,0.12766,12,0.358974,28
160,2008,2,20,10,14,17,17,0.428571,6,0.176471,3,0.176471,3,36047016000,11209,1,100,65,74,0.538462,35,0.351351,26
160,2008,3,12,20,20,22,22,-0.4,-8,-0.454545,-10,-0.454545,-10,36047016000,11209,0,67,66,79,0.015152,1,-0.151899,-12
160,2008,4,12,12,15,21,21,-0.2,-3,-0.428571,-9,-0.428571,-9,36047016000,11209,0,59,62,74,-0.048387,-3,-0.202703,-15
160,2008,5,10,12,15,18,18,-0.333333,-5,-0.444444,-8,-0.444444,-8,36047016000,11209,0,57,73,81,-0.219178,-16,-0.296296,-24
160,2009,0,22,22,38,23,23,-0.421053,-16,-0.043478,-1,-0.043478,-1,36047016000,11209,0,119,128,93,-0.070313,-9,0.27957,26
160,2009,1,44,22,10,20,20,3.4,34,1.2,24,1.2,24,36047016000,11209,0,140,106,75,0.320755,34,0.866667,65
160,2009,2,12,44,20,21,21,-0.4,-8,-0.428571,-9,-0.428571,-9,36047016000,11209,0,124,100,75,0.24,24,0.653333,49
160,2009,3,17,12,12,19,19,0.416667,5,-0.105263,-2,-0.105263,-2,36047016000,11209,0,101,67,76,0.507463,34,0.328947,25
160,2009,4,9,17,12,19,19,-0.25,-3,-0.526316,-10,-0.526316,-10,36047016000,11209,0,88,59,77,0.491525,29,0.142857,11
160,2009,5,7,9,10,14,14,-0.3,-3,-0.5,-7,-0.5,-7,36047016000,11209,0,99,57,69,0.736842,42,0.434783,30
160,2010,0,28,28,22,12,12,0.272727,6,1.333333,16,1.333333,16,36047016000,11209,0,145,119,107,0.218487,26,0.35514,38
160,2010,1,19,28,44,22,22,-0.568182,-25,-0.136364,-3,-0.136364,-3,36047016000,11209,0,127,140,94,-0.092857,-13,0.351064,33
160,2010,2,45,19,12,14,14,2.75,33,2.214286,31,2.214286,31,36047016000,11209,0,142,124,65,0.145161,18,1.184615,77
160,2010,3,13,45,17,20,20,-0.235294,-4,-0.35,-7,-0.35,-7,36047016000,11209,0,127,101,66,0.257426,26,0.924242,61
160,2010,4,13,13,9,15,15,0.444444,4,-0.133333,-2,-0.133333,-2,36047016000,11209,0,97,88,62,0.102273,9,0.564516,35
160,2010,5,10,13,7,15,15,0.428571,3,-0.333333,-5,-0.333333,-5,36047016000,11209,0,89,99,73,-0.10101,-10,0.219178,16
162,2001,0,4,4,4,4,4,0,0,0,0,0,0,36047016200,11209,1,42,42,42,0,0,0,0
162,2001,1,6,4,6,6,6,0,0,0,0,0,0,36047016200,11209,0,61,61,61,0,0,0,0
162,2001,2,5,6,5,5,5,0,0,0,0,0,0,36047016200,11209,0,47,47,47,0,0,0,0
162,2001,3,3,5,3,3,3,0,0,0,0,0,0,36047016200,11209,0,40,40,40,0,0,0,0
162,2001,4,3,3,3,3,3,0,0,0,0,0,0,36047016200,11209,0,31,31,31,0,0,0,0
162,2001,5,2,3,2,2,2,0,0,0,0,0,0,36047016200,11209,1,30,30,30,0,0,0,0
162,2002,0,5,5,4,5,5,0.25,1,0,0,0,0,36047016200,11209,1,50,42,50,0.190476,8,0,0
162,2002,1,6,5,6,6,6,0,0,0,0,0,0,36047016200,11209,0,49,61,49,-0.196721,-12,0,0
162,2002,2,6,6,5,6,6,0.2,1,0,0,0,0,36047016200,11209,0,51,47,51,0.085106,4,0,0
162,2002,3,6,6,3,6,6,1,3,0,0,0,0,36047016200,11209,0,48,40,48,0.2,8,0,0
162,2002,4,4,6,3,4,4,0.333333,1,0,0,0,0,36047016200,11209,0,34,31,34,0.096774,3,0,0
162,2002,5,3,4,2,3,3,0.5,1,0,0,0,0,36047016200,11209,0,25,30,25,-0.166667,-5,0,0
162,2003,0,8,8,5,8,8,0.6,3,0,0,0,0,36047016200,11209,1,34,50,34,-0.32,-16,0,0
162,2003,1,5,8,6,5,5,-0.166667,-1,0,0,0,0,36047016200,11209,1,46,49,46,-0.061224,-3,0,0
162,2003,2,6,5,6,6,6,0,0,0,0,0,0,36047016200,11209,0,46,51,46,-0.098039,-5,0,0
162,2003,3,5,6,6,5,5,-0.166667,-1,0,0,0,0,36047016200,11209,0,48,48,48,0,0,0,0
162,2003,4,5,5,4,5,5,0.25,1,0,0,0,0,36047016200,11209,0,40,34,40,0.176471,6,0,0
162,2003,5,5,5,3,5,5,0.666667,2,0,0,0,0,36047016200,11209,0,32,25,32,0.28,7,0,0
162,2004,0,10,10,8,4,4,0.25,2,1.5,6,1.5,6,36047016200,11209,0,43,34,42,0.264706,9,0.02381,1
162,2004,1,6,10,5,6,6,0.2,1,0,0,0,0,36047016200,11209,1,37,46,61,-0.195652,-9,-0.393443,-24
162,2004,2,6,6,6,5,5,0,0,0.2,1,0.2,1,36047016200,11209,0,47,46,47,0.021739,1,0,0
162,2004,3,3,6,5,3,3,-0.4,-2,0,0,0,0,36047016200,11209,0,39,48,40,-0.1875,-9,-0.025,-1
162,2004,4,4,3,5,3,3,-0.2,-1,0.333333,1,0.333333,1,36047016200,11209,0,41,40,31,0.025,1,0.322581,10
162,2004,5,4,4,5,2,2,-0.2,-1,1,2,1,2,36047016200,11209,0,33,32,30,0.03125,1,0.1,3
162,2005,0,13,13,10,5,5,0.3,3,1.6,8,1.6,8,36047016200,11209,0,45,43,50,0.046512,2,-0.1,-5
162,2005,1,10,13,6,6,6,0.666667,4,0.666667,4,0.666667,4,36047016200,11209,0,48,37,49,0.297297,11,-0.020408,-1
162,2005,2,6,10,6,6,6,0,0,0,0,0,0,36047016200,11209,1,35,47,51,-0.255319,-12,-0.313725,-16
162,2005,3,7,6,3,6,6,1.333333,4,0.166667,1,0.166667,1,36047016200,11209,0,42,39,48,0.076923,3,-0.125,-6
162,2005,4,3,7,4,4,4,-0.25,-1,-0.25,-1,-0.25,-1,36047016200,11209,0,40,41,34,-0.02439,-1,0.176471,6
162,2005,5,6,3,4,3,3,0.5,2,1,3,1,3,36047016200,11209,0,35,33,25,0.060606,2,0.4,10
162,2006,0,7,7,13,8,8,-0.461538,-6,-0.125,-1,-0.125,-1,36047016200,11209,1,55,45,34,0.222222,10,0.617647,21
162,2006,1,11,7,10,5,5,0.1,1,1.2,6,1.2,6,36047016200,11209,0,39,48,46,-0.1875,-9,-0.152174,-7
162,2006,2,5,11,6,6,6,-0.166667,-1,-0.166667,-1,-0.166667,-1,36047016200,11209,0,43,35,46,0.228571,8,-0.065217,-3
162,2006,3,2,5,7,5,5,-0.714286,-5,-0.6,-3,-0.6,-3,36047016200,11209,1,36,42,48,-0.142857,-6,-0.25,-12
162,2006,4,5,2,3,5,5,0.666667,2,0,0,0,0,36047016200,11209,0,42,40,40,0.05,2,0.05,2
162,2006,5,3,5,6,5,5,-0.5,-3,-0.4,-2,-0.4,-2,36047016200,11209,0,26,35,32,-0.257143,-9,-0.1875,-6
162,2007,0,3,3,7,10,10,-0.571429,-4,-0.7,-7,-0.7,-7,36047016200,11209,1,45,55,43,-0.181818,-10,0.046512,2
162,2007,1,8,3,11,6,6,-0.272727,-3,0.333333,2,0.333333,2,36047016200,11209,1,52,39,37,0.333333,13,0.405405,15
162,2007,2,9,8,5,6,6,0.8,4,0.5,3,0.5,3,36047016200,11209,0,31,43,47,-0.27907,-12,-0.340426,-16
162,2007,3,3,9,2,3,3,0.5,1,0,0,0,0,36047016200,11209,0,39,36,39,0.083333,3,0,0
162,2007,4,1,3,5,4,4,-0.8,-4,-0.75,-3,-0.75,-3,36047016200,11209,1,28,42,41,-0.333333,-14,-0.317073,-13
162,2007,5,6,1,3,4,4,1,3,0.5,2,0.5,2,36047016200,11209,0,38,26,33,0.461538,12,0.151515,5
162,2008,0,10,10,3,13,13,2.333333,7,-0.230769,-3,-0.230769,-3,36047016200,11209,0,86,45,45,0.911111,41,0.911111,41
162,2008,1,5,10,8,10,10,-0.375,-3,-0.5,-5,-0.5,-5,36047016200,11209,0,39,52,48,-0.25,-13,-0.1875,-9
162,2008,2,4,5,9,6,6,-0.555556,-5,-0.333333,-2,-0.333333,-2,36047016200,11209,1,48,31,35,0.548387,17,0.371429,13
162,2008,3,7,4,3,7,7,1.333333,4,0,0,0,0,36047016200,11209,0,29,39,42,-0.25641,-10,-0.309524,-13
162,2008,4,3,7,1,3,3,2,2,0,0,0,0,36047016200,11209,0,25,28,40,-0.107143,-3,-0.375,-15
162,2008,5,1,3,6,6,6,-0.833333,-5,-0.833333,-5,-0.833333,-5,36047016200,11209,1,23,38,35,-0.394737,-15,-0.342857,-12
162,2009,0,6,6,10,7,7,-0.4,-4,-0.142857,-1,-0.142857,-1,36047016200,11209,0,69,86,55,-0.197674,-17,0.254545,14
162,2009,1,13,6,5,11,11,1.6,8,0.181818,2,0.181818,2,36047016200,11209,0,96,39,39,1.461538,57,1.461538,57
162,2009,2,5,13,4,5,5,0.25,1,0,0,0,0,36047016200,11209,0,40,48,43,-0.166667,-8,-0.069767,-3
162,2009,3,3,5,7,2,2,-0.571429,-4,0.5,1,0.5,1,36047016200,11209,0,42,29,36,0.448276,13,0.166667,6
162,2009,4,7,3,3,5,5,1.333333,4,0.4,2,0.4,2,36047016200,11209,0,31,25,42,0.24,6,-0.261905,-11
162,2009,5,1,7,1,3,3,0,0,-0.666667,-2,-0.666667,-2,36047016200,11209,0,25,23,26,0.086957,2,-0.038462,-1
162,2010,0,10,10,6,3,3,0.666667,4,2.333333,7,2.333333,7,36047016200,11209,0,100,69,45,0.449275,31,1.222222,55
162,2010,1,5,10,13,8,8,-0.615385,-8,-0.375,-3,-0.375,-3,36047016200,11209,0,65,96,52,-0.322917,-31,0.25,13
162,2010,2,13,5,5,9,9,1.6,8,0.444444,4,0.444444,4,36047016200,11209,0,107,40,31,1.675,67,2.451613,76
162,2010,3,3,13,3,3,3,0,0,0,0,0,0,36047016200,11209,0,42,42,39,0,0,0.076923,3
162,2010,4,3,3,7,1,1,-0.571429,-4,2,2,2,2,36047016200,11209,0,36,31,28,0.16129,5,0.285714,8
162,2010,5,4,3,1,6,6,3,3,-0.333333,-2,-0.333333,-2,36047016200,11209,0,30,25,38,0.2,5,-0.210526,-8
164,2001,0,2,2,2,2,2,0,0,0,0,0,0,36047016400,11209,0,27,27,27,0,0,0,0
164,2001,1,7,2,7,7,7,0,0,0,0,0,0,36047016400,11209,0,38,38,38,0,0,0,0
164,2001,2,7,7,7,7,7,0,0,0,0,0,0,36047016400,11209,0,31,31,31,0,0,0,0
164,2001,3,4,7,4,4,4,0,0,0,0,0,0,36047016400,11209,0,28,28,28,0,0,0,0
164,2001,4,10,4,10,10,10,0,0,0,0,0,0,36047016400,11209,0,16,16,16,0,0,0,0
164,2001,5,4,10,4,4,4,0,0,0,0,0,0,36047016400,11209,0,17,17,17,0,0,0,0
164,2002,0,1,1,2,1,1,-0.5,-1,0,0,0,0,36047016400,11209,1,33,27,33,0.222222,6,0,0
164,2002,1,5,1,7,5,5,-0.285714,-2,0,0,0,0,36047016400,11209,0,35,38,35,-0.078947,-3,0,0
164,2002,2,7,5,7,7,7,0,0,0,0,0,0,36047016400,11209,0,33,31,33,0.064516,2,0,0
164,2002,3,9,7,4,9,9,1.25,5,0,0,0,0,36047016400,11209,0,31,28,31,0.107143,3,0,0
164,2002,4,3,9,10,3,3,-0.7,-7,0,0,0,0,36047016400,11209,0,26,16,26,0.625,10,0,0
164,2002,5,5,3,4,5,5,0.25,1,0,0,0,0,36047016400,11209,0,17,17,17,0,0,0,0
164,2003,1,1,0,5,1,1,-0.8,-4,0,0,0,0,36047016400,11209,1,31,35,31,-0.114286,-4,0,0
164,2003,2,4,1,7,4,4,-0.428571,-3,0,0,0,0,36047016400,11209,0,30,33,30,-0.090909,-3,0,0
164,2003,3,6,4,9,6,6,-0.333333,-3,0,0,0,0,36047016400,11209,0,29,31,29,-0.064516,-2,0,0
164,2003,4,4,6,3,4,4,0.333333,1,0,0,0,0,36047016400,11209,0,28,26,28,0.076923,2,0,0
164,2003,5,2,4,5,2,2,-0.6,-3,0,0,0,0,36047016400,11209,0,24,17,24,0.411765,7,0,0
164,2004,0,4,4,0,2,2,1,4,1,2,1,2,36047016400,11209,1,26,24,27,0.083333,2,-0.037037,-1
164,2004,2,1,0,4,7,7,-0.75,-3,-0.857143,-6,-0.857143,-6,36047016400,11209,1,30,30,31,0,0,-0.032258,-1
164,2004,3,1,1,6,4,4,-0.833333,-5,-0.75,-3,-0.75,-3,36047016400,11209,0,21,29,28,-0.275862,-8,-0.25,-7
164,2004,4,4,1,4,10,10,0,0,-0.6,-6,-0.6,-6,36047016400,11209,0,22,28,16,-0.214286,-6,0.375,6
164,2004,5,3,4,2,4,4,0.5,1,-0.25,-1,-0.25,-1,36047016400,11209,0,22,24,17,-0.083333,-2,0.294118,5
164,2005,0,2,2,4,1,1,-0.5,-2,1,1,1,1,36047016400,11209,1,34,26,33,0.307692,8,0.030303,1
164,2005,1,7,2,0,5,5,1,7,0.4,2,0.4,2,36047016400,11209,0,29,25,35,0.16,4,-0.171429,-6
164,2005,2,1,7,1,7,7,0,0,-0.857143,-6,-0.857143,-6,36047016400,11209,1,23,30,33,-0.233333,-7,-0.30303,-10
164,2005,3,2,1,1,9,9,1,1,-0.777778,-7,-0.777778,-7,36047016400,11209,0,25,21,31,0.190476,4,-0.193548,-6
164,2005,4,2,2,4,3,3,-0.5,-2,-0.333333,-1,-0.333333,-1,36047016400,11209,0,20,22,26,-0.090909,-2,-0.230769,-6
164,2005,5,2,2,3,5,5,-0.333333,-1,-0.6,-3,-0.6,-3,36047016400,11209,1,21,22,17,-0.045455,-1,0.235294,4
164,2006,0,12,12,2,0,0,5,10,1,12,1,12,36047016400,11209,0,27,34,24,-0.205882,-7,0.125,3
164,2006,1,4,12,7,1,1,-0.428571,-3,3,3,3,3,36047016400,11209,1,26,29,31,-0.103448,-3,-0.16129,-5
164,2006,2,5,4,1,4,4,4,4,0.25,1,0.25,1,36047016400,11209,1,22,23,30,-0.043478,-1,-0.266667,-8
164,2006,3,3,5,2,6,6,0.5,1,-0.5,-3,-0.5,-3,36047016400,11209,1,16,25,29,-0.36,-9,-0.448276,-13
164,2006,4,3,3,2,4,4,0.5,1,-0.25,-1,-0.25,-1,36047016400,11209,0,25,20,28,0.25,5,-0.107143,-3
164,2006,5,2,3,2,2,2,0,0,0,0,0,0,36047016400,11209,0,13,21,24,-0.380952,-8,-0.458333,-11
164,2007,0,8,8,12,4,4,-0.333333,-4,1,4,1,4,36047016400,11209,1,28,27,26,0.037037,1,0.076923,2
164,2007,1,9,8,4,0,0,1.25,5,1,9,1,9,36047016400,11209,0,29,26,25,0.115385,3,0.16,4
164,2007,2,6,9,5,1,1,0.2,1,5,5,5,5,36047016400,11209,0,20,22,30,-0.090909,-2,-0.333333,-10
164,2007,3,4,6,3,1,1,0.333333,1,3,3,3,3,36047016400,11209,0,18,16,21,0.125,2,-0.142857,-3
164,2007,5,5,0,2,3,3,1.5,3,0.666667,2,0.666667,2,36047016400,11209,0,24,13,22,0.846154,11,0.090909,2
164,2008,0,11,11,8,2,2,0.375,3,4.5,9,4.5,9,36047016400,11209,1,47,28,34,0.678571,19,0.382353,13
164,2008,1,8,11,9,7,7,-0.111111,-1,0.142857,1,0.142857,1,36047016400,11209,1,26,29,29,-0.103448,-3,-0.103448,-3
164,2008,2,8,8,6,1,1,0.333333,2,7,7,7,7,36047016400,11209,1,24,20,23,0.2,4,0.043478,1
164,2008,3,6,8,4,2,2,0.5,2,2,4,2,4,36047016400,11209,1,18,18,25,0,0,-0.28,-7
164,2008,4,2,6,0,2,2,1,2,0,0,0,0,36047016400,11209,1,14,14,20,0,0,-0.3,-6
164,2008,5,1,2,5,2,2,-0.8,-4,-0.5,-1,-0.5,-1,36047016400,11209,1,13,24,21,-0.458333,-11,-0.380952,-8
164,2009,0,13,13,11,12,12,0.181818,2,0.083333,1,0.083333,1,36047016400,11209,0,40,47,27,-0.148936,-7,0.481481,13
164,2009,1,9,13,8,4,4,0.125,1,1.25,5,1.25,5,36047016400,11209,0,56,26,26,1.153846,30,1.153846,30
164,2009,2,6,9,8,5,5,-0.25,-2,0.2,1,0.2,1,36047016400,11209,0,27,24,22,0.125,3,0.227273,5
164,2009,3,6,6,6,3,3,0,0,1,3,1,3,36047016400,11209,0,22,18,16,0.222222,4,0.375,6
164,2009,4,4,6,2,3,3,1,2,0.333333,1,0.333333,1,36047016400,11209,0,25,14,25,0.785714,11,0,0
164,2010,0,24,24,13,8,8,0.846154,11,2,16,2,16,36047016400,11209,0,58,40,28,0.45,18,1.071429,30
164,2010,1,17,24,9,9,9,0.888889,8,0.888889,8,0.888889,8,36047016400,11209,0,34,56,29,-0.392857,-22,0.172414,5
164,2010,2,21,17,6,6,6,2.5,15,2.5,15,2.5,15,36047016400,11209,0,54,27,20,1,27,1.7,34
164,2010,3,10,21,6,4,4,0.666667,4,1.5,6,1.5,6,36047016400,11209,0,22,22,18,0,0,0.222222,4
164,2010,4,9,10,4,0,0,1.25,5,1,9,1,9,36047016400,11209,0,17,25,14,-0.32,-8,0.214286,3
164,2010,5,4,9,0,5,5,1,4,-0.2,-1,-0.2,-1,36047016400,11209,0,20,19,24,0.052632,1,-0.166667,-4
166,2001,0,9,9,9,9,9,0,0,0,0,0,0,,,0,0,0,0,0,0,0,0
166,2001,1,8,9,8,8,8,0,0,0,0,0,0,,,0,0,0,0,0,0,0,0
166,2001,2,12,8,12,12,12,0,0,0,0,0,0,,,0,0,0,0,0,0,0,0
166,2001,3,7,12,7,7,7,0,0,0,0,0,0,,,1,0,0,0,0,0,0,0
166,2001,4,6,7,6,6,6,0,0,0,0,0,0,,,1,0,0,0,0,0,0,0
166,2001,5,9,6,9,9,9,0,0,0,0,0,0,,,0,0,0,0,0,0,0,0
166,2002,0,7,7,9,7,7,-0.222222,-2,0,0,0,0,,,0,0,0,0,0,0,0,0
166,2002,1,7,7,8,7,7,-0.125,-1,0,0,0,0,,,0,0,0,0,0,0,0,0
166,2002,2,11,7,12,11,11,-0.083333,-1,0,0,0,0,,,0,0,0,0,0,0,0,0
166,2002,3,15,11,7,15,15,1.142857,8,0,0,0,0,,,0,0,0,0,0,0,0,0
166,2002,4,8,15,6,8,8,0.333333,2,0,0,0,0,,,1,0,0,0,0,0,0,0
166,2002,5,8,8,9,8,8,-0.111111,-1,0,0,0,0,,,1,0,0,0,0,0,0,0
166,2003,0,3,3,7,3,3,-0.571429,-4,0,0,0,0,,,1,0,0,0,0,0,0,0
166,2003,1,7,3,7,7,7,0,0,0,0,0,0,,,0,0,0,0,0,0,0,0
166,2003,2,7,7,11,7,7,-0.363636,-4,0,0,0,0,,,0,0,0,0,0,0,0,0
166,2003,3,11,7,15,11,11,-0.266667,-4,0,0,0,0,,,0,0,0,0,0,0,0,0
166,2003,4,13,11,8,13,13,0.625,5,0,0,0,0,,,0,0,0,0,0,0,0,0
166,2003,5,9,13,8,9,9,0.125,1,0,0,0,0,,,1,0,0,0,0,0,0,0
166,2004,0,9,9,3,9,9,2,6,0,0,0,0,,,0,0,0,0,0,0,0,0
166,2004,1,5,9,7,8,8,-0.285714,-2,-0.375,-3,-0.375,-3,,,0,0,0,0,0,0,0,0
166,2004,2,4,5,7,12,12,-0.428571,-3,-0.666667,-8,-0.666667,-8,,,1,0,0,0,0,0,0,0
166,2004,3,8,4,11,7,7,-0.272727,-3,0.142857,1,0.142857,1,,,0,0,0,0,0,0,0,0
166,2004,4,13,8,13,6,6,0,0,1.166667,7,1.166667,7,,,0,0,0,0,0,0,0,0
166,2004,5,13,13,9,9,9,0.444444,4,0.444444,4,0.444444,4,,,0,0,0,0,0,0,0,0
166,2005,0,7,7,9,7,7,-0.222222,-2,0,0,0,0,,,0,0,0,0,0,0,0,0
166,2005,1,9,7,5,7,7,0.8,4,0.285714,2,0.285714,2,,,0,0,0,0,0,0,0,0
166,2005,2,6,9,4,11,11,0.5,2,-0.454545,-5,-0.454545,-5,,,0,0,0,0,0,0,0,0
166,2005,3,4,6,8,15,15,-0.5,-4,-0.733333,-11,-0.733333,-11,,,1,0,0,0,0,0,0,0
166,2005,4,7,4,13,8,8,-0.461538,-6,-0.125,-1,-0.125,-1,,,0,0,0,0,0,0,0,0
166,2005,5,13,7,13,8,8,0,0,0.625,5,0.625,5,,,0,0,0,0,0,0,0,0
166,2006,0,2,2,7,3,3,-0.714286,-5,-0.333333,-1,-0.333333,-1,,,1,0,0,0,0,0,0,0
166,2006,1,5,2,9,7,7,-0.444444,-4,-0.285714,-2,-0.285714,-2,,,0,0,0,0,0,0,0,0
166,2006,2,8,5,6,7,7,0.333333,2,0.142857,1,0.142857,1,,,0,0,0,0,0,0,0,0
166,2006,3,4,8,4,11,11,0,0,-0.636364,-7,-0.636364,-7,,,0,0,0,0,0,0,0,0
166,2006,4,4,4,7,13,13,-0.428571,-3,-0.692308,-9,-0.692308,-9,,,1,0,0,0,0,0,0,0
166,2006,5,10,4,13,9,9,-0.230769,-3,0.111111,1,0.111111,1,,,0,0,0,0,0,0,0,0
166,2007,0,3,3,2,9,9,0.5,1,-0.666667,-6,-0.666667,-6,,,0,0,0,0,0,0,0,0
166,2007,1,3,3,5,5,5,-0.4,-2,-0.4,-2,-0.4,-2,,,1,0,0,0,0,0,0,0
166,2007,2,4,3,8,4,4,-0.5,-4,0,0,0,0,,,0,0,0,0,0,0,0,0
166,2007,3,7,4,4,8,8,0.75,3,-0.125,-1,-0.125,-1,,,0,0,0,0,0,0,0,0
166,2007,4,6,7,4,13,13,0.5,2,-0.538462,-7,-0.538462,-7,,,0,0,0,0,0,0,0,0
166,2007,5,4,6,10,13,13,-0.6,-6,-0.692308,-9,-0.692308,-9,,,1,0,0,0,0,0,0,0
166,2008,0,6,6,3,7,7,1,3,-0.142857,-1,-0.142857,-1,,,0,0,0,0,0,0,0,0
166,2008,1,3,6,3,9,9,0,0,-0.666667,-6,-0.666667,-6,,,1,0,0,0,0,0,0,0
166,2008,2,2,3,4,6,6,-0.5,-2,-0.666667,-4,-0.666667,-4,,,1,0,0,0,0,0,0,0
166,2008,3,5,2,7,4,4,-0.285714,-2,0.25,1,0.25,1,,,0,0,0,0,0,0,0,0
166,2008,4,8,5,6,7,7,0.333333,2,0.142857,1,0.142857,1,,,0,0,0,0,0,0,0,0
166,2008,5,5,8,4,13,13,0.25,1,-0.615385,-8,-0.615385,-8,,,0,0,0,0,0,0,0,0
166,2009,0,5,5,6,2,2,-0.166667,-1,1.5,3,1.5,3,,,0,0,0,0,0,0,0,0
166,2009,1,6,5,3,5,5,1,3,0.2,1,0.2,1,,,0,0,0,0,0,0,0,0
166,2009,2,3,6,2,8,8,0.5,1,-0.625,-5,-0.625,-5,,,0,0,0,0,0,0,0,0
166,2009,3,3,3,5,4,4,-0.4,-2,-0.25,-1,-0.25,-1,,,0,0,0,0,0,0,0,0
166,2009,4,5,3,8,4,4,-0.375,-3,0.25,1,0.25,1,,,0,0,0,0,0,0,0,0
166,2009,5,8,5,5,10,10,0.6,3,-0.2,-2,-0.2,-2,,,0,0,0,0,0,0,0,0
166,2010,0,5,5,5,3,3,0,0,0.666667,2,0.666667,2,,,0,0,0,0,0,0,0,0
166,2010,1,7,5,6,3,3,0.166667,1,1.333333,4,1.333333,4,,,0,0,0,0,0,0,0,0
166,2010,2,7,7,3,4,4,1.333333,4,0.75,3,0.75,3,,,0,0,0,0,0,0,0,0
166,2010,3,4,7,3,7,7,0.333333,1,-0.428571,-3,-0.428571,-3,,,0,0,0,0,0,0,0,0
166,2010,4,4,4,5,6,6,-0.2,-1,-0.333333,-2,-0.333333,-2,,,0,0,0,0,0,0,0,0
166,2010,5,6,4,8,4,4,-0.25,-2,0.5,2,0.5,2,,,0,0,0,0,0,0,0,0
168,2001,0,9,9,9,9,9,0,0,0,0,0,0,36047016800,11214,1,95,95,95,0,0,0,0
168,2001,1,11,9,11,11,11,0,0,0,0,0,0,36047016800,11214,1,100,100,100,0,0,0,0
168,2001,2,4,11,4,4,4,0,0,0,0,0,0,36047016800,11214,0,87,87,87,0,0,0,0
168,2001,3,3,4,3,3,3,0,0,0,0,0,0,36047016800,11214,1,86,86,86,0,0,0,0
168,2001,4,5,3,5,5,5,0,0,0,0,0,0,36047016800,11214,0,84,84,84,0,0,0,0
168,2001,5,11,5,11,11,11,0,0,0,0,0,0,36047016800,11214,0,94,94,94,0,0,0,0
168,2002,0,14,14,9,14,14,0.555556,5,0,0,0,0,36047016800,11214,0,100,95,100,0.052632,5,0,0
168,2002,1,6,14,11,6,6,-0.454545,-5,0,0,0,0,36047016800,11214,1,99,100,99,-0.01,-1,0,0
168,2002,2,11,6,4,11,11,1.75,7,0,0,0,0,36047016800,11214,1,104,87,104,0.195402,17,0,0
168,2002,3,4,11,3,4,4,0.333333,1,0,0,0,0,36047016800,11214,1,91,86,91,0.05814,5,0,0
168,2002,4,4,4,5,4,4,-0.2,-1,0,0,0,0,36047016800,11214,1,85,84,85,0.011905,1,0,0
168,2002,5,6,4,11,6,6,-0.454545,-5,0,0,0,0,36047016800,11214,0,84,94,84,-0.106383,-10,0,0
168,2003,0,14,14,14,14,14,0,0,0,0,0,0,36047016800,11214,0,84,100,84,-0.16,-16,0,0
168,2003,1,14,14,6,14,14,1.333333,8,0,0,0,0,36047016800,11214,0,101,99,101,0.020202,2,0,0
168,2003,2,6,14,11,6,6,-0.454545,-5,0,0,0,0,36047016800,11214,0,113,104,113,0.086538,9,0,0
168,2003,3,14,6,4,14,14,2.5,10,0,0,0,0,36047016800,11214,1,102,91,102,0.120879,11,0,0
168,2003,4,4,14,4,4,4,0,0,0,0,0,0,36047016800,11214,0,94,85,94,0.105882,9,0,0
168,2003,5,5,4,6,5,5,-0.166667,-1,0,0,0,0,36047016800,11214,1,81,84,81,-0.035714,-3,0,0
168,2004,0,6,6,14,9,9,-0.571429,-8,-0.333333,-3,-0.333333,-3,36047016800,11214,1,71,84,95,-0.154762,-13,-0.252632,-24
168,2004,1,9,6,14,11,11,-0.357143,-5,-0.181818,-2,-0.181818,-2,36047016800,11214,0,89,101,100,-0.118812,-12,-0.11,-11
168,2004,2,17,9,6,4,4,1.833333,11,3.25,13,3.25,13,36047016800,11214,0,101,113,87,-0.106195,-12,0.16092,14
168,2004,3,9,17,14,3,3,-0.357143,-5,2,6,2,6,36047016800,11214,0,113,102,86,0.107843,11,0.313953,27
168,2004,4,15,9,4,5,5,2.75,11,2,10,2,10,36047016800,11214,0,96,94,84,0.021277,2,0.142857,12
168,2004,5,5,15,5,11,11,0,0,-0.545455,-6,-0.545455,-6,36047016800,11214,0,96,81,94,0.185185,15,0.021277,2
168,2005,0,9,9,6,14,14,0.5,3,-0.357143,-5,-0.357143,-5,36047016800,11214,0,76,71,100,0.070423,5,-0.24,-24
168,2005,1,6,9,9,6,6,-0.333333,-3,0,0,0,0,36047016800,11214,1,74,89,99,-0.168539,-15,-0.252525,-25
168,2005,2,8,6,17,11,11,-0.529412,-9,-0.272727,-3,-0.272727,-3,36047016800,11214,0,88,101,104,-0.128713,-13,-0.153846,-16
168,2005,3,17,8,9,4,4,0.888889,8,3.25,13,3.25,13,36047016800,11214,0,106,113,91,-0.061947,-7,0.164835,15
168,2005,4,6,17,15,4,4,-0.6,-9,0.5,2,0.5,2,36047016800,11214,0,114,96,85,0.1875,18,0.341176,29
168,2005,5,15,6,5,6,6,2,10,1.5,9,1.5,9,36047016800,11214,0,99,96,84,0.03125,3,0.178571,15
168,2006,0,13,13,9,14,14,0.444444,4,-0.071429,-1,-0.071429,-1,36047016800,11214,1,46,76,84,-0.394737,-30,-0.452381,-38
168,2006,1,10,13,6,14,14,0.666667,4,-0.285714,-4,-0.285714,-4,36047016800,11214,0,78,74,101,0.054054,4,-0.227723,-23
168,2006,2,5,10,8,6,6,-0.375,-3,-0.166667,-1,-0.166667,-1,36047016800,11214,1,80,88,113,-0.090909,-8,-0.292035,-33
168,2006,3,7,5,17,14,14,-0.588235,-10,-0.5,-7,-0.5,-7,36047016800,11214,0,95,106,102,-0.103774,-11,-0.068627,-7
168,2006,4,16,7,6,4,4,1.666667,10,3,12,3,12,36047016800,11214,0,110,114,94,-0.035088,-4,0.170213,16
168,2006,5,6,16,15,5,5,-0.6,-9,0.2,1,0.2,1,36047016800,11214,0,121,99,81,0.222222,22,0.493827,40
168,2007,0,5,5,13,6,6,-0.615385,-8,-0.166667,-1,-0.166667,-1,36047016800,11214,0,58,46,71,0.26087,12,-0.183099,-13
168,2007,1,13,5,10,9,9,0.3,3,0.444444,4,0.444444,4,36047016800,11214,1,48,78,89,-0.384615,-30,-0.460674,-41
168,2007,2,8,13,5,17,17,0.6,3,-0.529412,-9,-0.529412,-9,36047016800,11214,0,76,80,101,-0.05,-4,-0.247525,-25
168,2007,3,6,8,7,9,9,-0.142857,-1,-0.333333,-3,-0.333333,-3,36047016800,11214,1,72,95,113,-0.242105,-23,-0.362832,-41
168,2007,4,6,6,16,15,15,-0.625,-10,-0.6,-9,-0.6,-9,36047016800,11214,0,104,110,96,-0.054545,-6,0.083333,8
168,2007,5,16,6,6,5,5,1.666667,10,2.2,11,2.2,11,36047016800,11214,0,110,121,96,-0.090909,-11,0.145833,14
168,2008,0,18,18,5,9,9,2.6,13,1,9,1,9,36047016800,11214,0,105,58,76,0.810345,47,0.381579,29
168,2008,1,4,18,13,6,6,-0.692308,-9,-0.333333,-2,-0.333333,-2,36047016800,11214,1,69,48,74,0.4375,21,-0.067568,-5
168,2008,2,11,4,8,8,8,0.375,3,0.375,3,0.375,3,36047016800,11214,1,45,76,88,-0.407895,-31,-0.488636,-43
168,2008,3,9,11,6,17,17,0.5,3,-0.470588,-8,-0.470588,-8,36047016800,11214,0,84,72,106,0.166667,12,-0.207547,-22
168,2008,4,5,9,6,6,6,-0.166667,-1,-0.166667,-1,-0.166667,-1,36047016800,11214,1,75,104,114,-0.278846,-29,-0.342105,-39
168,2008,5,6,5,16,15,15,-0.625,-10,-0.6,-9,-0.6,-9,36047016800,11214,0,106,110,99,-0.036364,-4,0.070707,7
168,2009,0,7,7,18,13,13,-0.611111,-11,-0.461538,-6,-0.461538,-6,36047016800,11214,0,78,105,46,-0.257143,-27,0.695652,32
168,2009,1,24,7,4,10,10,5,20,1.4,14,1.4,14,36047016800,11214,0,120,69,78,0.73913,51,0.538462,42
168,2009,2,4,24,11,5,5,-0.636364,-7,-0.2,-1,-0.2,-1,36047016800,11214,0,90,45,80,1,45,0.125,10
168,2009,3,11,4,9,7,7,0.222222,2,0.571429,4,0.571429,4,36047016800,11214,0,54,84,95,-0.357143,-30,-0.431579,-41
168,2009,4,8,11,5,16,16,0.6,3,-0.5,-8,-0.5,-8,36047016800,11214,0,84,75,110,0.12,9,-0.236364,-26
168,2009,5,7,8,6,6,6,0.166667,1,0.166667,1,0.166667,1,36047016800,11214,0,82,106,121,-0.226415,-24,-0.322314,-39
168,2010,0,10,10,7,5,5,0.428571,3,1,5,1,5,36047016800,11214,0,139,78,58,0.782051,61,1.396552,81
168,2010,1,10,10,24,13,13,-0.583333,-14,-0.230769,-3,-0.230769,-3,36047016800,11214,0,74,120,48,-0.383333,-46,0.541667,26
168,2010,2,21,10,4,8,8,4.25,17,1.625,13,1.625,13,36047016800,11214,0,123,90,76,0.366667,33,0.618421,47
168,2010,3,6,21,11,6,6,-0.454545,-5,0,0,0,0,36047016800,11214,0,81,54,72,0.5,27,0.125,9
168,2010,4,12,6,8,6,6,0.5,4,1,6,1,6,36047016800,11214,0,56,84,104,-0.333333,-28,-0.461538,-48
168,2010,5,8,12,7,16,16,0.142857,1,-0.5,-8,-0.5,-8,36047016800,11214,0,79,82,110,-0.036585,-3,-0.281818,-31
170,2001,0,28,28,28,28,28,0,0,0,0,0,0,36047017000,11228,0,88,88,88,0,0,0,0
170,2001,1,30,28,30,30,30,0,0,0,0,0,0,36047017000,11228,0,65,65,65,0,0,0,0
170,2001,2,29,30,29,29,29,0,0,0,0,0,0,36047017000,11228,1,84,84,84,0,0,0,0
170,2001,3,19,29,19,19,19,0,0,0,0,0,0,36047017000,11228,1,72,72,72,0,0,0,0
170,2001,4,27,19,27,27,27,0,0,0,0,0,0,36047017000,11228,1,79,79,79,0,0,0,0
170,2001,5,35,27,35,35,35,0,0,0,0,0,0,36047017000,11228,0,76,76,76,0,0,0,0
170,2002,0,30,30,28,30,30,0.071429,2,0,0,0,0,36047017000,11228,0,104,88,104,0.181818,16,0,0
170,2002,1,33,30,30,33,33,0.1,3,0,0,0,0,36047017000,11228,0,89,65,89,0.369231,24,0,0
170,2002,2,29,33,29,29,29,0,0,0,0,0,0,36047017000,11228,0,73,84,73,-0.130952,-11,0,0
170,2002,3,30,29,19,30,30,0.578947,11,0,0,0,0,36047017000,11228,1,89,72,89,0.236111,17,0,0
170,2002,4,23,30,27,23,23,-0.148148,-4,0,0,0,0,36047017000,11228,1,78,79,78,-0.012658,-1,0,0
170,2002,5,27,23,35,27,27,-0.228571,-8,0,0,0,0,36047017000,11228,1,77,76,77,0.013158,1,0,0
170,2003,0,30,30,30,30,30,0,0,0,0,0,0,36047017000,11228,0,86,104,86,-0.173077,-18,0,0
170,2003,1,29,30,33,29,29,-0.121212,-4,0,0,0,0,36047017000,11228,0,105,89,105,0.179775,16,0,0
170,2003,2,34,29,29,34,34,0.172414,5,0,0,0,0,36047017000,11228,0,98,73,98,0.342466,25,0,0
170,2003,3,32,34,30,32,32,0.066667,2,0,0,0,0,36047017000,11228,0,72,89,72,-0.191011,-17,0,0
170,2003,4,30,32,23,30,30,0.304348,7,0,0,0,0,36047017000,11228,1,85,78,85,0.089744,7,0,0
170,2003,5,24,30,27,24,24,-0.111111,-3,0,0,0,0,36047017000,11228,1,73,77,73,-0.051948,-4,0,0
170,2004,0,19,19,30,28,28,-0.366667,-11,-0.321429,-9,-0.321429,-9,36047017000,11228,0,82,86,88,-0.046512,-4,-0.068182,-6
170,2004,1,32,19,29,30,30,0.103448,3,0.066667,2,0.066667,2,36047017000,11228,0,89,105,65,-0.152381,-16,0.369231,24
170,2004,2,29,32,34,29,29,-0.147059,-5,0,0,0,0,36047017000,11228,0,104,98,84,0.061224,6,0.238095,20
170,2004,3,37,29,32,19,19,0.15625,5,0.947368,18,0.947368,18,36047017000,11228,0,100,72,72,0.388889,28,0.388889,28
170,2004,4,27,37,30,27,27,-0.1,-3,0,0,0,0,36047017000,11228,1,87,85,79,0.023529,2,0.101266,8
170,2004,5,32,27,24,35,35,0.333333,8,-0.085714,-3,-0.085714,-3,36047017000,11228,1,95,73,76,0.30137,22,0.25,19
170,2005,0,28,28,19,30,30,0.473684,9,-0.066667,-2,-0.066667,-2,36047017000,11228,0,94,82,104,0.146341,12,-0.096154,-10
170,2005,1,19,28,32,33,33,-0.40625,-13,-0.424242,-14,-0.424242,-14,36047017000,11228,0,83,89,89,-0.067416,-6,-0.067416,-6
170,2005,2,33,19,29,29,29,0.137931,4,0.137931,4,0.137931,4,36047017000,11228,0,79,104,73,-0.240385,-25,0.082192,6
170,2005,3,33,33,37,30,30,-0.108108,-4,0.1,3,0.1,3,36047017000,11228,0,108,100,89,0.08,8,0.213483,19
170,2005,4,39,33,27,23,23,0.444444,12,0.695652,16,0.695652,16,36047017000,11228,0,102,87,78,0.172414,15,0.307692,24
170,2005,5,32,39,32,27,27,0,0,0.185185,5,0.185185,5,36047017000,11228,0,96,95,77,0.010526,1,0.246753,19
170,2006,0,16,16,28,30,30,-0.428571,-12,-0.466667,-14,-0.466667,-14,36047017000,11228,1,58,94,86,-0.382979,-36,-0.325581,-28
170,2006,1,28,16,19,29,29,0.473684,9,-0.034483,-1,-0.034483,-1,36047017000,11228,0,95,83,105,0.144578,12,-0.095238,-10
170,2006,2,19,28,33,34,34,-0.424242,-14,-0.441176,-15,-0.441176,-15,36047017000,11228,0,89,79,98,0.126582,10,-0.091837,-9
170,2006,3,38,19,33,32,32,0.151515,5,0.1875,6,0.1875,6,36047017000,11228,0,80,108,72,-0.259259,-28,0.111111,8
170,2006,4,35,38,39,30,30,-0.102564,-4,0.166667,5,0.166667,5,36047017000,11228,0,112,102,85,0.098039,10,0.317647,27
170,2006,5,44,35,32,24,24,0.375,12,0.833333,20,0.833333,20,36047017000,11228,0,105,96,73,0.09375,9,0.438356,32
170,2007,0,14,14,16,19,19,-0.125,-2,-0.263158,-5,-0.263158,-5,36047017000,11228,1,71,58,82,0.224138,13,-0.134146,-11
170,2007,1,14,14,28,32,32,-0.5,-14,-0.5625,-18,-0.5625,-18,36047017000,11228,1,58,95,89,-0.389474,-37,-0.348315,-31
170,2007,2,28,14,19,29,29,0.473684,9,-0.034483,-1,-0.034483,-1,36047017000,11228,1,91,89,104,0.022472,2,-0.125,-13
170,2007,3,15,28,38,37,37,-0.605263,-23,-0.594595,-22,-0.594595,-22,36047017000,11228,0,97,80,100,0.2125,17,-0.03,-3
170,2007,4,37,15,35,27,27,0.057143,2,0.37037,10,0.37037,10,36047017000,11228,0,95,112,87,-0.151786,-17,0.091954,8
170,2007,5,34,37,44,32,32,-0.227273,-10,0.0625,2,0.0625,2,36047017000,11228,0,110,105,95,0.047619,5,0.157895,15
170,2008,0,32,32,14,28,28,1.285714,18,0.142857,4,0.142857,4,36047017000,11228,1,96,71,94,0.352113,25,0.021277,2
170,2008,1,20,32,14,19,19,0.428571,6,0.052632,1,0.052632,1,36047017000,11228,1,72,58,83,0.241379,14,-0.13253,-11
170,2008,2,12,20,28,33,33,-0.571429,-16,-0.636364,-21,-0.636364,-21,36047017000,11228,1,59,91,79,-0.351648,-32,-0.253165,-20
170,2008,3,29,12,15,33,33,0.933333,14,-0.121212,-4,-0.121212,-4,36047017000,11228,0,99,97,108,0.020619,2,-0.083333,-9
170,2008,4,16,29,37,39,39,-0.567568,-21,-0.589744,-23,-0.589744,-23,36047017000,11228,0,110,95,102,0.157895,15,0.078431,8
170,2008,5,40,16,34,32,32,0.176471,6,0.25,8,0.25,8,36047017000,11228,0,100,110,96,-0.090909,-10,0.041667,4
170,2009,0,23,23,32,16,16,-0.28125,-9,0.4375,7,0.4375,7,36047017000,11228,0,77,96,58,-0.197917,-19,0.327586,19
170,2009,1,42,23,20,28,28,1.1,22,0.5,14,0.5,14,36047017000,11228,0,106,72,95,0.472222,34,0.115789,11
170,2009,2,31,42,12,19,19,1.583333,19,0.631579,12,0.631579,12,36047017000,11228,0,82,59,89,0.389831,23,-0.078652,-7
170,2009,3,17,31,29,38,38,-0.413793,-12,-0.552632,-21,-0.552632,-21,36047017000,11228,0,60,99,80,-0.393939,-39,-0.25,-20
170,2009,4,26,17,16,35,35,0.625,10,-0.257143,-9,-0.257143,-9,36047017000,11228,0,100,110,112,-0.090909,-10,-0.107143,-12
170,2009,5,27,26,40,44,44,-0.325,-13,-0.386364,-17,-0.386364,-17,36047017000,11228,0,108,100,105,0.08,8,0.028571,3
170,2010,0,43,43,23,14,14,0.869565,20,2.071429,29,2.071429,29,36047017000,11228,0,113,77,71,0.467532,36,0.591549,42
170,2010,1,24,43,42,14,14,-0.428571,-18,0.714286,10,0.714286,10,36047017000,11228,0,80,106,58,-0.245283,-26,0.37931,22
170,2010,2,40,24,31,28,28,0.290323,9,0.428571,12,0.428571,12,36047017000,11228,0,119,82,91,0.45122,37,0.307692,28
170,2010,3,25,40,17,15,15,0.470588,8,0.666667,10,0.666667,10,36047017000,11228,0,82,60,97,0.366667,22,-0.154639,-15
170,2010,4,18,25,26,37,37,-0.307692,-8,-0.513514,-19,-0.513514,-19,36047017000,11228,0,57,100,95,-0.43,-43,-0.4,-38
170,2010,5,25,18,27,34,34,-0.074074,-2,-0.264706,-9,-0.264706,-9,36047017000,11228,0,99,108,110,-0.083333,-9,-0.1,-11
172,2001,0,25,25,25,25,25,0,0,0,0,0,0,36047017200,11214,0,127,127,127,0,0,0,0
172,2001,1,19,25,19,19,19,0,0,0,0,0,0,36047017200,11214,1,103,103,103,0,0,0,0
172,2001,2,20,19,20,20,20,0,0,0,0,0,0,36047017200,11214,1,120,120,120,0,0,0,0
172,2001,3,25,20,25,25,25,0,0,0,0,0,0,36047017200,11214,0,104,104,104,0,0,0,0
172,2001,4,23,25,23,23,23,0,0,0,0,0,0,36047017200,11214,0,103,103,103,0,0,0,0
172,2001,5,29,23,29,29,29,0,0,0,0,0,0,36047017200,11214,0,102,102,102,0,0,0,0
172,2002,0,31,31,25,31,31,0.24,6,0,0,0,0,36047017200,11214,0,127,127,127,0,0,0,0
172,2002,1,25,31,19,25,25,0.315789,6,0,0,0,0,36047017200,11214,0,133,103,133,0.291262,30,0,0
172,2002,2,21,25,20,21,21,0.05,1,0,0,0,0,36047017200,11214,1,111,120,111,-0.075,-9,0,0
172,2002,3,25,21,25,25,25,0,0,0,0,0,0,36047017200,11214,1,130,104,130,0.25,26,0,0
172,2002,4,24,25,23,24,24,0.043478,1,0,0,0,0,36047017200,11214,0,109,103,109,0.058252,6,0,0
172,2002,5,24,24,29,24,24,-0.172414,-5,0,0,0,0,36047017200,11214,0,102,102,102,0,0,0,0
172,2003,0,15,15,31,15,15,-0.516129,-16,0,0,0,0,36047017200,11214,1,117,127,117,-0.07874,-10,0,0
172,2003,1,34,15,25,34,34,0.36,9,0,0,0,0,36047017200,11214,0,122,133,122,-0.082707,-11,0,0
172,2003,2,29,34,21,29,29,0.380952,8,0,0,0,0,36047017200,11214,0,131,111,131,0.18018,20,0,0
172,2003,3,17,29,25,17,17,-0.32,-8,0,0,0,0,36047017200,11214,1,118,130,118,-0.092308,-12,0,0
172,2003,4,21,17,24,21,21,-0.125,-3,0,0,0,0,36047017200,11214,1,131,109,131,0.201835,22,0,0
172,2003,5,23,21,24,23,23,-0.041667,-1,0,0,0,0,36047017200,11214,1,108,102,108,0.058824,6,0,0
172,2004,0,21,21,15,25,25,0.4,6,-0.16,-4,-0.16,-4,36047017200,11214,0,97,117,127,-0.17094,-20,-0.23622,-30
172,2004,1,17,21,34,19,19,-0.5,-17,-0.105263,-2,-0.105263,-2,36047017200,11214,1,120,122,103,-0.016393,-2,0.165049,17
172,2004,2,34,17,29,20,20,0.172414,5,0.7,14,0.7,14,36047017200,11214,0,125,131,120,-0.045802,-6,0.041667,5
172,2004,3,33,34,17,25,25,0.941176,16,0.32,8,0.32,8,36047017200,11214,0,139,118,104,0.177966,21,0.336538,35
172,2004,4,25,33,21,23,23,0.190476,4,0.086957,2,0.086957,2,36047017200,11214,1,117,131,103,-0.10687,-14,0.135922,14
172,2004,5,23,25,23,29,29,0,0,-0.206897,-6,-0.206897,-6,36047017200,11214,1,138,108,102,0.277778,30,0.352941,36
172,2005,0,23,23,21,31,31,0.095238,2,-0.258065,-8,-0.258065,-8,36047017200,11214,0,111,97,127,0.14433,14,-0.125984,-16
172,2005,1,26,23,17,25,25,0.529412,9,0.04,1,0.04,1,36047017200,11214,0,92,120,133,-0.233333,-28,-0.308271,-41
172,2005,2,15,26,34,21,21,-0.558824,-19,-0.285714,-6,-0.285714,-6,36047017200,11214,1,117,125,111,-0.064,-8,0.054054,6
172,2005,3,38,15,33,25,25,0.151515,5,0.52,13,0.52,13,36047017200,11214,0,127,139,130,-0.086331,-12,-0.023077,-3
172,2005,4,33,38,25,24,24,0.32,8,0.375,9,0.375,9,36047017200,11214,0,136,117,109,0.162393,19,0.247706,27
172,2005,5,30,33,23,24,24,0.304348,7,0.25,6,0.25,6,36047017200,11214,1,122,138,102,-0.115942,-16,0.196078,20
172,2006,0,14,14,23,15,15,-0.391304,-9,-0.066667,-1,-0.066667,-1,36047017200,11214,1,82,111,117,-0.261261,-29,-0.299145,-35
172,2006,1,26,14,26,34,34,0,0,-0.235294,-8,-0.235294,-8,36047017200,11214,0,109,92,122,0.184783,17,-0.106557,-13
172,2006,2,29,26,15,29,29,0.933333,14,0,0,0,0,36047017200,11214,0,96,117,131,-0.179487,-21,-0.267176,-35
172,2006,3,16,29,38,17,17,-0.578947,-22,-0.058824,-1,-0.058824,-1,36047017200,11214,1,127,127,118,0,0,0.076271,9
172,2006,4,41,16,33,21,21,0.242424,8,0.952381,20,0.952381,20,36047017200,11214,0,128,136,131,-0.058824,-8,-0.022901,-3
172,2006,5,39,41,30,23,23,0.3,9,0.695652,16,0.695652,16,36047017200,11214,0,139,122,108,0.139344,17,0.287037,31
172,2007,0,17,17,14,21,21,0.214286,3,-0.190476,-4,-0.190476,-4,36047017200,11214,0,85,82,97,0.036585,3,-0.123711,-12
172,2007,1,16,17,26,17,17,-0.384615,-10,-0.058824,-1,-0.058824,-1,36047017200,11214,1,79,109,120,-0.275229,-30,-0.341667,-41
172,2007,2,22,16,29,34,34,-0.241379,-7,-0.352941,-12,-0.352941,-12,36047017200,11214,1,110,96,125,0.145833,14,-0.12,-15
172,2007,3,32,22,16,33,33,1,16,-0.030303,-1,-0.030303,-1,36047017200,11214,0,89,127,139,-0.299213,-38,-0.359712,-50
172,2007,4,25,32,41,25,25,-0.390244,-16,0,0,0,0,36047017200,11214,0,135,128,117,0.054688,7,0.153846,18
172,2007,5,41,25,39,23,23,0.051282,2,0.782609,18,0.782609,18,36047017200,11214,0,132,139,138,-0.05036,-7,-0.043478,-6
172,2008,0,33,33,17,23,23,0.941176,16,0.434783,10,0.434783,10,36047017200,11214,1,118,85,111,0.388235,33,0.063063,7
172,2008,1,19,33,16,26,26,0.1875,3,-0.269231,-7,-0.269231,-7,36047017200,11214,0,89,79,92,0.126582,10,-0.032609,-3
172,2008,2,15,19,22,15,15,-0.318182,-7,0,0,0,0,36047017200,11214,1,73,110,117,-0.336364,-37,-0.376068,-44
172,2008,3,27,15,32,38,38,-0.15625,-5,-0.289474,-11,-0.289474,-11,36047017200,11214,0,115,89,127,0.292135,26,-0.094488,-12
172,2008,4,34,27,25,33,33,0.36,9,0.030303,1,0.030303,1,36047017200,11214,0,99,135,136,-0.266667,-36,-0.272059,-37
172,2008,5,25,34,41,30,30,-0.390244,-16,-0.166667,-5,-0.166667,-5,36047017200,11214,0,142,132,122,0.075758,10,0.163934,20
172,2009,0,18,18,33,14,14,-0.454545,-15,0.285714,4,0.285714,4,36047017200,11214,0,99,118,82,-0.161017,-19,0.207317,17
172,2009,1,36,18,19,26,26,0.894737,17,0.384615,10,0.384615,10,36047017200,11214,0,139,89,109,0.561798,50,0.275229,30
172,2009,2,25,36,15,29,29,0.666667,10,-0.137931,-4,-0.137931,-4,36047017200,11214,0,106,73,96,0.452055,33,0.104167,10
172,2009,3,13,25,27,16,16,-0.518519,-14,-0.1875,-3,-0.1875,-3,36047017200,11214,0,81,115,127,-0.295652,-34,-0.362205,-46
172,2009,4,27,13,34,41,41,-0.205882,-7,-0.341463,-14,-0.341463,-14,36047017200,11214,0,114,99,128,0.151515,15,-0.109375,-14
172,2009,5,32,27,25,39,39,0.28,7,-0.179487,-7,-0.179487,-7,36047017200,11214,0,116,142,139,-0.183099,-26,-0.165468,-23
172,2010,0,44,44,18,17,17,1.444444,26,1.588235,27,1.588235,27,36047017200,11214,0,150,99,85,0.515152,51,0.764706,65
172,2010,1,17,44,36,16,16,-0.527778,-19,0.0625,1,0.0625,1,36047017200,11214,0,106,139,79,-0.23741,-33,0.341772,27
172,2010,2,44,17,25,22,22,0.76,19,1,22,1,22,36047017200,11214,0,143,106,110,0.349057,37,0.3,33
172,2010,3,25,44,13,32,32,0.923077,12,-0.21875,-7,-0.21875,-7,36047017200,11214,0,97,81,89,0.197531,16,0.089888,8
172,2010,4,13,25,27,25,25,-0.518519,-14,-0.48,-12,-0.48,-12,36047017200,11214,0,76,114,135,-0.333333,-38,-0.437037,-59
172,2010,5,26,13,32,41,41,-0.1875,-6,-0.365854,-15,-0.365854,-15,36047017200,11214,0,110,116,132,-0.051724,-6,-0.166667,-22
174,2001,0,13,13,13,13,13,0,0,0,0,0,0,36047017400,11214,0,118,118,118,0,0,0,0
174,2001,1,14,13,14,14,14,0,0,0,0,0,0,36047017400,11214,0,118,118,118,0,0,0,0
174,2001,2,8,14,8,8,8,0,0,0,0,0,0,36047017400,11214,1,109,109,109,0,0,0,0
174,2001,3,11,8,11,11,11,0,0,0,0,0,0,36047017400,11214,1,98,98,98,0,0,0,0
174,2001,4,8,11,8,8,8,0,0,0,0,0,0,36047017400,11214,1,106,106,106,0,0,0,0
174,2001,5,7,8,7,7,7,0,0,0,0,0,0,36047017400,11214,1,121,121,121,0,0,0,0
174,2002,0,10,10,13,10,10,-0.230769,-3,0,0,0,0,36047017400,11214,0,129,118,129,0.09322,11,0,0
174,2002,1,13,10,14,13,13,-0.071429,-1,0,0,0,0,36047017400,11214,0,119,118,119,0.008475,1,0,0
174,2002,2,16,13,8,16,16,1,8,0,0,0,0,36047017400,11214,0,125,109,125,0.146789,16,0,0
174,2002,3,9,16,11,9,9,-0.181818,-2,0,0,0,0,36047017400,11214,1,113,98,113,0.153061,15,0,0
174,2002,4,12,9,8,12,12,0.5,4,0,0,0,0,36047017400,11214,1,101,106,101,-0.04717,-5,0,0
174,2002,5,8,12,7,8,8,0.142857,1,0,0,0,0,36047017400,11214,1,107,121,107,-0.115702,-14,0,0
174,2003,0,12,12,10,12,12,0.2,2,0,0,0,0,36047017400,11214,0,114,129,114,-0.116279,-15,0,0
174,2003,1,8,12,13,8,8,-0.384615,-5,0,0,0,0,36047017400,11214,0,135,119,135,0.134454,16,0,0
174,2003,2,13,8,16,13,13,-0.1875,-3,0,0,0,0,36047017400,11214,0,136,125,136,0.088,11,0,0
174,2003,3,14,13,9,14,14,0.555556,5,0,0,0,0,36047017400,11214,0,128,113,128,0.132743,15,0,0
174,2003,4,13,14,12,13,13,0.083333,1,0,0,0,0,36047017400,11214,0,116,101,116,0.148515,15,0,0
174,2003,5,12,13,8,12,12,0.5,4,0,0,0,0,36047017400,11214,0,94,107,94,-0.121495,-13,0,0
174,2004,0,10,10,12,13,13,-0.166667,-2,-0.230769,-3,-0.230769,-3,36047017400,11214,0,89,114,118,-0.219298,-25,-0.245763,-29
174,2004,1,13,10,8,14,14,0.625,5,-0.071429,-1,-0.071429,-1,36047017400,11214,0,115,135,118,-0.148148,-20,-0.025424,-3
174,2004,2,13,13,13,8,8,0,0,0.625,5,0.625,5,36047017400,11214,0,134,136,109,-0.014706,-2,0.229358,25
174,2004,3,13,13,14,11,11,-0.071429,-1,0.181818,2,0.181818,2,36047017400,11214,0,137,128,98,0.070313,9,0.397959,39
174,2004,4,15,13,13,8,8,0.153846,2,0.875,7,0.875,7,36047017400,11214,0,124,116,106,0.068966,8,0.169811,18
174,2004,5,13,15,12,7,7,0.083333,1,0.857143,6,0.857143,6,36047017400,11214,0,122,94,121,0.297872,28,0.008264,1
174,2005,0,6,6,10,10,10,-0.4,-4,-0.4,-4,-0.4,-4,36047017400,11214,1,107,89,129,0.202247,18,-0.170543,-22
174,2005,1,10,6,13,13,13,-0.230769,-3,-0.230769,-3,-0.230769,-3,36047017400,11214,0,89,115,119,-0.226087,-26,-0.252101,-30
174,2005,2,15,10,13,16,16,0.153846,2,-0.0625,-1,-0.0625,-1,36047017400,11214,0,108,134,125,-0.19403,-26,-0.136,-17
174,2005,3,13,15,13,9,9,0,0,0.444444,4,0.444444,4,36047017400,11214,0,137,137,113,0,0,0.212389,24
174,2005,4,12,13,15,12,12,-0.2,-3,0,0,0,0,36047017400,11214,0,140,124,101,0.129032,16,0.386139,39
174,2005,5,12,12,13,8,8,-0.076923,-1,0.5,4,0.5,4,36047017400,11214,0,135,122,107,0.106557,13,0.261682,28
174,2006,0,3,3,6,12,12,-0.5,-3,-0.75,-9,-0.75,-9,36047017400,11214,1,75,107,114,-0.299065,-32,-0.342105,-39
174,2006,1,5,3,10,8,8,-0.5,-5,-0.375,-3,-0.375,-3,36047017400,11214,1,108,89,135,0.213483,19,-0.2,-27
174,2006,2,10,5,15,13,13,-0.333333,-5,-0.230769,-3,-0.230769,-3,36047017400,11214,0,97,108,136,-0.101852,-11,-0.286765,-39
174,2006,3,14,10,13,14,14,0.076923,1,0,0,0,0,36047017400,11214,0,114,137,128,-0.167883,-23,-0.109375,-14
174,2006,4,12,14,12,13,13,0,0,-0.076923,-1,-0.076923,-1,36047017400,11214,0,137,140,116,-0.021429,-3,0.181034,21
174,2006,5,13,12,12,12,12,0.083333,1,0.083333,1,0.083333,1,36047017400,11214,0,143,135,94,0.059259,8,0.521277,49
174,2007,0,9,9,3,10,10,2,6,-0.1,-1,-0.1,-1,36047017400,11214,0,74,75,89,-0.013333,-1,-0.168539,-15
174,2007,1,3,9,5,13,13,-0.4,-2,-0.769231,-10,-0.769231,-10,36047017400,11214,1,77,108,115,-0.287037,-31,-0.330435,-38
174,2007,2,6,3,10,13,13,-0.4,-4,-0.538462,-7,-0.538462,-7,36047017400,11214,1,98,97,134,0.010309,1,-0.268657,-36
174,2007,3,5,6,14,13,13,-0.642857,-9,-0.615385,-8,-0.615385,-8,36047017400,11214,0,93,114,137,-0.184211,-21,-0.321168,-44
174,2007,4,14,5,12,15,15,0.166667,2,-0.066667,-1,-0.066667,-1,36047017400,11214,0,124,137,124,-0.094891,-13,0,0
174,2007,5,13,14,13,13,13,0,0,0,0,0,0,36047017400,11214,0,132,143,122,-0.076923,-11,0.081967,10
174,2008,0,15,15,9,6,6,0.666667,6,1.5,9,1.5,9,36047017400,11214,0,132,74,107,0.783784,58,0.233645,25
174,2008,1,9,15,3,10,10,2,6,-0.1,-1,-0.1,-1,36047017400,11214,0,78,77,89,0.012987,1,-0.123596,-11
174,2008,2,3,9,6,15,15,-0.5,-3,-0.8,-12,-0.8,-12,36047017400,11214,1,71,98,108,-0.27551,-27,-0.342593,-37
174,2008,3,8,3,5,13,13,0.6,3,-0.384615,-5,-0.384615,-5,36047017400,11214,0,107,93,137,0.150538,14,-0.218978,-30
174,2008,4,6,8,14,12,12,-0.571429,-8,-0.5,-6,-0.5,-6,36047017400,11214,0,97,124,140,-0.217742,-27,-0.307143,-43
174,2008,5,14,6,13,12,12,0.076923,1,0.166667,2,0.166667,2,36047017400,11214,0,126,132,135,-0.045455,-6,-0.066667,-9
174,2009,0,7,7,15,3,3,-0.533333,-8,1.333333,4,1.333333,4,36047017400,11214,0,101,132,75,-0.234848,-31,0.346667,26
174,2009,1,15,7,9,5,5,0.666667,6,2,10,2,10,36047017400,11214,0,158,78,108,1.025641,80,0.462963,50
174,2009,2,11,15,3,10,10,2.666667,8,0.1,1,0.1,1,36047017400,11214,0,99,71,97,0.394366,28,0.020619,2
174,2009,3,5,11,8,14,14,-0.375,-3,-0.642857,-9,-0.642857,-9,36047017400,11214,0,77,107,114,-0.280374,-30,-0.324561,-37
174,2009,4,10,5,6,12,12,0.666667,4,-0.166667,-2,-0.166667,-2,36047017400,11214,0,104,97,137,0.072165,7,-0.240876,-33
174,2009,5,7,10,14,13,13,-0.5,-7,-0.461538,-6,-0.461538,-6,36047017400,11214,0,107,126,143,-0.150794,-19,-0.251748,-36
174,2010,0,15,15,7,9,9,1.142857,8,0.666667,6,0.666667,6,36047017400,11214,0,162,101,74,0.60396,61,1.189189,88
174,2010,1,7,15,15,3,3,-0.533333,-8,1.333333,4,1.333333,4,36047017400,11214,0,96,158,77,-0.392405,-62,0.246753,19
174,2010,2,17,7,11,6,6,0.545455,6,1.833333,11,1.833333,11,36047017400,11214,0,157,99,98,0.585859,58,0.602041,59
174,2010,3,9,17,5,5,5,0.8,4,0.8,4,0.8,4,36047017400,11214,0,92,77,93,0.194805,15,-0.010753,-1
174,2010,4,4,9,10,14,14,-0.6,-6,-0.714286,-10,-0.714286,-10,36047017400,11214,0,77,104,124,-0.259615,-27,-0.379032,-47
174,2010,5,8,4,7,13,13,0.142857,1,-0.384615,-5,-0.384615,-5,36047017400,11214,0,100,107,132,-0.065421,-7,-0.242424,-32
176,2001,0,19,19,19,19,19,0,0,0,0,0,0,36047017600,11214,0,133,133,133,0,0,0,0
176,2001,1,24,19,24,24,24,0,0,0,0,0,0,36047017600,11214,0,109,109,109,0,0,0,0
176,2001,2,16,24,16,16,16,0,0,0,0,0,0,36047017600,11214,0,115,115,115,0,0,0,0
176,2001,3,22,16,22,22,22,0,0,0,0,0,0,36047017600,11214,0,115,115,115,0,0,0,0
176,2001,4,15,22,15,15,15,0,0,0,0,0,0,36047017600,11214,0,111,111,111,0,0,0,0
176,2001,5,15,15,15,15,15,0,0,0,0,0,0,36047017600,11214,0,111,111,111,0,0,0,0
176,2002,0,20,20,19,20,20,0.052632,1,0,0,0,0,36047017600,11214,0,125,133,125,-0.06015,-8,0,0
176,2002,1,14,20,24,14,14,-0.416667,-10,0,0,0,0,36047017600,11214,0,140,109,140,0.284404,31,0,0
176,2002,2,25,14,16,25,25,0.5625,9,0,0,0,0,36047017600,11214,0,118,115,118,0.026087,3,0,0
176,2002,3,15,25,22,15,15,-0.318182,-7,0,0,0,0,36047017600,11214,0,124,115,124,0.078261,9,0,0
176,2002,4,19,15,15,19,19,0.266667,4,0,0,0,0,36047017600,11214,0,108,111,108,-0.027027,-3,0,0
176,2002,5,14,19,15,14,14,-0.066667,-1,0,0,0,0,36047017600,11214,1,111,111,111,0,0,0,0
176,2003,0,11,11,20,11,11,-0.45,-9,0,0,0,0,36047017600,11214,0,113,125,113,-0.096,-12,0,0
176,2003,1,17,11,14,17,17,0.214286,3,0,0,0,0,36047017600,11214,0,134,140,134,-0.042857,-6,0,0
176,2003,2,17,17,25,17,17,-0.32,-8,0,0,0,0,36047017600,11214,0,144,118,144,0.220339,26,0,0
176,2003,3,24,17,15,24,24,0.6,9,0,0,0,0,36047017600,11214,0,110,124,110,-0.112903,-14,0,0
176,2003,4,17,24,19,17,17,-0.105263,-2,0,0,0,0,36047017600,11214,0,122,108,122,0.12963,14,0,0
176,2003,5,15,17,14,15,15,0.071429,1,0,0,0,0,36047017600,11214,0,103,111,103,-0.072072,-8,0,0
176,2004,0,10,10,11,19,19,-0.090909,-1,-0.473684,-9,-0.473684,-9,36047017600,11214,0,108,113,133,-0.044248,-5,-0.18797,-25
176,2004,1,12,10,17,24,24,-0.294118,-5,-0.5,-12,-0.5,-12,36047017600,11214,0,113,134,109,-0.156716,-21,0.036697,4
176,2004,2,15,12,17,16,16,-0.117647,-2,-0.0625,-1,-0.0625,-1,36047017600,11214,0,135,144,115,-0.0625,-9,0.173913,20
176,2004,3,13,15,24,22,22,-0.458333,-11,-0.409091,-9,-0.409091,-9,36047017600,11214,0,148,110,115,0.345455,38,0.286957,33
176,2004,4,19,13,17,15,15,0.117647,2,0.266667,4,0.266667,4,36047017600,11214,0,109,122,111,-0.106557,-13,-0.018018,-2
176,2004,5,17,19,15,15,15,0.133333,2,0.133333,2,0.133333,2,36047017600,11214,0,121,103,111,0.174757,18,0.09009,10
176,2005,0,7,7,10,20,20,-0.3,-3,-0.65,-13,-0.65,-13,36047017600,11214,0,114,108,125,0.055556,6,-0.088,-11
176,2005,1,9,7,12,14,14,-0.25,-3,-0.357143,-5,-0.357143,-5,36047017600,11214,0,110,113,140,-0.026549,-3,-0.214286,-30
176,2005,2,12,9,15,25,25,-0.2,-3,-0.52,-13,-0.52,-13,36047017600,11214,0,117,135,118,-0.133333,-18,-0.008475,-1
176,2005,3,14,12,13,15,15,0.076923,1,-0.066667,-1,-0.066667,-1,36047017600,11214,0,125,148,124,-0.155405,-23,0.008065,1
176,2005,4,14,14,19,19,19,-0.263158,-5,-0.263158,-5,-0.263158,-5,36047017600,11214,0,146,109,108,0.33945,37,0.351852,38
176,2005,5,15,14,17,14,14,-0.117647,-2,0.071429,1,0.071429,1,36047017600,11214,0,117,121,111,-0.033058,-4,0.054054,6
176,2006,0,5,5,7,11,11,-0.285714,-2,-0.545455,-6,-0.545455,-6,36047017600,11214,1,85,114,113,-0.254386,-29,-0.247788,-28
176,2006,1,8,5,9,17,17,-0.111111,-1,-0.529412,-9,-0.529412,-9,36047017600,11214,0,118,110,134,0.072727,8,-0.119403,-16
176,2006,2,9,8,12,17,17,-0.25,-3,-0.470588,-8,-0.470588,-8,36047017600,11214,0,120,117,144,0.025641,3,-0.166667,-24
176,2006,3,14,9,14,24,24,0,0,-0.416667,-10,-0.416667,-10,36047017600,11214,0,116,125,110,-0.072,-9,0.054545,6
176,2006,4,14,14,14,17,17,0,0,-0.176471,-3,-0.176471,-3,36047017600,11214,0,124,146,122,-0.150685,-22,0.016393,2
176,2006,5,13,14,15,15,15,-0.133333,-2,-0.133333,-2,-0.133333,-2,36047017600,11214,0,143,117,103,0.222222,26,0.38835,40
176,2007,0,5,5,5,10,10,0,0,-0.5,-5,-0.5,-5,36047017600,11214,1,101,85,108,0.188235,16,-0.064815,-7
176,2007,1,5,5,8,12,12,-0.375,-3,-0.583333,-7,-0.583333,-7,36047017600,11214,1,94,118,113,-0.20339,-24,-0.168142,-19
176,2007,2,10,5,9,15,15,0.111111,1,-0.333333,-5,-0.333333,-5,36047017600,11214,0,107,120,135,-0.108333,-13,-0.207407,-28
176,2007,3,8,10,14,13,13,-0.428571,-6,-0.384615,-5,-0.384615,-5,36047017600,11214,0,112,116,148,-0.034483,-4,-0.243243,-36
176,2007,4,14,8,14,19,19,0,0,-0.263158,-5,-0.263158,-5,36047017600,11214,0,127,124,109,0.024194,3,0.165138,18
176,2007,5,12,14,13,17,17,-0.076923,-1,-0.294118,-5,-0.294118,-5,36047017600,11214,0,130,143,121,-0.090909,-13,0.07438,9
176,2008,0,12,12,5,7,7,1.4,7,0.714286,5,0.714286,5,36047017600,11214,1,120,101,114,0.188119,19,0.052632,6
176,2008,1,4,12,5,9,9,-0.2,-1,-0.555556,-5,-0.555556,-5,36047017600,11214,1,105,94,110,0.117021,11,-0.045455,-5
176,2008,2,4,4,10,12,12,-0.6,-6,-0.666667,-8,-0.666667,-8,36047017600,11214,1,89,107,117,-0.168224,-18,-0.239316,-28
176,2008,3,9,4,8,14,14,0.125,1,-0.357143,-5,-0.357143,-5,36047017600,11214,0,114,112,125,0.017857,2,-0.088,-11
176,2008,4,6,9,14,14,14,-0.571429,-8,-0.571429,-8,-0.571429,-8,36047017600,11214,0,113,127,146,-0.110236,-14,-0.226027,-33
176,2008,5,12,6,12,15,15,0,0,-0.2,-3,-0.2,-3,36047017600,11214,0,125,130,117,-0.038462,-5,0.068376,8
176,2009,0,10,10,12,5,5,-0.166667,-2,1,5,1,5,36047017600,11214,0,109,120,85,-0.091667,-11,0.282353,24
176,2009,1,16,10,4,8,8,3,12,1,8,1,8,36047017600,11214,0,133,105,118,0.266667,28,0.127119,15
176,2009,2,5,16,4,9,9,0.25,1,-0.444444,-4,-0.444444,-4,36047017600,11214,0,121,89,120,0.359551,32,0.008333,1
176,2009,3,6,5,9,14,14,-0.333333,-3,-0.571429,-8,-0.571429,-8,36047017600,11214,0,95,114,116,-0.166667,-19,-0.181034,-21
176,2009,4,8,6,6,14,14,0.333333,2,-0.428571,-6,-0.428571,-6,36047017600,11214,0,114,113,124,0.00885,1,-0.080645,-10
176,2009,5,6,8,12,13,13,-0.5,-6,-0.538462,-7,-0.538462,-7,36047017600,11214,0,112,125,143,-0.104,-13,-0.216783,-31
176,2010,0,24,24,10,5,5,1.4,14,3.8,19,3.8,19,36047017600,11214,0,155,109,101,0.422018,46,0.534653,54
176,2010,1,10,24,16,5,5,-0.375,-6,1,5,1,5,36047017600,11214,0,110,133,94,-0.172932,-23,0.170213,16
176,2010,2,13,10,5,10,10,1.6,8,0.3,3,0.3,3,36047017600,11214,0,138,121,107,0.140496,17,0.28972,31
176,2010,3,6,13,6,8,8,0,0,-0.25,-2,-0.25,-2,36047017600,11214,0,113,95,112,0.189474,18,0.008929,1
176,2010,4,7,6,8,14,14,-0.125,-1,-0.5,-7,-0.5,-7,36047017600,11214,0,88,114,127,-0.22807,-26,-0.307087,-39
176,2010,5,8,7,6,12,12,0.333333,2,-0.333333,-4,-0.333333,-4,36047017600,11214,0,114,112,130,0.017857,2,-0.123077,-16
178,2001,0,27,27,27,27,27,0,0,0,0,0,0,36047017800,11214,0,148,148,148,0,0,0,0
178,2001,1,20,27,20,20,20,0,0,0,0,0,0,36047017800,11214,0,135,135,135,0,0,0,0
178,2001,2,28,20,28,28,28,0,0,0,0,0,0,36047017800,11214,0,147,147,147,0,0,0,0
178,2001,3,30,28,30,30,30,0,0,0,0,0,0,36047017800,11214,0,123,123,123,0,0,0,0
178,2001,4,17,30,17,17,17,0,0,0,0,0,0,36047017800,11214,1,134,134,134,0,0,0,0
178,2001,5,19,17,19,19,19,0,0,0,0,0,0,36047017800,11214,1,139,139,139,0,0,0,0
178,2002,0,23,23,27,23,23,-0.148148,-4,0,0,0,0,36047017800,11214,0,159,148,159,0.074324,11,0,0
178,2002,1,25,23,20,25,25,0.25,5,0,0,0,0,36047017800,11214,0,148,135,148,0.096296,13,0,0
178,2002,2,23,25,28,23,23,-0.178571,-5,0,0,0,0,36047017800,11214,0,147,147,147,0,0,0,0
178,2002,3,31,23,30,31,31,0.033333,1,0,0,0,0,36047017800,11214,0,157,123,157,0.276423,34,0,0
178,2002,4,24,31,17,24,24,0.411765,7,0,0,0,0,36047017800,11214,0,131,134,131,-0.022388,-3,0,0
178,2002,5,18,24,19,18,18,-0.052632,-1,0,0,0,0,36047017800,11214,1,134,139,134,-0.035971,-5,0,0
178,2003,0,15,15,23,15,15,-0.347826,-8,0,0,0,0,36047017800,11214,0,141,159,141,-0.113208,-18,0,0
178,2003,1,21,15,25,21,21,-0.16,-4,0,0,0,0,36047017800,11214,0,172,148,172,0.162162,24,0,0
178,2003,2,18,21,23,18,18,-0.217391,-5,0,0,0,0,36047017800,11214,0,153,147,153,0.040816,6,0,0
178,2003,3,24,18,31,24,24,-0.225806,-7,0,0,0,0,36047017800,11214,0,150,157,150,-0.044586,-7,0,0
178,2003,4,27,24,24,27,27,0.125,3,0,0,0,0,36047017800,11214,0,148,131,148,0.129771,17,0,0
178,2003,5,26,27,18,26,26,0.444444,8,0,0,0,0,36047017800,11214,0,129,134,129,-0.037313,-5,0,0
178,2004,0,18,18,15,27,27,0.2,3,-0.333333,-9,-0.333333,-9,36047017800,11214,1,141,141,148,0,0,-0.047297,-7
178,2004,1,13,18,21,20,20,-0.380952,-8,-0.35,-7,-0.35,-7,36047017800,11214,1,149,172,135,-0.133721,-23,0.103704,14
178,2004,2,20,13,18,28,28,0.111111,2,-0.285714,-8,-0.285714,-8,36047017800,11214,0,159,153,147,0.039216,6,0.081633,12
178,2004,3,25,20,24,30,30,0.041667,1,-0.166667,-5,-0.166667,-5,36047017800,11214,0,154,150,123,0.026667,4,0.252033,31
178,2004,4,21,25,27,17,17,-0.222222,-6,0.235294,4,0.235294,4,36047017800,11214,0,160,148,134,0.081081,12,0.19403,26
178,2004,5,24,21,26,19,19,-0.076923,-2,0.263158,5,0.263158,5,36047017800,11214,0,148,129,139,0.147287,19,0.064748,9
178,2005,0,14,14,18,23,23,-0.222222,-4,-0.391304,-9,-0.391304,-9,36047017800,11214,0,139,141,159,-0.014184,-2,-0.125786,-20
178,2005,1,17,14,13,25,25,0.307692,4,-0.32,-8,-0.32,-8,36047017800,11214,1,142,149,148,-0.04698,-7,-0.040541,-6
178,2005,2,14,17,20,23,23,-0.3,-6,-0.391304,-9,-0.391304,-9,36047017800,11214,1,139,159,147,-0.125786,-20,-0.054422,-8
178,2005,3,16,14,25,31,31,-0.36,-9,-0.483871,-15,-0.483871,-15,36047017800,11214,0,167,154,157,0.084416,13,0.063694,10
178,2005,4,19,16,21,24,24,-0.095238,-2,-0.208333,-5,-0.208333,-5,36047017800,11214,1,172,160,131,0.075,12,0.312977,41
178,2005,5,21,19,24,18,18,-0.125,-3,0.166667,3,0.166667,3,36047017800,11214,0,169,148,134,0.141892,21,0.261194,35
178,2006,0,21,21,14,15,15,0.5,7,0.4,6,0.4,6,36047017800,11214,0,124,139,141,-0.107914,-15,-0.120567,-17
178,2006,1,18,21,17,21,21,0.058824,1,-0.142857,-3,-0.142857,-3,36047017800,11214,0,159,142,172,0.119718,17,-0.075581,-13
178,2006,2,17,18,14,18,18,0.214286,3,-0.055556,-1,-0.055556,-1,36047017800,11214,0,139,139,153,0,0,-0.091503,-14
178,2006,3,20,17,16,24,24,0.25,4,-0.166667,-4,-0.166667,-4,36047017800,11214,0,139,167,150,-0.167665,-28,-0.073333,-11
178,2006,4,16,20,19,27,27,-0.157895,-3,-0.407407,-11,-0.407407,-11,36047017800,11214,0,161,172,148,-0.063953,-11,0.087838,13
178,2006,5,19,16,21,26,26,-0.095238,-2,-0.269231,-7,-0.269231,-7,36047017800,11214,0,168,169,129,-0.005917,-1,0.302326,39
178,2007,0,15,15,21,18,18,-0.285714,-6,-0.166667,-3,-0.166667,-3,36047017800,11214,1,139,124,141,0.120968,15,-0.014184,-2
178,2007,1,23,15,18,13,13,0.277778,5,0.769231,10,0.769231,10,36047017800,11214,0,136,159,149,-0.144654,-23,-0.087248,-13
178,2007,2,18,23,17,20,20,0.058824,1,-0.1,-2,-0.1,-2,36047017800,11214,0,146,139,159,0.05036,7,-0.081761,-13
178,2007,3,16,18,20,25,25,-0.2,-4,-0.36,-9,-0.36,-9,36047017800,11214,0,145,139,154,0.043165,6,-0.058442,-9
178,2007,4,22,16,16,21,21,0.375,6,0.047619,1,0.047619,1,36047017800,11214,0,152,161,160,-0.055901,-9,-0.05,-8
178,2007,5,23,22,19,24,24,0.210526,4,-0.041667,-1,-0.041667,-1,36047017800,11214,0,153,168,148,-0.089286,-15,0.033784,5
178,2008,0,15,15,15,14,14,0,0,0.071429,1,0.071429,1,36047017800,11214,1,163,139,139,0.172662,24,0.172662,24
178,2008,1,13,15,23,17,17,-0.434783,-10,-0.235294,-4,-0.235294,-4,36047017800,11214,1,145,136,142,0.066176,9,0.021127,3
178,2008,2,17,13,18,14,14,-0.055556,-1,0.214286,3,0.214286,3,36047017800,11214,0,137,146,139,-0.061644,-9,-0.014388,-2
178,2008,3,17,17,16,16,16,0.0625,1,0.0625,1,0.0625,1,36047017800,11214,0,160,145,167,0.103448,15,-0.041916,-7
178,2008,4,14,17,22,19,19,-0.363636,-8,-0.263158,-5,-0.263158,-5,36047017800,11214,0,150,152,172,-0.013158,-2,-0.127907,-22
178,2008,5,21,14,23,21,21,-0.086957,-2,0,0,0,0,36047017800,11214,0,149,153,169,-0.026144,-4,-0.118343,-20
178,2009,0,19,19,15,21,21,0.266667,4,-0.095238,-2,-0.095238,-2,36047017800,11214,0,166,163,124,0.018405,3,0.33871,42
178,2009,1,19,19,13,18,18,0.461538,6,0.055556,1,0.055556,1,36047017800,11214,0,183,145,159,0.262069,38,0.150943,24
178,2009,2,14,19,17,17,17,-0.176471,-3,-0.176471,-3,-0.176471,-3,36047017800,11214,0,155,137,139,0.131387,18,0.115108,16
178,2009,3,17,14,17,20,20,0,0,-0.15,-3,-0.15,-3,36047017800,11214,0,143,160,139,-0.10625,-17,0.028777,4
178,2009,4,16,17,14,16,16,0.142857,2,0,0,0,0,36047017800,11214,0,167,150,161,0.113333,17,0.037267,6
178,2009,5,17,16,21,19,19,-0.190476,-4,-0.105263,-2,-0.105263,-2,36047017800,11214,0,154,149,168,0.033557,5,-0.083333,-14
178,2010,0,30,30,19,15,15,0.578947,11,1,15,1,15,36047017800,11214,0,217,166,139,0.307229,51,0.561151,78
178,2010,1,22,30,19,23,23,0.157895,3,-0.043478,-1,-0.043478,-1,36047017800,11214,0,168,183,136,-0.081967,-15,0.235294,32
178,2010,2,18,22,14,18,18,0.285714,4,0,0,0,0,36047017800,11214,0,189,155,146,0.219355,34,0.294521,43
178,2010,3,13,18,17,16,16,-0.235294,-4,-0.1875,-3,-0.1875,-3,36047017800,11214,0,153,143,145,0.06993,10,0.055172,8
178,2010,4,15,13,16,22,22,-0.0625,-1,-0.318182,-7,-0.318182,-7,36047017800,11214,0,145,167,152,-0.131737,-22,-0.046053,-7
178,2010,5,14,15,17,23,23,-0.176471,-3,-0.391304,-9,-0.391304,-9,36047017800,11214,0,170,154,153,0.103896,16,0.111111,17
180,2001,0,27,27,27,27,27,0,0,0,0,0,0,36047018000,11214,0,160,160,160,0,0,0,0
180,2001,1,21,27,21,21,21,0,0,0,0,0,0,36047018000,11214,1,141,141,141,0,0,0,0
180,2001,2,26,21,26,26,26,0,0,0,0,0,0,36047018000,11214,1,144,144,144,0,0,0,0
180,2001,3,20,26,20,20,20,0,0,0,0,0,0,36047018000,11214,1,132,132,132,0,0,0,0
180,2001,4,25,20,25,25,25,0,0,0,0,0,0,36047018000,11214,1,138,138,138,0,0,0,0
180,2001,5,23,25,23,23,23,0,0,0,0,0,0,36047018000,11214,0,142,142,142,0,0,0,0
180,2002,0,25,25,27,25,25,-0.074074,-2,0,0,0,0,36047018000,11214,0,175,160,175,0.09375,15,0,0
180,2002,1,27,25,21,27,27,0.285714,6,0,0,0,0,36047018000,11214,1,165,141,165,0.170213,24,0,0
180,2002,2,26,27,26,26,26,0,0,0,0,0,0,36047018000,11214,1,146,144,146,0.013889,2,0,0
180,2002,3,27,26,20,27,27,0.35,7,0,0,0,0,36047018000,11214,0,160,132,160,0.212121,28,0,0
180,2002,4,24,27,25,24,24,-0.04,-1,0,0,0,0,36047018000,11214,1,135,138,135,-0.021739,-3,0,0
180,2002,5,25,24,23,25,25,0.086957,2,0,0,0,0,36047018000,11214,1,135,142,135,-0.049296,-7,0,0
180,2003,0,28,28,25,28,28,0.12,3,0,0,0,0,36047018000,11214,0,133,175,133,-0.24,-42,0,0
180,2003,1,28,28,27,28,28,0.037037,1,0,0,0,0,36047018000,11214,0,171,165,171,0.036364,6,0,0
180,2003,2,30,28,26,30,30,0.153846,4,0,0,0,0,36047018000,11214,0,161,146,161,0.10274,15,0,0
180,2003,3,26,30,27,26,26,-0.037037,-1,0,0,0,0,36047018000,11214,0,153,160,153,-0.04375,-7,0,0
180,2003,4,31,26,24,31,31,0.291667,7,0,0,0,0,36047018000,11214,0,148,135,148,0.096296,13,0,0
180,2003,5,20,31,25,20,20,-0.2,-5,0,0,0,0,36047018000,11214,1,138,135,138,0.022222,3,0,0
180,2004,0,22,22,28,27,27,-0.214286,-6,-0.185185,-5,-0.185185,-5,36047018000,11214,0,127,133,160,-0.045113,-6,-0.20625,-33
180,2004,1,30,22,28,21,21,0.071429,2,0.428571,9,0.428571,9,36047018000,11214,0,139,171,141,-0.187135,-32,-0.014184,-2
180,2004,2,29,30,30,26,26,-0.033333,-1,0.115385,3,0.115385,3,36047018000,11214,0,163,161,144,0.012422,2,0.131944,19
180,2004,3,28,29,26,20,20,0.076923,2,0.4,8,0.4,8,36047018000,11214,0,174,153,132,0.137255,21,0.318182,42
180,2004,4,28,28,31,25,25,-0.096774,-3,0.12,3,0.12,3,36047018000,11214,0,157,148,138,0.060811,9,0.137681,19
180,2004,5,34,28,20,23,23,0.7,14,0.478261,11,0.478261,11,36047018000,11214,0,153,138,142,0.108696,15,0.077465,11
180,2005,0,28,28,22,25,25,0.272727,6,0.12,3,0.12,3,36047018000,11214,0,126,127,175,-0.007874,-1,-0.28,-49
180,2005,1,19,28,30,27,27,-0.366667,-11,-0.296296,-8,-0.296296,-8,36047018000,11214,0,134,139,165,-0.035971,-5,-0.187879,-31
180,2005,2,27,19,29,26,26,-0.068966,-2,0.038462,1,0.038462,1,36047018000,11214,0,143,163,146,-0.122699,-20,-0.020548,-3
180,2005,3,27,27,28,27,27,-0.035714,-1,0,0,0,0,36047018000,11214,0,173,174,160,-0.005747,-1,0.08125,13
180,2005,4,32,27,28,24,24,0.142857,4,0.333333,8,0.333333,8,36047018000,11214,0,178,157,135,0.133758,21,0.318519,43
180,2005,5,33,32,34,25,25,-0.029412,-1,0.32,8,0.32,8,36047018000,11214,0,167,153,135,0.091503,14,0.237037,32
180,2006,0,19,19,28,28,28,-0.321429,-9,-0.321429,-9,-0.321429,-9,36047018000,11214,1,118,126,133,-0.063492,-8,-0.112782,-15
180,2006,1,25,19,19,28,28,0.315789,6,-0.107143,-3,-0.107143,-3,36047018000,11214,0,145,134,171,0.08209,11,-0.152047,-26
180,2006,2,22,25,27,30,30,-0.185185,-5,-0.266667,-8,-0.266667,-8,36047018000,11214,0,128,143,161,-0.104895,-15,-0.204969,-33
180,2006,3,26,22,27,26,26,-0.037037,-1,0,0,0,0,36047018000,11214,0,158,173,153,-0.086705,-15,0.03268,5
180,2006,4,23,26,32,31,31,-0.28125,-9,-0.258065,-8,-0.258065,-8,36047018000,11214,0,178,178,148,0,0,0.202703,30
180,2006,5,29,23,33,20,20,-0.121212,-4,0.45,9,0.45,9,36047018000,11214,0,187,167,138,0.11976,20,0.355072,49
180,2007,0,20,20,19,22,22,0.052632,1,-0.090909,-2,-0.090909,-2,36047018000,11214,1,119,118,127,0.008475,1,-0.062992,-8
180,2007,1,19,20,25,30,30,-0.24,-6,-0.366667,-11,-0.366667,-11,36047018000,11214,1,121,145,139,-0.165517,-24,-0.129496,-18
180,2007,2,20,19,22,29,29,-0.090909,-2,-0.310345,-9,-0.310345,-9,36047018000,11214,0,143,128,163,0.117188,15,-0.122699,-20
180,2007,3,20,20,26,28,28,-0.230769,-6,-0.285714,-8,-0.285714,-8,36047018000,11214,0,137,158,174,-0.132911,-21,-0.212644,-37
180,2007,4,28,20,23,28,28,0.217391,5,0,0,0,0,36047018000,11214,0,171,178,157,-0.039326,-7,0.089172,14
180,2007,5,19,28,29,34,34,-0.344828,-10,-0.441176,-15,-0.441176,-15,36047018000,11214,1,177,187,153,-0.053476,-10,0.156863,24
180,2008,0,24,24,20,28,28,0.2,4,-0.142857,-4,-0.142857,-4,36047018000,11214,1,159,119,126,0.336134,40,0.261905,33
180,2008,1,14,24,19,19,19,-0.263158,-5,-0.263158,-5,-0.263158,-5,36047018000,11214,1,134,121,134,0.107438,13,0,0
180,2008,2,18,14,20,27,27,-0.1,-2,-0.333333,-9,-0.333333,-9,36047018000,11214,1,115,143,143,-0.195804,-28,-0.195804,-28
180,2008,3,22,18,20,27,27,0.1,2,-0.185185,-5,-0.185185,-5,36047018000,11214,0,152,137,173,0.109489,15,-0.121387,-21
180,2008,4,23,22,28,32,32,-0.178571,-5,-0.28125,-9,-0.28125,-9,36047018000,11214,0,143,171,178,-0.163743,-28,-0.196629,-35
180,2008,5,28,23,19,33,33,0.473684,9,-0.151515,-5,-0.151515,-5,36047018000,11214,0,172,177,167,-0.028249,-5,0.02994,5
180,2009,0,23,23,24,19,19,-0.041667,-1,0.210526,4,0.210526,4,36047018000,11214,0,138,159,118,-0.132075,-21,0.169492,20
180,2009,1,29,23,14,25,25,1.071429,15,0.16,4,0.16,4,36047018000,11214,0,181,134,145,0.350746,47,0.248276,36
180,2009,2,16,29,18,22,22,-0.111111,-2,-0.272727,-6,-0.272727,-6,36047018000,11214,0,155,115,128,0.347826,40,0.210938,27
180,2009,3,17,16,22,26,26,-0.227273,-5,-0.346154,-9,-0.346154,-9,36047018000,11214,0,125,152,158,-0.177632,-27,-0.208861,-33
180,2009,4,22,17,23,23,23,-0.043478,-1,-0.043478,-1,-0.043478,-1,36047018000,11214,0,152,143,178,0.062937,9,-0.146067,-26
180,2009,5,25,22,28,29,29,-0.107143,-3,-0.137931,-4,-0.137931,-4,36047018000,11214,0,160,172,187,-0.069767,-12,-0.144385,-27
180,2010,0,28,28,23,20,20,0.217391,5,0.4,8,0.4,8,36047018000,11214,0,217,138,119,0.572464,79,0.823529,98
180,2010,1,19,28,29,19,19,-0.344828,-10,0,0,0,0,36047018000,11214,0,150,181,121,-0.171271,-31,0.239669,29
180,2010,2,30,19,16,20,20,0.875,14,0.5,10,0.5,10,36047018000,11214,0,187,155,143,0.206452,32,0.307692,44
180,2010,3,14,30,17,20,20,-0.176471,-3,-0.3,-6,-0.3,-6,36047018000,11214,0,152,125,137,0.216,27,0.109489,15
180,2010,4,13,14,22,28,28,-0.409091,-9,-0.535714,-15,-0.535714,-15,36047018000,11214,0,122,152,171,-0.197368,-30,-0.28655,-49
180,2010,5,21,13,25,19,19,-0.16,-4,0.105263,2,0.105263,2,36047018000,11214,0,156,160,177,-0.025,-4,-0.118644,-21
182,2001,0,34,34,34,34,34,0,0,0,0,0,0,36047018200,11214,0,148,148,148,0,0,0,0
182,2001,1,35,34,35,35,35,0,0,0,0,0,0,36047018200,11214,0,143,143,143,0,0,0,0
182,2001,2,29,35,29,29,29,0,0,0,0,0,0,36047018200,11214,0,150,150,150,0,0,0,0
182,2001,3,21,29,21,21,21,0,0,0,0,0,0,36047018200,11214,1,126,126,126,0,0,0,0
182,2001,4,22,21,22,22,22,0,0,0,0,0,0,36047018200,11214,1,151,151,151,0,0,0,0
182,2001,5,25,22,25,25,25,0,0,0,0,0,0,36047018200,11214,0,144,144,144,0,0,0,0
182,2002,0,35,35,34,35,35,0.029412,1,0,0,0,0,36047018200,11214,0,150,148,150,0.013514,2,0,0
182,2002,1,32,35,35,32,32,-0.085714,-3,0,0,0,0,36047018200,11214,0,159,143,159,0.111888,16,0,0
182,2002,2,35,32,29,35,35,0.206897,6,0,0,0,0,36047018200,11214,0,146,150,146,-0.026667,-4,0,0
182,2002,3,32,35,21,32,32,0.52381,11,0,0,0,0,36047018200,11214,0,145,126,145,0.150794,19,0,0
182,2002,4,23,32,22,23,23,0.045455,1,0,0,0,0,36047018200,11214,1,130,151,130,-0.139073,-21,0,0
182,2002,5,21,23,25,21,21,-0.16,-4,0,0,0,0,36047018200,11214,1,155,144,155,0.076389,11,0,0
182,2003,0,28,28,35,28,28,-0.2,-7,0,0,0,0,36047018200,11214,0,143,150,143,-0.046667,-7,0,0
182,2003,1,33,28,32,33,33,0.03125,1,0,0,0,0,36047018200,11214,0,153,159,153,-0.037736,-6,0,0
182,2003,2,30,33,35,30,30,-0.142857,-5,0,0,0,0,36047018200,11214,0,165,146,165,0.130137,19,0,0
182,2003,3,36,30,32,36,36,0.125,4,0,0,0,0,36047018200,11214,0,163,145,163,0.124138,18,0,0
182,2003,4,28,36,23,28,28,0.217391,5,0,0,0,0,36047018200,11214,1,140,130,140,0.076923,10,0,0
182,2003,5,25,28,21,25,25,0.190476,4,0,0,0,0,36047018200,11214,1,130,155,130,-0.16129,-25,0,0
182,2004,0,24,24,28,34,34,-0.142857,-4,-0.294118,-10,-0.294118,-10,36047018200,11214,1,148,143,148,0.034965,5,0,0
182,2004,1,29,24,33,35,35,-0.121212,-4,-0.171429,-6,-0.171429,-6,36047018200,11214,0,159,153,143,0.039216,6,0.111888,16
182,2004,2,29,29,30,29,29,-0.033333,-1,0,0,0,0,36047018200,11214,0,149,165,150,-0.09697,-16,-0.006667,-1
182,2004,3,34,29,36,21,21,-0.055556,-2,0.619048,13,0.619048,13,36047018200,11214,0,164,163,126,0.006135,1,0.301587,38
182,2004,4,36,34,28,22,22,0.285714,8,0.636364,14,0.636364,14,36047018200,11214,0,168,140,151,0.2,28,0.112583,17
182,2004,5,25,36,25,25,25,0,0,0,0,0,0,36047018200,11214,1,151,130,144,0.161538,21,0.048611,7
182,2005,0,26,26,24,35,35,0.083333,2,-0.257143,-9,-0.257143,-9,36047018200,11214,1,144,148,150,-0.027027,-4,-0.04,-6
182,2005,1,26,26,29,32,32,-0.103448,-3,-0.1875,-6,-0.1875,-6,36047018200,11214,1,150,159,159,-0.056604,-9,-0.056604,-9
182,2005,2,32,26,29,35,35,0.103448,3,-0.085714,-3,-0.085714,-3,36047018200,11214,0,159,149,146,0.067114,10,0.089041,13
182,2005,3,31,32,34,32,32,-0.088235,-3,-0.03125,-1,-0.03125,-1,36047018200,11214,0,162,164,145,-0.012195,-2,0.117241,17
182,2005,4,38,31,36,23,23,0.055556,2,0.652174,15,0.652174,15,36047018200,11214,0,173,168,130,0.029762,5,0.330769,43
182,2005,5,38,38,25,21,21,0.52,13,0.809524,17,0.809524,17,36047018200,11214,0,155,151,155,0.02649,4,0,0
182,2006,0,31,31,26,28,28,0.192308,5,0.107143,3,0.107143,3,36047018200,11214,0,145,144,143,0.006944,1,0.013986,2
182,2006,1,28,31,26,33,33,0.076923,2,-0.151515,-5,-0.151515,-5,36047018200,11214,1,158,150,153,0.053333,8,0.03268,5
182,2006,2,23,28,32,30,30,-0.28125,-9,-0.233333,-7,-0.233333,-7,36047018200,11214,1,138,159,165,-0.132075,-21,-0.163636,-27
182,2006,3,34,23,31,36,36,0.096774,3,-0.055556,-2,-0.055556,-2,36047018200,11214,0,158,162,163,-0.024691,-4,-0.030675,-5
182,2006,4,31,34,38,28,28,-0.184211,-7,0.107143,3,0.107143,3,36047018200,11214,0,162,173,140,-0.063584,-11,0.157143,22
182,2006,5,37,31,38,25,25,-0.026316,-1,0.48,12,0.48,12,36047018200,11214,0,171,155,130,0.103226,16,0.315385,41
182,2007,0,29,29,31,24,24,-0.064516,-2,0.208333,5,0.208333,5,36047018200,11214,1,148,145,148,0.02069,3,0,0
182,2007,1,32,29,28,29,29,0.142857,4,0.103448,3,0.103448,3,36047018200,11214,0,157,158,159,-0.006329,-1,-0.012579,-2
182,2007,2,29,32,23,29,29,0.26087,6,0,0,0,0,36047018200,11214,1,164,138,149,0.188406,26,0.100671,15
182,2007,3,30,29,34,34,34,-0.117647,-4,-0.117647,-4,-0.117647,-4,36047018200,11214,1,146,158,164,-0.075949,-12,-0.109756,-18
182,2007,4,35,30,31,36,36,0.129032,4,-0.027778,-1,-0.027778,-1,36047018200,11214,0,163,162,168,0.006173,1,-0.029762,-5
182,2007,5,28,35,37,25,25,-0.243243,-9,0.12,3,0.12,3,36047018200,11214,1,163,171,151,-0.046784,-8,0.07947,12
182,2008,0,20,20,29,26,26,-0.310345,-9,-0.230769,-6,-0.230769,-6,36047018200,11214,1,159,148,144,0.074324,11,0.104167,15
182,2008,1,31,20,32,26,26,-0.03125,-1,0.192308,5,0.192308,5,36047018200,11214,1,172,157,150,0.095541,15,0.146667,22
182,2008,2,32,31,29,32,32,0.103448,3,0,0,0,0,36047018200,11214,0,166,164,159,0.012195,2,0.044025,7
182,2008,3,28,32,30,31,31,-0.066667,-2,-0.096774,-3,-0.096774,-3,36047018200,11214,1,169,146,162,0.157534,23,0.04321,7
182,2008,4,29,28,35,38,38,-0.171429,-6,-0.236842,-9,-0.236842,-9,36047018200,11214,1,150,163,173,-0.079755,-13,-0.132948,-23
182,2008,5,34,29,28,38,38,0.214286,6,-0.105263,-4,-0.105263,-4,36047018200,11214,1,169,163,155,0.03681,6,0.090323,14
182,2009,0,33,33,20,31,31,0.65,13,0.064516,2,0.064516,2,36047018200,11214,0,180,159,145,0.132075,21,0.241379,35
182,2009,1,27,33,31,28,28,-0.129032,-4,-0.035714,-1,-0.035714,-1,36047018200,11214,0,174,172,158,0.011628,2,0.101266,16
182,2009,2,32,27,32,23,23,0,0,0.391304,9,0.391304,9,36047018200,11214,0,181,166,138,0.090361,15,0.311594,43
182,2009,3,39,32,28,34,34,0.392857,11,0.147059,5,0.147059,5,36047018200,11214,0,162,169,158,-0.04142,-7,0.025316,4
182,2009,4,31,39,29,31,31,0.068966,2,0,0,0,0,36047018200,11214,0,177,150,162,0.18,27,0.092593,15
182,2009,5,31,31,34,37,37,-0.088235,-3,-0.162162,-6,-0.162162,-6,36047018200,11214,0,161,169,171,-0.047337,-8,-0.05848,-10
182,2010,0,37,37,33,29,29,0.121212,4,0.275862,8,0.275862,8,36047018200,11214,0,216,180,148,0.2,36,0.459459,68
182,2010,1,37,37,27,32,32,0.37037,10,0.15625,5,0.15625,5,36047018200,11214,0,193,174,157,0.109195,19,0.229299,36
182,2010,2,29,37,32,29,29,-0.09375,-3,0,0,0,0,36047018200,11214,0,175,181,164,-0.033149,-6,0.067073,11
182,2010,3,40,29,39,30,30,0.025641,1,0.333333,10,0.333333,10,36047018200,11214,0,186,162,146,0.148148,24,0.273973,40
182,2010,4,35,40,31,35,35,0.129032,4,0,0,0,0,36047018200,11214,0,163,177,163,-0.079096,-14,0,0
182,2010,5,39,35,31,28,28,0.258065,8,0.392857,11,0.392857,11,36047018200,11214,0,164,161,163,0.018634,3,0.006135,1
184,2001,0,26,26,26,26,26,0,0,0,0,0,0,36047018400,11214,0,130,130,130,0,0,0,0
184,2001,1,13,26,13,13,13,0,0,0,0,0,0,36047018400,11214,1,108,108,108,0,0,0,0
184,2001,2,18,13,18,18,18,0,0,0,0,0,0,36047018400,11214,1,116,116,116,0,0,0,0
184,2001,3,16,18,16,16,16,0,0,0,0,0,0,36047018400,11214,0,100,100,100,0,0,0,0
184,2001,4,22,16,22,22,22,0,0,0,0,0,0,36047018400,11214,0,111,111,111,0,0,0,0
184,2001,5,11,22,11,11,11,0,0,0,0,0,0,36047018400,11214,1,109,109,109,0,0,0,0
184,2002,0,27,27,26,27,27,0.038462,1,0,0,0,0,36047018400,11214,0,135,130,135,0.038462,5,0,0
184,2002,1,30,27,13,30,30,1.307692,17,0,0,0,0,36047018400,11214,0,125,108,125,0.157407,17,0,0
184,2002,2,11,30,18,11,11,-0.388889,-7,0,0,0,0,36047018400,11214,1,118,116,118,0.017241,2,0,0
184,2002,3,20,11,16,20,20,0.25,4,0,0,0,0,36047018400,11214,1,125,100,125,0.25,25,0,0
184,2002,4,19,20,22,19,19,-0.136364,-3,0,0,0,0,36047018400,11214,0,103,111,103,-0.072072,-8,0,0
184,2002,5,18,19,11,18,18,0.636364,7,0,0,0,0,36047018400,11214,1,114,109,114,0.045872,5,0,0
184,2003,0,23,23,27,23,23,-0.148148,-4,0,0,0,0,36047018400,11214,0,115,135,115,-0.148148,-20,0,0
184,2003,1,25,23,30,25,25,-0.166667,-5,0,0,0,0,36047018400,11214,0,140,125,140,0.12,15,0,0
184,2003,2,32,25,11,32,32,1.909091,21,0,0,0,0,36047018400,11214,0,130,118,130,0.101695,12,0,0
184,2003,3,14,32,20,14,14,-0.3,-6,0,0,0,0,36047018400,11214,1,120,125,120,-0.04,-5,0,0
184,2003,4,21,14,19,21,21,0.105263,2,0,0,0,0,36047018400,11214,1,115,103,115,0.116505,12,0,0
184,2003,5,19,21,18,19,19,0.055556,1,0,0,0,0,36047018400,11214,0,101,114,101,-0.114035,-13,0,0
184,2004,0,20,20,23,26,26,-0.130435,-3,-0.230769,-6,-0.230769,-6,36047018400,11214,0,110,115,130,-0.043478,-5,-0.153846,-20
184,2004,1,25,20,25,13,13,0,0,0.923077,12,0.923077,12,36047018400,11214,0,115,140,108,-0.178571,-25,0.064815,7
184,2004,2,24,25,32,18,18,-0.25,-8,0.333333,6,0.333333,6,36047018400,11214,0,134,130,116,0.030769,4,0.155172,18
184,2004,3,31,24,14,16,16,1.214286,17,0.9375,15,0.9375,15,36047018400,11214,0,132,120,100,0.1,12,0.32,32
184,2004,4,15,31,21,22,22,-0.285714,-6,-0.318182,-7,-0.318182,-7,36047018400,11214,1,127,115,111,0.104348,12,0.144144,16
184,2004,5,28,15,19,11,11,0.473684,9,1.545455,17,1.545455,17,36047018400,11214,0,119,101,109,0.178218,18,0.091743,10
184,2005,0,22,22,20,27,27,0.1,2,-0.185185,-5,-0.185185,-5,36047018400,11214,0,117,110,135,0.063636,7,-0.133333,-18
184,2005,1,19,22,25,30,30,-0.24,-6,-0.366667,-11,-0.366667,-11,36047018400,11214,0,115,115,125,0,0,-0.08,-10
184,2005,2,23,19,24,11,11,-0.041667,-1,1.090909,12,1.090909,12,36047018400,11214,0,113,134,118,-0.156716,-21,-0.042373,-5
184,2005,3,26,23,31,20,20,-0.16129,-5,0.3,6,0.3,6,36047018400,11214,0,143,132,125,0.083333,11,0.144,18
184,2005,4,30,26,15,19,19,1,15,0.578947,11,0.578947,11,36047018400,11214,0,143,127,103,0.125984,16,0.38835,40
184,2005,5,16,30,28,18,18,-0.428571,-12,-0.111111,-2,-0.111111,-2,36047018400,11214,1,136,119,114,0.142857,17,0.192982,22
184,2006,0,17,17,22,23,23,-0.227273,-5,-0.26087,-6,-0.26087,-6,36047018400,11214,1,113,117,115,-0.034188,-4,-0.017391,-2
184,2006,1,20,17,19,25,25,0.052632,1,-0.2,-5,-0.2,-5,36047018400,11214,0,119,115,140,0.034783,4,-0.15,-21
184,2006,2,19,20,23,32,32,-0.173913,-4,-0.40625,-13,-0.40625,-13,36047018400,11214,0,117,113,130,0.035398,4,-0.1,-13
184,2006,3,23,19,26,14,14,-0.115385,-3,0.642857,9,0.642857,9,36047018400,11214,0,112,143,120,-0.216783,-31,-0.066667,-8
184,2006,4,28,23,30,21,21,-0.066667,-2,0.333333,7,0.333333,7,36047018400,11214,0,142,143,115,-0.006993,-1,0.234783,27
184,2006,5,29,28,16,19,19,0.8125,13,0.526316,10,0.526316,10,36047018400,11214,0,148,136,101,0.088235,12,0.465347,47
184,2007,0,18,18,17,20,20,0.058824,1,-0.1,-2,-0.1,-2,36047018400,11214,0,112,113,110,-0.00885,-1,0.018182,2
184,2007,1,15,18,20,25,25,-0.25,-5,-0.4,-10,-0.4,-10,36047018400,11214,1,115,119,115,-0.033613,-4,0,0
184,2007,2,24,15,19,24,24,0.263158,5,0,0,0,0,36047018400,11214,0,116,117,134,-0.008547,-1,-0.134328,-18
184,2007,3,23,24,23,31,31,0,0,-0.258065,-8,-0.258065,-8,36047018400,11214,0,128,112,132,0.142857,16,-0.030303,-4
184,2007,4,27,23,28,15,15,-0.035714,-1,0.8,12,0.8,12,36047018400,11214,0,126,142,127,-0.112676,-16,-0.007874,-1
184,2007,5,30,27,29,28,28,0.034483,1,0.071429,2,0.071429,2,36047018400,11214,0,133,148,119,-0.101351,-15,0.117647,14
184,2008,0,24,24,18,22,22,0.333333,6,0.090909,2,0.090909,2,36047018400,11214,0,117,112,117,0.044643,5,0,0
184,2008,1,21,24,15,19,19,0.4,6,0.105263,2,0.105263,2,36047018400,11214,0,114,115,115,-0.008696,-1,-0.008696,-1
184,2008,2,14,21,24,23,23,-0.416667,-10,-0.391304,-9,-0.391304,-9,36047018400,11214,1,116,116,113,0,0,0.026549,3
184,2008,3,25,14,23,26,26,0.086957,2,-0.038462,-1,-0.038462,-1,36047018400,11214,0,123,128,143,-0.039063,-5,-0.13986,-20
184,2008,4,28,25,27,30,30,0.037037,1,-0.066667,-2,-0.066667,-2,36047018400,11214,0,135,126,143,0.071429,9,-0.055944,-8
184,2008,5,30,28,30,16,16,0,0,0.875,14,0.875,14,36047018400,11214,0,128,133,136,-0.037594,-5,-0.058824,-8
184,2009,0,13,13,24,17,17,-0.458333,-11,-0.235294,-4,-0.235294,-4,36047018400,11214,0,134,117,113,0.145299,17,0.185841,21
184,2009,1,23,13,21,20,20,0.095238,2,0.15,3,0.15,3,36047018400,11214,0,139,114,119,0.219298,25,0.168067,20
184,2009,2,22,23,14,19,19,0.571429,8,0.157895,3,0.157895,3,36047018400,11214,0,125,116,117,0.077586,9,0.068376,8
184,2009,3,13,22,25,23,23,-0.48,-12,-0.434783,-10,-0.434783,-10,36047018400,11214,0,118,123,112,-0.04065,-5,0.053571,6
184,2009,4,26,13,28,28,28,-0.071429,-2,-0.071429,-2,-0.071429,-2,36047018400,11214,0,133,135,142,-0.014815,-2,-0.06338,-9
184,2009,5,29,26,30,29,29,-0.033333,-1,0,0,0,0,36047018400,11214,0,140,128,148,0.09375,12,-0.054054,-8
184,2010,0,17,17,13,18,18,0.307692,4,-0.055556,-1,-0.055556,-1,36047018400,11214,0,161,134,112,0.201493,27,0.4375,49
184,2010,1,18,17,23,15,15,-0.217391,-5,0.2,3,0.2,3,36047018400,11214,0,133,139,115,-0.043165,-6,0.156522,18
184,2010,2,24,18,22,24,24,0.090909,2,0,0,0,0,36047018400,11214,0,151,125,116,0.208,26,0.301724,35
184,2010,3,22,24,13,23,23,0.692308,9,-0.043478,-1,-0.043478,-1,36047018400,11214,0,135,118,128,0.144068,17,0.054688,7
184,2010,4,16,22,26,27,27,-0.384615,-10,-0.407407,-11,-0.407407,-11,36047018400,11214,0,114,133,126,-0.142857,-19,-0.095238,-12
184,2010,5,27,16,29,30,30,-0.068966,-2,-0.1,-3,-0.1,-3,36047018400,11214,0,141,140,133,0.007143,1,0.06015,8
186,2001,0,23,23,23,23,23,0,0,0,0,0,0,36047018600,11214,0,107,107,107,0,0,0,0
186,2001,1,17,23,17,17,17,0,0,0,0,0,0,36047018600,11214,1,105,105,105,0,0,0,0
186,2001,2,18,17,18,18,18,0,0,0,0,0,0,36047018600,11214,1,111,111,111,0,0,0,0
186,2001,3,13,18,13,13,13,0,0,0,0,0,0,36047018600,11214,1,86,86,86,0,0,0,0
186,2001,4,23,13,23,23,23,0,0,0,0,0,0,36047018600,11214,0,93,93,93,0,0,0,0
186,2001,5,16,23,16,16,16,0,0,0,0,0,0,36047018600,11214,0,84,84,84,0,0,0,0
186,2002,0,26,26,23,26,26,0.130435,3,0,0,0,0,36047018600,11214,0,99,107,99,-0.074766,-8,0,0
186,2002,1,20,26,17,20,20,0.176471,3,0,0,0,0,36047018600,11214,0,116,105,116,0.104762,11,0,0
186,2002,2,19,20,18,19,19,0.055556,1,0,0,0,0,36047018600,11214,1,103,111,103,-0.072072,-8,0,0
186,2002,3,16,19,13,16,16,0.230769,3,0,0,0,0,36047018600,11214,0,119,86,119,0.383721,33,0,0
186,2002,4,12,16,23,12,12,-0.478261,-11,0,0,0,0,36047018600,11214,1,92,93,92,-0.010753,-1,0,0
186,2002,5,24,12,16,24,24,0.5,8,0,0,0,0,36047018600,11214,0,93,84,93,0.107143,9,0,0
186,2003,0,16,16,26,16,16,-0.384615,-10,0,0,0,0,36047018600,11214,1,116,99,116,0.171717,17,0,0
186,2003,1,25,16,20,25,25,0.25,5,0,0,0,0,36047018600,11214,0,99,116,99,-0.146552,-17,0,0
186,2003,2,21,25,19,21,21,0.105263,2,0,0,0,0,36047018600,11214,0,119,103,119,0.15534,16,0,0
186,2003,3,20,21,16,20,20,0.25,4,0,0,0,0,36047018600,11214,1,114,119,114,-0.042017,-5,0,0
186,2003,4,14,20,12,14,14,0.166667,2,0,0,0,0,36047018600,11214,1,113,92,113,0.228261,21,0,0
186,2003,5,12,14,24,12,12,-0.5,-12,0,0,0,0,36047018600,11214,1,99,93,99,0.064516,6,0,0
186,2004,0,20,20,16,23,23,0.25,4,-0.130435,-3,-0.130435,-3,36047018600,11214,1,93,116,107,-0.198276,-23,-0.130841,-14
186,2004,1,17,20,25,17,17,-0.32,-8,0,0,0,0,36047018600,11214,0,117,99,105,0.181818,18,0.114286,12
186,2004,2,24,17,21,18,18,0.142857,3,0.333333,6,0.333333,6,36047018600,11214,0,91,119,111,-0.235294,-28,-0.18018,-20
186,2004,3,18,24,20,13,13,-0.1,-2,0.384615,5,0.384615,5,36047018600,11214,0,125,114,86,0.096491,11,0.453488,39
186,2004,4,19,18,14,23,23,0.357143,5,-0.173913,-4,-0.173913,-4,36047018600,11214,1,117,113,93,0.035398,4,0.258065,24
186,2004,5,15,19,12,16,16,0.25,3,-0.0625,-1,-0.0625,-1,36047018600,11214,1,122,99,84,0.232323,23,0.452381,38
186,2005,0,19,19,20,26,26,-0.05,-1,-0.269231,-7,-0.269231,-7,36047018600,11214,1,107,93,99,0.150538,14,0.080808,8
186,2005,1,22,19,17,20,20,0.294118,5,0.1,2,0.1,2,36047018600,11214,1,101,117,116,-0.136752,-16,-0.12931,-15
186,2005,2,19,22,24,19,19,-0.208333,-5,0,0,0,0,36047018600,11214,0,114,91,103,0.252747,23,0.106796,11
186,2005,3,27,19,18,16,16,0.5,9,0.6875,11,0.6875,11,36047018600,11214,0,97,125,119,-0.224,-28,-0.184874,-22
186,2005,4,22,27,19,12,12,0.157895,3,0.833333,10,0.833333,10,36047018600,11214,0,124,117,92,0.059829,7,0.347826,32
186,2005,5,18,22,15,24,24,0.2,3,-0.25,-6,-0.25,-6,36047018600,11214,1,112,122,93,-0.081967,-10,0.204301,19
186,2006,0,27,27,19,16,16,0.421053,8,0.6875,11,0.6875,11,36047018600,11214,0,110,107,116,0.028037,3,-0.051724,-6
186,2006,1,17,27,22,25,25,-0.227273,-5,-0.32,-8,-0.32,-8,36047018600,11214,1,113,101,99,0.118812,12,0.141414,14
186,2006,2,19,17,19,21,21,0,0,-0.095238,-2,-0.095238,-2,36047018600,11214,1,96,114,119,-0.157895,-18,-0.193277,-23
186,2006,3,18,19,27,20,20,-0.333333,-9,-0.1,-2,-0.1,-2,36047018600,11214,0,109,97,114,0.123711,12,-0.04386,-5
186,2006,4,24,18,22,14,14,0.090909,2,0.714286,10,0.714286,10,36047018600,11214,0,109,124,113,-0.120968,-15,-0.035398,-4
186,2006,5,23,24,18,12,12,0.277778,5,0.916667,11,0.916667,11,36047018600,11214,0,123,112,99,0.098214,11,0.242424,24
186,2007,0,23,23,27,20,20,-0.148148,-4,0.15,3,0.15,3,36047018600,11214,1,103,110,93,-0.063636,-7,0.107527,10
186,2007,1,26,23,17,17,17,0.529412,9,0.529412,9,0.529412,9,36047018600,11214,0,112,113,117,-0.00885,-1,-0.042735,-5
186,2007,2,18,26,19,24,24,-0.052632,-1,-0.25,-6,-0.25,-6,36047018600,11214,1,125,96,91,0.302083,29,0.373626,34
186,2007,3,23,18,18,18,18,0.277778,5,0.277778,5,0.277778,5,36047018600,11214,0,107,109,125,-0.018349,-2,-0.144,-18
186,2007,4,19,23,24,19,19,-0.208333,-5,0,0,0,0,36047018600,11214,1,115,109,117,0.055046,6,-0.017094,-2
186,2007,5,22,19,23,15,15,-0.043478,-1,0.466667,7,0.466667,7,36047018600,11214,1,108,123,122,-0.121951,-15,-0.114754,-14
186,2008,0,19,19,23,19,19,-0.173913,-4,0,0,0,0,36047018600,11214,1,100,103,107,-0.029126,-3,-0.065421,-7
186,2008,1,26,19,26,22,22,0,0,0.181818,4,0.181818,4,36047018600,11214,1,114,112,101,0.017857,2,0.128713,13
186,2008,2,25,26,18,19,19,0.388889,7,0.315789,6,0.315789,6,36047018600,11214,0,112,125,114,-0.104,-13,-0.017544,-2
186,2008,3,19,25,23,27,27,-0.173913,-4,-0.296296,-8,-0.296296,-8,36047018600,11214,1,122,107,97,0.140187,15,0.257732,25
186,2008,4,25,19,19,22,22,0.315789,6,0.136364,3,0.136364,3,36047018600,11214,0,112,115,124,-0.026087,-3,-0.096774,-12
186,2008,5,21,25,22,18,18,-0.045455,-1,0.166667,3,0.166667,3,36047018600,11214,0,119,108,112,0.101852,11,0.0625,7
186,2009,0,30,30,19,27,27,0.578947,11,0.111111,3,0.111111,3,36047018600,11214,0,112,100,110,0.12,12,0.018182,2
186,2009,1,23,30,26,17,17,-0.115385,-3,0.352941,6,0.352941,6,36047018600,11214,0,113,114,113,-0.008772,-1,0,0
186,2009,2,27,23,25,19,19,0.08,2,0.421053,8,0.421053,8,36047018600,11214,0,128,112,96,0.142857,16,0.333333,32
186,2009,3,20,27,19,18,18,0.052632,1,0.111111,2,0.111111,2,36047018600,11214,0,126,122,109,0.032787,4,0.155963,17
186,2009,4,22,20,25,24,24,-0.12,-3,-0.083333,-2,-0.083333,-2,36047018600,11214,0,134,112,109,0.196429,22,0.229358,25
186,2009,5,27,22,21,23,23,0.285714,6,0.173913,4,0.173913,4,36047018600,11214,0,114,119,123,-0.042017,-5,-0.073171,-9
186,2010,0,23,23,30,23,23,-0.233333,-7,0,0,0,0,36047018600,11214,0,143,112,103,0.276786,31,0.38835,40
186,2010,1,30,23,23,26,26,0.304348,7,0.153846,4,0.153846,4,36047018600,11214,0,123,113,112,0.088496,10,0.098214,11
186,2010,2,21,30,27,18,18,-0.222222,-6,0.166667,3,0.166667,3,36047018600,11214,0,118,128,125,-0.078125,-10,-0.056,-7
186,2010,3,30,21,20,23,23,0.5,10,0.304348,7,0.304348,7,36047018600,11214,0,142,126,107,0.126984,16,0.327103,35
186,2010,4,25,30,22,19,19,0.136364,3,0.315789,6,0.315789,6,36047018600,11214,0,121,134,115,-0.097015,-13,0.052174,6
186,2010,5,20,25,27,22,22,-0.259259,-7,-0.090909,-2,-0.090909,-2,36047018600,11214,0,149,114,108,0.307018,35,0.37963,41
188,2001,0,11,11,11,11,11,0,0,0,0,0,0,36047018800,11204,1,153,153,153,0,0,0,0
188,2001,1,19,11,19,19,19,0,0,0,0,0,0,36047018800,11204,0,141,141,141,0,0,0,0
188,2001,2,28,19,28,28,28,0,0,0,0,0,0,36047018800,11204,0,137,137,137,0,0,0,0
188,2001,3,19,28,19,19,19,0,0,0,0,0,0,36047018800,11204,1,122,122,122,0,0,0,0
188,2001,4,16,19,16,16,16,0,0,0,0,0,0,36047018800,11204,1,144,144,144,0,0,0,0
188,2001,5,22,16,22,22,22,0,0,0,0,0,0,36047018800,11204,0,130,130,130,0,0,0,0
188,2002,0,12,12,11,12,12,0.090909,1,0,0,0,0,36047018800,11204,1,143,153,143,-0.065359,-10,0,0
188,2002,1,17,12,19,17,17,-0.105263,-2,0,0,0,0,36047018800,11204,1,158,141,158,0.120567,17,0,0
188,2002,2,21,17,28,21,21,-0.25,-7,0,0,0,0,36047018800,11204,0,142,137,142,0.036496,5,0,0
188,2002,3,29,21,19,29,29,0.526316,10,0,0,0,0,36047018800,11204,0,138,122,138,0.131148,16,0,0
188,2002,4,19,29,16,19,19,0.1875,3,0,0,0,0,36047018800,11204,1,121,144,121,-0.159722,-23,0,0
188,2002,5,20,19,22,20,20,-0.090909,-2,0,0,0,0,36047018800,11204,1,143,130,143,0.1,13,0,0
188,2003,0,18,18,12,18,18,0.5,6,0,0,0,0,36047018800,11204,1,131,143,131,-0.083916,-12,0,0
188,2003,1,13,18,17,13,13,-0.235294,-4,0,0,0,0,36047018800,11204,1,143,158,143,-0.094937,-15,0,0
188,2003,2,19,13,21,19,19,-0.095238,-2,0,0,0,0,36047018800,11204,0,155,142,155,0.091549,13,0,0
188,2003,3,25,19,29,25,25,-0.137931,-4,0,0,0,0,36047018800,11204,0,153,138,153,0.108696,15,0,0
188,2003,4,27,25,19,27,27,0.421053,8,0,0,0,0,36047018800,11204,0,130,121,130,0.07438,9,0,0
188,2003,5,23,27,20,23,23,0.15,3,0,0,0,0,36047018800,11204,0,117,143,117,-0.181818,-26,0,0
188,2004,0,16,16,18,11,11,-0.111111,-2,0.454545,5,0.454545,5,36047018800,11204,0,131,131,153,0,0,-0.143791,-22
188,2004,1,21,16,13,19,19,0.615385,8,0.105263,2,0.105263,2,36047018800,11204,1,132,143,141,-0.076923,-11,-0.06383,-9
188,2004,2,10,21,19,28,28,-0.473684,-9,-0.642857,-18,-0.642857,-18,36047018800,11204,1,139,155,137,-0.103226,-16,0.014599,2
188,2004,3,26,10,25,19,19,0.04,1,0.368421,7,0.368421,7,36047018800,11204,0,156,153,122,0.019608,3,0.278689,34
188,2004,4,25,26,27,16,16,-0.074074,-2,0.5625,9,0.5625,9,36047018800,11204,0,151,130,144,0.161538,21,0.048611,7
188,2004,5,27,25,23,22,22,0.173913,4,0.227273,5,0.227273,5,36047018800,11204,0,147,117,130,0.25641,30,0.130769,17
188,2005,0,21,21,16,12,12,0.3125,5,0.75,9,0.75,9,36047018800,11204,0,129,131,143,-0.015267,-2,-0.097902,-14
188,2005,1,17,21,21,17,17,-0.190476,-4,0,0,0,0,36047018800,11204,0,126,132,158,-0.045455,-6,-0.202532,-32
188,2005,2,20,17,10,21,21,1,10,-0.047619,-1,-0.047619,-1,36047018800,11204,1,139,139,142,0,0,-0.021127,-3
188,2005,3,9,20,26,29,29,-0.653846,-17,-0.689655,-20,-0.689655,-20,36047018800,11204,1,140,156,138,-0.102564,-16,0.014493,2
188,2005,4,24,9,25,19,19,-0.04,-1,0.263158,5,0.263158,5,36047018800,11204,0,156,151,121,0.033113,5,0.289256,35
188,2005,5,20,24,27,20,20,-0.259259,-7,0,0,0,0,36047018800,11204,0,149,147,143,0.013605,2,0.041958,6
188,2006,0,18,18,21,18,18,-0.142857,-3,0,0,0,0,36047018800,11204,0,154,129,131,0.193798,25,0.175573,23
188,2006,1,25,18,17,13,13,0.470588,8,0.923077,12,0.923077,12,36047018800,11204,0,134,126,143,0.063492,8,-0.062937,-9
188,2006,2,16,25,20,19,19,-0.2,-4,-0.157895,-3,-0.157895,-3,36047018800,11204,1,126,139,155,-0.093525,-13,-0.187097,-29
188,2006,3,17,16,9,25,25,0.888889,8,-0.32,-8,-0.32,-8,36047018800,11204,1,143,140,153,0.021429,3,-0.065359,-10
188,2006,4,16,17,24,27,27,-0.333333,-8,-0.407407,-11,-0.407407,-11,36047018800,11204,0,138,156,130,-0.115385,-18,0.061538,8
188,2006,5,22,16,20,23,23,0.1,2,-0.043478,-1,-0.043478,-1,36047018800,11204,0,152,149,117,0.020134,3,0.299145,35
188,2007,0,22,22,18,16,16,0.222222,4,0.375,6,0.375,6,36047018800,11204,0,154,154,131,0,0,0.175573,23
188,2007,1,19,22,25,21,21,-0.24,-6,-0.095238,-2,-0.095238,-2,36047018800,11204,0,159,134,132,0.186567,25,0.204545,27
188,2007,2,27,19,16,10,10,0.6875,11,1.7,17,1.7,17,36047018800,11204,0,143,126,139,0.134921,17,0.028777,4
188,2007,3,16,27,17,26,26,-0.058824,-1,-0.384615,-10,-0.384615,-10,36047018800,11204,1,135,143,156,-0.055944,-8,-0.134615,-21
188,2007,4,21,16,16,25,25,0.3125,5,-0.16,-4,-0.16,-4,36047018800,11204,1,148,138,151,0.072464,10,-0.019868,-3
188,2007,5,13,21,22,27,27,-0.409091,-9,-0.518519,-14,-0.518519,-14,36047018800,11204,1,135,152,147,-0.111842,-17,-0.081633,-12
188,2008,0,17,17,22,21,21,-0.227273,-5,-0.190476,-4,-0.190476,-4,36047018800,11204,1,133,154,129,-0.136364,-21,0.031008,4
188,2008,1,23,17,19,17,17,0.210526,4,0.352941,6,0.352941,6,36047018800,11204,0,158,159,126,-0.006289,-1,0.253968,32
188,2008,2,19,23,27,20,20,-0.296296,-8,-0.05,-1,-0.05,-1,36047018800,11204,0,161,143,139,0.125874,18,0.158273,22
188,2008,3,27,19,16,9,9,0.6875,11,2,18,2,18,36047018800,11204,1,145,135,140,0.074074,10,0.035714,5
188,2008,4,16,27,21,24,24,-0.238095,-5,-0.333333,-8,-0.333333,-8,36047018800,11204,1,137,148,156,-0.074324,-11,-0.121795,-19
188,2008,5,22,16,13,20,20,0.692308,9,0.1,2,0.1,2,36047018800,11204,0,153,135,149,0.133333,18,0.026846,4
188,2009,0,19,19,17,18,18,0.117647,2,0.055556,1,0.055556,1,36047018800,11204,0,154,133,154,0.157895,21,0,0
188,2009,1,20,19,23,25,25,-0.130435,-3,-0.2,-5,-0.2,-5,36047018800,11204,0,154,158,134,-0.025316,-4,0.149254,20
188,2009,2,29,20,19,16,16,0.526316,10,0.8125,13,0.8125,13,36047018800,11204,0,172,161,126,0.068323,11,0.365079,46
188,2009,3,22,29,27,17,17,-0.185185,-5,0.294118,5,0.294118,5,36047018800,11204,0,165,145,143,0.137931,20,0.153846,22
188,2009,4,28,22,16,16,16,0.75,12,0.75,12,0.75,12,36047018800,11204,0,166,137,138,0.211679,29,0.202899,28
188,2009,5,16,28,22,22,22,-0.272727,-6,-0.272727,-6,-0.272727,-6,36047018800,11204,0,157,153,152,0.026144,4,0.032895,5
188,2010,0,33,33,19,22,22,0.736842,14,0.5,11,0.5,11,36047018800,11204,0,158,154,154,0.025974,4,0.025974,4
188,2010,1,19,33,20,19,19,-0.05,-1,0,0,0,0,36047018800,11204,0,167,154,159,0.084416,13,0.050314,8
188,2010,2,15,19,29,27,27,-0.482759,-14,-0.444444,-12,-0.444444,-12,36047018800,11204,0,150,172,143,-0.127907,-22,0.048951,7
188,2010,3,32,15,22,16,16,0.454545,10,1,16,1,16,36047018800,11204,0,193,165,135,0.169697,28,0.42963,58
188,2010,4,19,32,28,21,21,-0.321429,-9,-0.095238,-2,-0.095238,-2,36047018800,11204,0,166,166,148,0,0,0.121622,18
188,2010,5,24,19,16,13,13,0.5,8,0.846154,11,0.846154,11,36047018800,11204,0,182,157,135,0.159236,25,0.348148,47
190,2001,0,45,45,45,45,45,0,0,0,0,0,0,36047019000,11204,0,103,103,103,0,0,0,0
190,2001,1,45,45,45,45,45,0,0,0,0,0,0,36047019000,11204,0,125,125,125,0,0,0,0
190,2001,2,42,45,42,42,42,0,0,0,0,0,0,36047019000,11204,1,147,147,147,0,0,0,0
190,2001,3,43,42,43,43,43,0,0,0,0,0,0,36047019000,11204,1,122,122,122,0,0,0,0
190,2001,4,43,43,43,43,43,0,0,0,0,0,0,36047019000,11204,0,132,132,132,0,0,0,0
190,2001,5,54,43,54,54,54,0,0,0,0,0,0,36047019000,11204,0,139,139,139,0,0,0,0
190,2002,0,36,36,45,36,36,-0.2,-9,0,0,0,0,36047019000,11204,1,102,103,102,-0.009709,-1,0,0
190,2002,1,51,36,45,51,51,0.133333,6,0,0,0,0,36047019000,11204,0,126,125,126,0.008,1,0,0
190,2002,2,45,51,42,45,45,0.071429,3,0,0,0,0,36047019000,11204,0,131,147,131,-0.108844,-16,0,0
190,2002,3,39,45,43,39,39,-0.093023,-4,0,0,0,0,36047019000,11204,1,157,122,157,0.286885,35,0,0
190,2002,4,33,39,43,33,33,-0.232558,-10,0,0,0,0,36047019000,11204,1,131,132,131,-0.007576,-1,0,0
190,2002,5,44,33,54,44,44,-0.185185,-10,0,0,0,0,36047019000,11204,0,134,139,134,-0.035971,-5,0,0
190,2003,0,33,33,36,33,33,-0.083333,-3,0,0,0,0,36047019000,11204,1,123,102,123,0.205882,21,0,0
190,2003,1,39,33,51,39,39,-0.235294,-12,0,0,0,0,36047019000,11204,0,111,126,111,-0.119048,-15,0,0
190,2003,2,46,39,45,46,46,0.022222,1,0,0,0,0,36047019000,11204,0,128,131,128,-0.022901,-3,0,0
190,2003,3,48,46,39,48,48,0.230769,9,0,0,0,0,36047019000,11204,0,137,157,137,-0.127389,-20,0,0
190,2003,4,39,48,33,39,39,0.181818,6,0,0,0,0,36047019000,11204,0,152,131,152,0.160305,21,0,0
190,2003,5,29,39,44,29,29,-0.340909,-15,0,0,0,0,36047019000,11204,1,144,134,144,0.074627,10,0,0
190,2004,0,40,40,33,45,45,0.212121,7,-0.111111,-5,-0.111111,-5,36047019000,11204,0,114,123,103,-0.073171,-9,0.106796,11
190,2004,1,36,40,39,45,45,-0.076923,-3,-0.2,-9,-0.2,-9,36047019000,11204,1,128,111,125,0.153153,17,0.024,3
190,2004,2,38,36,46,42,42,-0.173913,-8,-0.095238,-4,-0.095238,-4,36047019000,11204,0,106,128,147,-0.171875,-22,-0.278912,-41
190,2004,3,48,38,48,43,43,0,0,0.116279,5,0.116279,5,36047019000,11204,0,119,137,122,-0.131387,-18,-0.02459,-3
190,2004,4,49,48,39,43,43,0.25641,10,0.139535,6,0.139535,6,36047019000,11204,0,132,152,132,-0.131579,-20,0,0
190,2004,5,44,49,29,54,54,0.517241,15,-0.185185,-10,-0.185185,-10,36047019000,11204,0,156,144,139,0.083333,12,0.122302,17
190,2005,0,41,41,40,36,36,0.025,1,0.138889,5,0.138889,5,36047019000,11204,1,108,114,102,-0.052632,-6,0.058824,6
190,2005,1,35,41,36,51,51,-0.027778,-1,-0.313725,-16,-0.313725,-16,36047019000,11204,1,110,128,126,-0.140625,-18,-0.126984,-16
190,2005,2,37,35,38,45,45,-0.026316,-1,-0.177778,-8,-0.177778,-8,36047019000,11204,1,128,106,131,0.207547,22,-0.022901,-3
190,2005,3,31,37,48,39,39,-0.354167,-17,-0.205128,-8,-0.205128,-8,36047019000,11204,1,106,119,157,-0.109244,-13,-0.324841,-51
190,2005,4,41,31,49,33,33,-0.163265,-8,0.242424,8,0.242424,8,36047019000,11204,0,118,132,131,-0.106061,-14,-0.099237,-13
190,2005,5,43,41,44,44,44,-0.022727,-1,-0.022727,-1,-0.022727,-1,36047019000,11204,0,140,156,134,-0.102564,-16,0.044776,6
190,2006,0,41,41,41,33,33,0,0,0.242424,8,0.242424,8,36047019000,11204,0,124,108,123,0.148148,16,0.00813,1
190,2006,1,45,41,35,39,39,0.285714,10,0.153846,6,0.153846,6,36047019000,11204,1,120,110,111,0.090909,10,0.081081,9
190,2006,2,39,45,37,46,46,0.054054,2,-0.152174,-7,-0.152174,-7,36047019000,11204,1,115,128,128,-0.101563,-13,-0.101563,-13
190,2006,3,41,39,31,48,48,0.322581,10,-0.145833,-7,-0.145833,-7,36047019000,11204,1,122,106,137,0.150943,16,-0.109489,-15
190,2006,4,31,41,41,39,39,-0.243902,-10,-0.205128,-8,-0.205128,-8,36047019000,11204,1,111,118,152,-0.059322,-7,-0.269737,-41
190,2006,5,36,31,43,29,29,-0.162791,-7,0.241379,7,0.241379,7,36047019000,11204,1,117,140,144,-0.164286,-23,-0.1875,-27
190,2007,0,54,54,41,40,40,0.317073,13,0.35,14,0.35,14,36047019000,11204,0,123,124,114,-0.008065,-1,0.078947,9
190,2007,1,47,54,45,36,36,0.044444,2,0.305556,11,0.305556,11,36047019000,11204,0,129,120,128,0.075,9,0.007813,1
190,2007,2,45,47,39,38,38,0.153846,6,0.184211,7,0.184211,7,36047019000,11204,1,125,115,106,0.086957,10,0.179245,19
190,2007,3,38,45,41,48,48,-0.073171,-3,-0.208333,-10,-0.208333,-10,36047019000,11204,1,105,122,119,-0.139344,-17,-0.117647,-14
190,2007,4,43,38,31,49,49,0.387097,12,-0.122449,-6,-0.122449,-6,36047019000,11204,1,122,111,132,0.099099,11,-0.075758,-10
190,2007,5,29,43,36,44,44,-0.194444,-7,-0.340909,-15,-0.340909,-15,36047019000,11204,1,103,117,156,-0.119658,-14,-0.339744,-53
190,2008,0,40,40,54,41,41,-0.259259,-14,-0.02439,-1,-0.02439,-1,36047019000,11204,1,129,123,108,0.04878,6,0.194444,21
190,2008,1,52,40,47,35,35,0.106383,5,0.485714,17,0.485714,17,36047019000,11204,0,125,129,110,-0.031008,-4,0.136364,15
190,2008,2,48,52,45,37,37,0.066667,3,0.297297,11,0.297297,11,36047019000,11204,0,137,125,128,0.096,12,0.070313,9
190,2008,3,48,48,38,31,31,0.263158,10,0.548387,17,0.548387,17,36047019000,11204,1,136,105,106,0.295238,31,0.283019,30
190,2008,4,35,48,43,41,41,-0.186047,-8,-0.146341,-6,-0.146341,-6,36047019000,11204,1,109,122,118,-0.106557,-13,-0.076271,-9
190,2008,5,42,35,29,43,43,0.448276,13,-0.023256,-1,-0.023256,-1,36047019000,11204,1,138,103,140,0.339806,35,-0.014286,-2
190,2009,0,45,45,40,41,41,0.125,5,0.097561,4,0.097561,4,36047019000,11204,0,178,129,124,0.379845,49,0.435484,54
190,2009,1,46,45,52,45,45,-0.115385,-6,0.022222,1,0.022222,1,36047019000,11204,0,147,125,120,0.176,22,0.225,27
190,2009,2,58,46,48,39,39,0.208333,10,0.487179,19,0.487179,19,36047019000,11204,0,146,137,115,0.065693,9,0.269565,31
190,2009,3,53,58,48,41,41,0.104167,5,0.292683,12,0.292683,12,36047019000,11204,0,156,136,122,0.147059,20,0.278689,34
190,2009,4,57,53,35,31,31,0.628571,22,0.83871,26,0.83871,26,36047019000,11204,0,164,109,111,0.504587,55,0.477477,53
190,2009,5,44,57,42,36,36,0.047619,2,0.222222,8,0.222222,8,36047019000,11204,0,138,138,117,0,0,0.179487,21
190,2010,0,52,52,45,54,54,0.155556,7,-0.037037,-2,-0.037037,-2,36047019000,11204,0,148,178,123,-0.168539,-30,0.203252,25
190,2010,1,50,52,46,47,47,0.086957,4,0.06383,3,0.06383,3,36047019000,11204,0,171,147,129,0.163265,24,0.325581,42
190,2010,2,42,50,58,45,45,-0.275862,-16,-0.066667,-3,-0.066667,-3,36047019000,11204,0,150,146,125,0.027397,4,0.2,25
190,2010,3,63,42,53,38,38,0.188679,10,0.657895,25,0.657895,25,36047019000,11204,0,160,156,105,0.025641,4,0.52381,55
190,2010,4,49,63,57,43,43,-0.140351,-8,0.139535,6,0.139535,6,36047019000,11204,0,160,164,122,-0.02439,-4,0.311475,38
190,2010,5,58,49,44,29,29,0.318182,14,1,29,1,29,36047019000,11204,0,172,138,103,0.246377,34,0.669903,69
192,2001,0,19,19,19,19,19,0,0,0,0,0,0,36047019200,11219,0,76,76,76,0,0,0,0
192,2001,1,15,19,15,15,15,0,0,0,0,0,0,36047019200,11219,0,90,90,90,0,0,0,0
192,2001,2,22,15,22,22,22,0,0,0,0,0,0,36047019200,11219,0,95,95,95,0,0,0,0
192,2001,3,18,22,18,18,18,0,0,0,0,0,0,36047019200,11219,0,80,80,80,0,0,0,0
192,2001,4,11,18,11,11,11,0,0,0,0,0,0,36047019200,11219,1,93,93,93,0,0,0,0
192,2001,5,19,11,19,19,19,0,0,0,0,0,0,36047019200,11219,0,82,82,82,0,0,0,0
192,2002,0,15,15,19,15,15,-0.210526,-4,0,0,0,0,36047019200,11219,1,78,76,78,0.026316,2,0,0
192,2002,1,19,15,15,19,19,0.266667,4,0,0,0,0,36047019200,11219,0,78,90,78,-0.133333,-12,0,0
192,2002,2,18,19,22,18,18,-0.181818,-4,0,0,0,0,36047019200,11219,0,83,95,83,-0.126316,-12,0,0
192,2002,3,27,18,18,27,27,0.5,9,0,0,0,0,36047019200,11219,0,92,80,92,0.15,12,0,0
192,2002,4,19,27,11,19,19,0.727273,8,0,0,0,0,36047019200,11219,1,77,93,77,-0.172043,-16,0,0
192,2002,5,14,19,19,14,14,-0.263158,-5,0,0,0,0,36047019200,11219,1,87,82,87,0.060976,5,0,0
192,2003,0,16,16,15,16,16,0.066667,1,0,0,0,0,36047019200,11219,0,85,78,85,0.089744,7,0,0
192,2003,1,12,16,19,12,12,-0.368421,-7,0,0,0,0,36047019200,11219,1,84,78,84,0.076923,6,0,0
192,2003,2,21,12,18,21,21,0.166667,3,0,0,0,0,36047019200,11219,0,83,83,83,0,0,0,0
192,2003,3,17,21,27,17,17,-0.37037,-10,0,0,0,0,36047019200,11219,0,79,92,79,-0.141304,-13,0,0
192,2003,4,25,17,19,25,25,0.315789,6,0,0,0,0,36047019200,11219,0,95,77,95,0.233766,18,0,0
192,2003,5,15,25,14,15,15,0.071429,1,0,0,0,0,36047019200,11219,1,82,87,82,-0.057471,-5,0,0
192,2004,0,20,20,16,19,19,0.25,4,0.052632,1,0.052632,1,36047019200,11219,0,81,85,76,-0.047059,-4,0.065789,5
192,2004,1,16,20,12,15,15,0.333333,4,0.066667,1,0.066667,1,36047019200,11219,0,92,84,90,0.095238,8,0.022222,2
192,2004,2,12,16,21,22,22,-0.428571,-9,-0.454545,-10,-0.454545,-10,36047019200,11219,1,82,83,95,-0.012048,-1,-0.136842,-13
192,2004,3,19,12,17,18,18,0.117647,2,0.055556,1,0.055556,1,36047019200,11219,0,70,79,80,-0.113924,-9,-0.125,-10
192,2004,4,22,19,25,11,11,-0.12,-3,1,11,1,11,36047019200,11219,0,81,95,93,-0.147368,-14,-0.129032,-12
192,2004,5,22,22,15,19,19,0.466667,7,0.157895,3,0.157895,3,36047019200,11219,0,89,82,82,0.085366,7,0.085366,7
192,2005,0,6,6,20,15,15,-0.7,-14,-0.6,-9,-0.6,-9,36047019200,11219,1,75,81,78,-0.074074,-6,-0.038462,-3
192,2005,1,24,6,16,19,19,0.5,8,0.263158,5,0.263158,5,36047019200,11219,0,75,92,78,-0.184783,-17,-0.038462,-3
192,2005,2,17,24,12,18,18,0.416667,5,-0.055556,-1,-0.055556,-1,36047019200,11219,0,87,82,83,0.060976,5,0.048193,4
192,2005,3,11,17,19,27,27,-0.421053,-8,-0.592593,-16,-0.592593,-16,36047019200,11219,1,87,70,92,0.242857,17,-0.054348,-5
192,2005,4,21,11,22,19,19,-0.045455,-1,0.105263,2,0.105263,2,36047019200,11219,0,67,81,77,-0.17284,-14,-0.12987,-10
192,2005,5,23,21,22,14,14,0.045455,1,0.642857,9,0.642857,9,36047019200,11219,0,87,89,87,-0.022472,-2,0,0
192,2006,0,10,10,6,16,16,0.666667,4,-0.375,-6,-0.375,-6,36047019200,11219,1,82,75,85,0.093333,7,-0.035294,-3
192,2006,1,6,10,24,12,12,-0.75,-18,-0.5,-6,-0.5,-6,36047019200,11219,1,82,75,84,0.093333,7,-0.02381,-2
192,2006,2,21,6,17,21,21,0.235294,4,0,0,0,0,36047019200,11219,0,82,87,83,-0.057471,-5,-0.012048,-1
192,2006,3,16,21,11,17,17,0.454545,5,-0.058824,-1,-0.058824,-1,36047019200,11219,0,98,87,79,0.126437,11,0.240506,19
192,2006,4,12,16,21,25,25,-0.428571,-9,-0.52,-13,-0.52,-13,36047019200,11219,1,87,67,95,0.298507,20,-0.084211,-8
192,2006,5,19,12,23,15,15,-0.173913,-4,0.266667,4,0.266667,4,36047019200,11219,0,76,87,82,-0.126437,-11,-0.073171,-6
192,2007,0,13,13,10,20,20,0.3,3,-0.35,-7,-0.35,-7,36047019200,11219,1,75,82,81,-0.085366,-7,-0.074074,-6
192,2007,1,13,13,6,16,16,1.166667,7,-0.1875,-3,-0.1875,-3,36047019200,11219,1,85,82,92,0.036585,3,-0.076087,-7
192,2007,2,9,13,21,12,12,-0.571429,-12,-0.25,-3,-0.25,-3,36047019200,11219,1,80,82,82,-0.02439,-2,-0.02439,-2
192,2007,3,23,9,16,19,19,0.4375,7,0.210526,4,0.210526,4,36047019200,11219,0,81,98,70,-0.173469,-17,0.157143,11
192,2007,4,15,23,12,22,22,0.25,3,-0.318182,-7,-0.318182,-7,36047019200,11219,0,102,87,81,0.172414,15,0.259259,21
192,2007,5,12,15,19,22,22,-0.368421,-7,-0.454545,-10,-0.454545,-10,36047019200,11219,1,79,76,89,0.039474,3,-0.11236,-10
192,2008,0,18,18,13,6,6,0.384615,5,2,12,2,12,36047019200,11219,1,85,75,75,0.133333,10,0.133333,10
192,2008,1,14,18,13,24,24,0.076923,1,-0.416667,-10,-0.416667,-10,36047019200,11219,1,69,85,75,-0.188235,-16,-0.08,-6
192,2008,2,13,14,9,17,17,0.444444,4,-0.235294,-4,-0.235294,-4,36047019200,11219,1,85,80,87,0.0625,5,-0.022989,-2
192,2008,3,9,13,23,11,11,-0.608696,-14,-0.181818,-2,-0.181818,-2,36047019200,11219,1,73,81,87,-0.098765,-8,-0.16092,-14
192,2008,4,20,9,15,21,21,0.333333,5,-0.047619,-1,-0.047619,-1,36047019200,11219,0,85,102,67,-0.166667,-17,0.268657,18
192,2008,5,12,20,12,23,23,0,0,-0.478261,-11,-0.478261,-11,36047019200,11219,1,103,79,87,0.303797,24,0.183908,16
192,2009,0,22,22,18,10,10,0.222222,4,1.2,12,1.2,12,36047019200,11219,0,129,85,82,0.517647,44,0.573171,47
192,2009,1,16,22,14,6,6,0.142857,2,1.666667,10,1.666667,10,36047019200,11219,0,106,69,82,0.536232,37,0.292683,24
192,2009,2,15,16,13,21,21,0.153846,2,-0.285714,-6,-0.285714,-6,36047019200,11219,0,85,85,82,0,0,0.036585,3
192,2009,3,13,15,9,16,16,0.444444,4,-0.1875,-3,-0.1875,-3,36047019200,11219,0,88,73,98,0.205479,15,-0.102041,-10
192,2009,4,13,13,20,12,12,-0.35,-7,0.083333,1,0.083333,1,36047019200,11219,0,97,85,87,0.141176,12,0.114943,10
192,2009,5,15,13,12,19,19,0.25,3,-0.210526,-4,-0.210526,-4,36047019200,11219,0,102,103,76,-0.009709,-1,0.342105,26
192,2010,0,22,22,22,13,13,0,0,0.692308,9,0.692308,9,36047019200,11219,0,122,129,75,-0.054264,-7,0.626667,47
192,2010,1,23,22,16,13,13,0.4375,7,0.769231,10,0.769231,10,36047019200,11219,0,127,106,85,0.198113,21,0.494118,42
192,2010,2,17,23,15,9,9,0.133333,2,0.888889,8,0.888889,8,36047019200,11219,0,107,85,80,0.258824,22,0.3375,27
192,2010,3,19,17,13,23,23,0.461538,6,-0.173913,-4,-0.173913,-4,36047019200,11219,0,89,88,81,0.011364,1,0.098765,8
192,2010,4,15,19,13,15,15,0.153846,2,0,0,0,0,36047019200,11219,0,90,97,102,-0.072165,-7,-0.117647,-12
192,2010,5,16,15,15,12,12,0.066667,1,0.333333,4,0.333333,4,36047019200,11219,0,97,102,79,-0.04902,-5,0.227848,18
194,2001,0,25,25,25,25,25,0,0,0,0,0,0,36047019400,11219,1,146,146,146,0,0,0,0
194,2001,1,25,25,25,25,25,0,0,0,0,0,0,36047019400,11219,1,161,161,161,0,0,0,0
194,2001,2,36,25,36,36,36,0,0,0,0,0,0,36047019400,11219,0,185,185,185,0,0,0,0
194,2001,3,26,36,26,26,26,0,0,0,0,0,0,36047019400,11219,0,154,154,154,0,0,0,0
194,2001,4,32,26,32,32,32,0,0,0,0,0,0,36047019400,11219,1,156,156,156,0,0,0,0
194,2001,5,30,32,30,30,30,0,0,0,0,0,0,36047019400,11219,0,188,188,188,0,0,0,0
194,2002,0,37,37,25,37,37,0.48,12,0,0,0,0,36047019400,11219,0,138,146,138,-0.054795,-8,0,0
194,2002,1,32,37,25,32,32,0.28,7,0,0,0,0,36047019400,11219,0,159,161,159,-0.012422,-2,0,0
194,2002,2,25,32,36,25,25,-0.305556,-11,0,0,0,0,36047019400,11219,1,163,185,163,-0.118919,-22,0,0
194,2002,3,37,25,26,37,37,0.423077,11,0,0,0,0,36047019400,11219,0,190,154,190,0.233766,36,0,0
194,2002,4,23,37,32,23,23,-0.28125,-9,0,0,0,0,36047019400,11219,0,150,156,150,-0.038462,-6,0,0
194,2002,5,31,23,30,31,31,0.033333,1,0,0,0,0,36047019400,11219,1,161,188,161,-0.143617,-27,0,0
194,2003,0,31,31,37,31,31,-0.162162,-6,0,0,0,0,36047019400,11219,0,135,138,135,-0.021739,-3,0,0
194,2003,1,39,31,32,39,39,0.21875,7,0,0,0,0,36047019400,11219,0,142,159,142,-0.106918,-17,0,0
194,2003,2,32,39,25,32,32,0.28,7,0,0,0,0,36047019400,11219,0,155,163,155,-0.04908,-8,0,0
194,2003,3,22,32,37,22,22,-0.405405,-15,0,0,0,0,36047019400,11219,1,166,190,166,-0.126316,-24,0,0
194,2003,4,40,22,23,40,40,0.73913,17,0,0,0,0,36047019400,11219,0,184,150,184,0.226667,34,0,0
194,2003,5,24,40,31,24,24,-0.225806,-7,0,0,0,0,36047019400,11219,0,155,161,155,-0.037267,-6,0,0
194,2004,0,28,28,31,25,25,-0.096774,-3,0.12,3,0.12,3,36047019400,11219,0,164,135,146,0.214815,29,0.123288,18
194,2004,1,34,28,39,25,25,-0.128205,-5,0.36,9,0.36,9,36047019400,11219,0,147,142,161,0.035211,5,-0.086957,-14
194,2004,2,34,34,32,36,36,0.0625,2,-0.055556,-2,-0.055556,-2,36047019400,11219,0,138,155,185,-0.109677,-17,-0.254054,-47
194,2004,3,24,34,22,26,26,0.090909,2,-0.076923,-2,-0.076923,-2,36047019400,11219,1,151,166,154,-0.090361,-15,-0.019481,-3
194,2004,4,21,24,40,32,32,-0.475,-19,-0.34375,-11,-0.34375,-11,36047019400,11219,1,172,184,156,-0.065217,-12,0.102564,16
194,2004,5,39,21,24,30,30,0.625,15,0.3,9,0.3,9,36047019400,11219,0,184,155,188,0.187097,29,-0.021277,-4
194,2005,0,21,21,28,37,37,-0.25,-7,-0.432432,-16,-0.432432,-16,36047019400,11219,0,159,164,138,-0.030488,-5,0.152174,21
194,2005,1,25,21,34,32,32,-0.264706,-9,-0.21875,-7,-0.21875,-7,36047019400,11219,0,160,147,159,0.088435,13,0.006289,1
194,2005,2,32,25,34,25,25,-0.058824,-2,0.28,7,0.28,7,36047019400,11219,0,149,138,163,0.07971,11,-0.08589,-14
194,2005,3,31,32,24,37,37,0.291667,7,-0.162162,-6,-0.162162,-6,36047019400,11219,0,128,151,190,-0.152318,-23,-0.326316,-62
194,2005,4,20,31,21,23,23,-0.047619,-1,-0.130435,-3,-0.130435,-3,36047019400,11219,1,150,172,150,-0.127907,-22,0,0
194,2005,5,25,20,39,31,31,-0.358974,-14,-0.193548,-6,-0.193548,-6,36047019400,11219,1,186,184,161,0.01087,2,0.15528,25
194,2006,0,22,22,21,31,31,0.047619,1,-0.290323,-9,-0.290323,-9,36047019400,11219,1,162,159,135,0.018868,3,0.2,27
194,2006,1,23,22,25,39,39,-0.08,-2,-0.410256,-16,-0.410256,-16,36047019400,11219,0,169,160,142,0.05625,9,0.190141,27
194,2006,2,23,23,32,32,32,-0.28125,-9,-0.28125,-9,-0.28125,-9,36047019400,11219,1,178,149,155,0.194631,29,0.148387,23
194,2006,3,33,23,31,22,22,0.064516,2,0.5,11,0.5,11,36047019400,11219,0,151,128,166,0.179688,23,-0.090361,-15
194,2006,4,32,33,20,40,40,0.6,12,-0.2,-8,-0.2,-8,36047019400,11219,0,129,150,184,-0.14,-21,-0.298913,-55
194,2006,5,19,32,25,24,24,-0.24,-6,-0.208333,-5,-0.208333,-5,36047019400,11219,1,148,186,155,-0.204301,-38,-0.045161,-7
194,2007,0,21,21,22,28,28,-0.045455,-1,-0.25,-7,-0.25,-7,36047019400,11219,1,172,162,164,0.061728,10,0.04878,8
194,2007,1,23,21,23,34,34,0,0,-0.323529,-11,-0.323529,-11,36047019400,11219,1,182,169,147,0.076923,13,0.238095,35
194,2007,2,26,23,23,34,34,0.130435,3,-0.235294,-8,-0.235294,-8,36047019400,11219,1,173,178,138,-0.02809,-5,0.253623,35
194,2007,3,27,26,33,24,24,-0.181818,-6,0.125,3,0.125,3,36047019400,11219,0,170,151,151,0.125828,19,0.125828,19
194,2007,4,32,27,32,21,21,0,0,0.52381,11,0.52381,11,36047019400,11219,1,156,129,172,0.209302,27,-0.093023,-16
194,2007,5,28,32,19,39,39,0.473684,9,-0.282051,-11,-0.282051,-11,36047019400,11219,1,117,148,184,-0.209459,-31,-0.36413,-67
194,2008,0,35,35,21,21,21,0.666667,14,0.666667,14,0.666667,14,36047019400,11219,0,166,172,159,-0.034884,-6,0.044025,7
194,2008,1,24,35,23,25,25,0.043478,1,-0.04,-1,-0.04,-1,36047019400,11219,1,178,182,160,-0.021978,-4,0.1125,18
194,2008,2,26,24,26,32,32,0,0,-0.1875,-6,-0.1875,-6,36047019400,11219,1,185,173,149,0.069364,12,0.241611,36
194,2008,3,28,26,27,31,31,0.037037,1,-0.096774,-3,-0.096774,-3,36047019400,11219,0,186,170,128,0.094118,16,0.453125,58
194,2008,4,30,28,32,20,20,-0.0625,-2,0.5,10,0.5,10,36047019400,11219,0,171,156,150,0.096154,15,0.14,21
194,2008,5,38,30,28,25,25,0.357143,10,0.52,13,0.52,13,36047019400,11219,0,161,117,186,0.376068,44,-0.134409,-25
194,2009,0,50,50,35,22,22,0.428571,15,1.272727,28,1.272727,28,36047019400,11219,0,215,166,162,0.295181,49,0.32716,53
194,2009,1,36,50,24,23,23,0.5,12,0.565217,13,0.565217,13,36047019400,11219,0,203,178,169,0.140449,25,0.201183,34
194,2009,2,29,36,26,23,23,0.115385,3,0.26087,6,0.26087,6,36047019400,11219,0,200,185,178,0.081081,15,0.123596,22
194,2009,3,28,29,28,33,33,0,0,-0.151515,-5,-0.151515,-5,36047019400,11219,0,207,186,151,0.112903,21,0.370861,56
194,2009,4,41,28,30,32,32,0.366667,11,0.28125,9,0.28125,9,36047019400,11219,0,216,171,129,0.263158,45,0.674419,87
194,2009,5,37,41,38,19,19,-0.026316,-1,0.947368,18,0.947368,18,36047019400,11219,0,202,161,148,0.254658,41,0.364865,54
194,2010,0,29,29,50,21,21,-0.42,-21,0.380952,8,0.380952,8,36047019400,11219,0,214,215,172,-0.004651,-1,0.244186,42
194,2010,1,44,29,36,23,23,0.222222,8,0.913043,21,0.913043,21,36047019400,11219,0,232,203,182,0.142857,29,0.274725,50
194,2010,2,37,44,29,26,26,0.275862,8,0.423077,11,0.423077,11,36047019400,11219,0,205,200,173,0.025,5,0.184971,32
194,2010,3,28,37,28,27,27,0,0,0.037037,1,0.037037,1,36047019400,11219,0,210,207,170,0.014493,3,0.235294,40
194,2010,4,28,28,41,32,32,-0.317073,-13,-0.125,-4,-0.125,-4,36047019400,11219,0,210,216,156,-0.027778,-6,0.346154,54
194,2010,5,37,28,37,28,28,0,0,0.321429,9,0.321429,9,36047019400,11219,0,232,202,117,0.148515,30,0.982906,115
196,2001,0,32,32,32,32,32,0,0,0,0,0,0,36047019600,11219,0,138,138,138,0,0,0,0
196,2001,1,32,32,32,32,32,0,0,0,0,0,0,36047019600,11219,0,139,139,139,0,0,0,0
196,2001,2,42,32,42,42,42,0,0,0,0,0,0,36047019600,11219,0,170,170,170,0,0,0,0
196,2001,3,32,42,32,32,32,0,0,0,0,0,0,36047019600,11219,1,129,129,129,0,0,0,0
196,2001,4,35,32,35,35,35,0,0,0,0,0,0,36047019600,11219,1,143,143,143,0,0,0,0
196,2001,5,47,35,47,47,47,0,0,0,0,0,0,36047019600,11219,0,154,154,154,0,0,0,0
196,2002,0,23,23,32,23,23,-0.28125,-9,0,0,0,0,36047019600,11219,1,125,138,125,-0.094203,-13,0,0
196,2002,1,41,23,32,41,41,0.28125,9,0,0,0,0,36047019600,11219,0,156,139,156,0.122302,17,0,0
196,2002,2,38,41,42,38,38,-0.095238,-4,0,0,0,0,36047019600,11219,0,141,170,141,-0.170588,-29,0,0
196,2002,3,48,38,32,48,48,0.5,16,0,0,0,0,36047019600,11219,0,170,129,170,0.317829,41,0,0
196,2002,4,36,48,35,36,36,0.028571,1,0,0,0,0,36047019600,11219,1,118,143,118,-0.174825,-25,0,0
196,2002,5,34,36,47,34,34,-0.276596,-13,0,0,0,0,36047019600,11219,1,150,154,150,-0.025974,-4,0,0
196,2003,0,30,30,23,30,30,0.304348,7,0,0,0,0,36047019600,11219,1,146,125,146,0.168,21,0,0
196,2003,1,28,30,41,28,28,-0.317073,-13,0,0,0,0,36047019600,11219,0,138,156,138,-0.115385,-18,0,0
196,2003,2,39,28,38,39,39,0.026316,1,0,0,0,0,36047019600,11219,0,158,141,158,0.120567,17,0,0
196,2003,3,38,39,48,38,38,-0.208333,-10,0,0,0,0,36047019600,11219,0,153,170,153,-0.1,-17,0,0
196,2003,4,43,38,36,43,43,0.194444,7,0,0,0,0,36047019600,11219,0,179,118,179,0.516949,61,0,0
196,2003,5,45,43,34,45,45,0.323529,11,0,0,0,0,36047019600,11219,0,123,150,123,-0.18,-27,0,0
196,2004,0,26,26,30,32,32,-0.133333,-4,-0.1875,-6,-0.1875,-6,36047019600,11219,1,131,146,138,-0.10274,-15,-0.050725,-7
196,2004,1,32,26,28,32,32,0.142857,4,0,0,0,0,36047019600,11219,0,154,138,139,0.115942,16,0.107914,15
196,2004,2,29,32,39,42,42,-0.25641,-10,-0.309524,-13,-0.309524,-13,36047019600,11219,0,132,158,170,-0.164557,-26,-0.223529,-38
196,2004,3,34,29,38,32,32,-0.105263,-4,0.0625,2,0.0625,2,36047019600,11219,0,154,153,129,0.006536,1,0.193798,25
196,2004,4,40,34,43,35,35,-0.069767,-3,0.142857,5,0.142857,5,36047019600,11219,0,151,179,143,-0.156425,-28,0.055944,8
196,2004,5,42,40,45,47,47,-0.066667,-3,-0.106383,-5,-0.106383,-5,36047019600,11219,0,189,123,154,0.536585,66,0.227273,35
196,2005,0,33,33,26,23,23,0.269231,7,0.434783,10,0.434783,10,36047019600,11219,1,131,131,125,0,0,0.048,6
196,2005,1,26,33,32,41,41,-0.1875,-6,-0.365854,-15,-0.365854,-15,36047019600,11219,1,136,154,156,-0.116883,-18,-0.128205,-20
196,2005,2,32,26,29,38,38,0.103448,3,-0.157895,-6,-0.157895,-6,36047019600,11219,0,155,132,141,0.174242,23,0.099291,14
196,2005,3,29,32,34,48,48,-0.147059,-5,-0.395833,-19,-0.395833,-19,36047019600,11219,0,125,154,170,-0.188312,-29,-0.264706,-45
196,2005,4,40,29,40,36,36,0,0,0.111111,4,0.111111,4,36047019600,11219,0,140,151,118,-0.072848,-11,0.186441,22
196,2005,5,46,40,42,34,34,0.095238,4,0.352941,12,0.352941,12,36047019600,11219,0,147,189,150,-0.222222,-42,-0.02,-3
196,2006,0,32,32,33,30,30,-0.030303,-1,0.066667,2,0.066667,2,36047019600,11219,1,135,131,146,0.030534,4,-0.075342,-11
196,2006,1,34,32,26,28,28,0.307692,8,0.214286,6,0.214286,6,36047019600,11219,1,147,136,138,0.080882,11,0.065217,9
196,2006,2,31,34,32,39,39,-0.03125,-1,-0.205128,-8,-0.205128,-8,36047019600,11219,1,137,155,158,-0.116129,-18,-0.132911,-21
196,2006,3,30,31,29,38,38,0.034483,1,-0.210526,-8,-0.210526,-8,36047019600,11219,1,155,125,153,0.24,30,0.013072,2
196,2006,4,29,30,40,43,43,-0.275,-11,-0.325581,-14,-0.325581,-14,36047019600,11219,0,129,140,179,-0.078571,-11,-0.27933,-50
196,2006,5,40,29,46,45,45,-0.130435,-6,-0.111111,-5,-0.111111,-5,36047019600,11219,0,135,147,123,-0.081633,-12,0.097561,12
196,2007,0,37,37,32,26,26,0.15625,5,0.423077,11,0.423077,11,36047019600,11219,1,142,135,131,0.051852,7,0.083969,11
196,2007,1,33,37,34,32,32,-0.029412,-1,0.03125,1,0.03125,1,36047019600,11219,1,143,147,154,-0.027211,-4,-0.071429,-11
196,2007,2,30,33,31,29,29,-0.032258,-1,0.034483,1,0.034483,1,36047019600,11219,1,154,137,132,0.124088,17,0.166667,22
196,2007,3,23,30,30,34,34,-0.233333,-7,-0.323529,-11,-0.323529,-11,36047019600,11219,1,136,155,154,-0.122581,-19,-0.116883,-18
196,2007,4,30,23,29,40,40,0.034483,1,-0.25,-10,-0.25,-10,36047019600,11219,1,153,129,151,0.186047,24,0.013245,2
196,2007,5,26,30,40,42,42,-0.35,-14,-0.380952,-16,-0.380952,-16,36047019600,11219,1,124,135,189,-0.081481,-11,-0.343915,-65
196,2008,0,39,39,37,33,33,0.054054,2,0.181818,6,0.181818,6,36047019600,11219,0,159,142,131,0.119718,17,0.21374,28
196,2008,1,37,39,33,26,26,0.121212,4,0.423077,11,0.423077,11,36047019600,11219,1,148,143,136,0.034965,5,0.088235,12
196,2008,2,36,37,30,32,32,0.2,6,0.125,4,0.125,4,36047019600,11219,1,154,154,155,0,0,-0.006452,-1
196,2008,3,43,36,23,29,29,0.869565,20,0.482759,14,0.482759,14,36047019600,11219,1,157,136,125,0.154412,21,0.256,32
196,2008,4,27,43,30,40,40,-0.1,-3,-0.325,-13,-0.325,-13,36047019600,11219,1,137,153,140,-0.104575,-16,-0.021429,-3
196,2008,5,38,27,26,46,46,0.461538,12,-0.173913,-8,-0.173913,-8,36047019600,11219,1,156,124,147,0.258065,32,0.061224,9
196,2009,0,55,55,39,32,32,0.410256,16,0.71875,23,0.71875,23,36047019600,11219,0,195,159,135,0.226415,36,0.444444,60
196,2009,1,45,55,37,34,34,0.216216,8,0.323529,11,0.323529,11,36047019600,11219,0,179,148,147,0.209459,31,0.217687,32
196,2009,2,43,45,36,31,31,0.194444,7,0.387097,12,0.387097,12,36047019600,11219,0,179,154,137,0.162338,25,0.306569,42
196,2009,3,50,43,43,30,30,0.162791,7,0.666667,20,0.666667,20,36047019600,11219,0,174,157,155,0.10828,17,0.122581,19
196,2009,4,51,50,27,29,29,0.888889,24,0.758621,22,0.758621,22,36047019600,11219,0,191,137,129,0.394161,54,0.48062,62
196,2009,5,40,51,38,40,40,0.052632,2,0,0,0,0,36047019600,11219,0,159,156,135,0.019231,3,0.177778,24
196,2010,0,41,41,55,37,37,-0.254545,-14,0.108108,4,0.108108,4,36047019600,11219,0,198,195,142,0.015385,3,0.394366,56
196,2010,1,61,41,45,33,33,0.355556,16,0.848485,28,0.848485,28,36047019600,11219,0,203,179,143,0.134078,24,0.41958,60
196,2010,2,53,61,43,30,30,0.232558,10,0.766667,23,0.766667,23,36047019600,11219,0,176,179,154,-0.01676,-3,0.142857,22
196,2010,3,50,53,50,23,23,0,0,1.173913,27,1.173913,27,36047019600,11219,0,186,174,136,0.068966,12,0.367647,50
196,2010,4,55,50,51,30,30,0.078431,4,0.833333,25,0.833333,25,36047019600,11219,0,170,191,153,-0.109948,-21,0.111111,17
196,2010,5,57,55,40,26,26,0.425,17,1.192308,31,1.192308,31,36047019600,11219,0,196,159,124,0.232704,37,0.580645,72
198,2001,0,15,15,15,15,15,0,0,0,0,0,0,36047019800,11228,1,116,116,116,0,0,0,0
198,2001,1,11,15,11,11,11,0,0,0,0,0,0,36047019800,11228,0,110,110,110,0,0,0,0
198,2001,2,12,11,12,12,12,0,0,0,0,0,0,36047019800,11228,1,126,126,126,0,0,0,0
198,2001,3,13,12,13,13,13,0,0,0,0,0,0,36047019800,11228,0,99,99,99,0,0,0,0
198,2001,4,14,13,14,14,14,0,0,0,0,0,0,36047019800,11228,0,118,118,118,0,0,0,0
198,2001,5,9,14,9,9,9,0,0,0,0,0,0,36047019800,11228,1,111,111,111,0,0,0,0
198,2002,0,6,6,15,6,6,-0.6,-9,0,0,0,0,36047019800,11228,1,103,116,103,-0.112069,-13,0,0
198,2002,1,16,6,11,16,16,0.454545,5,0,0,0,0,36047019800,11228,0,134,110,134,0.218182,24,0,0
198,2002,2,11,16,12,11,11,-0.083333,-1,0,0,0,0,36047019800,11228,0,116,126,116,-0.079365,-10,0,0
198,2002,3,12,11,13,12,12,-0.076923,-1,0,0,0,0,36047019800,11228,0,131,99,131,0.323232,32,0,0
198,2002,4,13,12,14,13,13,-0.071429,-1,0,0,0,0,36047019800,11228,0,107,118,107,-0.09322,-11,0,0
198,2002,5,14,13,9,14,14,0.555556,5,0,0,0,0,36047019800,11228,0,118,111,118,0.063063,7,0,0
198,2003,0,19,19,6,19,19,2.166667,13,0,0,0,0,36047019800,11228,0,111,103,111,0.07767,8,0,0
198,2003,1,9,19,16,9,9,-0.4375,-7,0,0,0,0,36047019800,11228,1,107,134,107,-0.201493,-27,0,0
198,2003,2,16,9,11,16,16,0.454545,5,0,0,0,0,36047019800,11228,0,137,116,137,0.181034,21,0,0
198,2003,3,13,16,12,13,13,0.083333,1,0,0,0,0,36047019800,11228,0,122,131,122,-0.068702,-9,0,0
198,2003,4,12,13,13,12,12,-0.076923,-1,0,0,0,0,36047019800,11228,0,129,107,129,0.205607,22,0,0
198,2003,5,14,12,14,14,14,0,0,0,0,0,0,36047019800,11228,0,121,118,121,0.025424,3,0,0
198,2004,0,15,15,19,15,15,-0.210526,-4,0,0,0,0,36047019800,11228,0,100,111,116,-0.099099,-11,-0.137931,-16
198,2004,1,15,15,9,11,11,0.666667,6,0.363636,4,0.363636,4,36047019800,11228,0,124,107,110,0.158879,17,0.127273,14
198,2004,2,8,15,16,12,12,-0.5,-8,-0.333333,-4,-0.333333,-4,36047019800,11228,1,106,137,126,-0.226277,-31,-0.15873,-20
198,2004,3,14,8,13,13,13,0.076923,1,0.076923,1,0.076923,1,36047019800,11228,0,131,122,99,0.07377,9,0.323232,32
198,2004,4,8,14,12,14,14,-0.333333,-4,-0.428571,-6,-0.428571,-6,36047019800,11228,0,128,129,118,-0.007752,-1,0.084746,10
198,2004,5,15,8,14,9,9,0.071429,1,0.666667,6,0.666667,6,36047019800,11228,0,143,121,111,0.181818,22,0.288288,32
198,2005,0,8,8,15,6,6,-0.466667,-7,0.333333,2,0.333333,2,36047019800,11228,1,124,100,103,0.24,24,0.203883,21
198,2005,1,14,8,15,16,16,-0.066667,-1,-0.125,-2,-0.125,-2,36047019800,11228,1,108,124,134,-0.129032,-16,-0.19403,-26
198,2005,2,15,14,8,11,11,0.875,7,0.363636,4,0.363636,4,36047019800,11228,0,124,106,116,0.169811,18,0.068966,8
198,2005,3,8,15,14,12,12,-0.428571,-6,-0.333333,-4,-0.333333,-4,36047019800,11228,1,113,131,131,-0.137405,-18,-0.137405,-18
198,2005,4,14,8,8,13,13,0.75,6,0.076923,1,0.076923,1,36047019800,11228,0,138,128,107,0.078125,10,0.28972,31
198,2005,5,9,14,15,14,14,-0.4,-6,-0.357143,-5,-0.357143,-5,36047019800,11228,0,129,143,118,-0.097902,-14,0.09322,11
198,2006,0,16,16,8,19,19,1,8,-0.157895,-3,-0.157895,-3,36047019800,11228,0,118,124,111,-0.048387,-6,0.063063,7
198,2006,1,10,16,14,9,9,-0.285714,-4,0.111111,1,0.111111,1,36047019800,11228,0,131,108,107,0.212963,23,0.224299,24
198,2006,2,15,10,15,16,16,0,0,-0.0625,-1,-0.0625,-1,36047019800,11228,0,105,124,137,-0.153226,-19,-0.233577,-32
198,2006,3,12,15,8,13,13,0.5,4,-0.076923,-1,-0.076923,-1,36047019800,11228,0,115,113,122,0.017699,2,-0.057377,-7
198,2006,4,9,12,14,12,12,-0.357143,-5,-0.25,-3,-0.25,-3,36047019800,11228,1,118,138,129,-0.144928,-20,-0.085271,-11
198,2006,5,15,9,9,14,14,0.666667,6,0.071429,1,0.071429,1,36047019800,11228,0,136,129,121,0.054264,7,0.123967,15
198,2007,0,14,14,16,15,15,-0.125,-2,-0.066667,-1,-0.066667,-1,36047019800,11228,0,115,118,100,-0.025424,-3,0.15,15
198,2007,1,17,14,10,15,15,0.7,7,0.133333,2,0.133333,2,36047019800,11228,0,119,131,124,-0.091603,-12,-0.040323,-5
198,2007,2,13,17,15,8,8,-0.133333,-2,0.625,5,0.625,5,36047019800,11228,0,133,105,106,0.266667,28,0.254717,27
198,2007,3,13,13,12,14,14,0.083333,1,-0.071429,-1,-0.071429,-1,36047019800,11228,1,107,115,131,-0.069565,-8,-0.183206,-24
198,2007,4,12,13,9,8,8,0.333333,3,0.5,4,0.5,4,36047019800,11228,1,121,118,128,0.025424,3,-0.054688,-7
198,2007,5,10,12,15,15,15,-0.333333,-5,-0.333333,-5,-0.333333,-5,36047019800,11228,1,114,136,143,-0.161765,-22,-0.202797,-29
198,2008,0,13,13,14,8,8,-0.071429,-1,0.625,5,0.625,5,36047019800,11228,0,127,115,124,0.104348,12,0.024194,3
198,2008,1,12,13,17,14,14,-0.294118,-5,-0.142857,-2,-0.142857,-2,36047019800,11228,0,133,119,108,0.117647,14,0.231481,25
198,2008,2,17,12,13,15,15,0.307692,4,0.133333,2,0.133333,2,36047019800,11228,0,117,133,124,-0.120301,-16,-0.056452,-7
198,2008,3,13,17,13,8,8,0,0,0.625,5,0.625,5,36047019800,11228,0,146,107,113,0.364486,39,0.292035,33
198,2008,4,12,13,12,14,14,0,0,-0.142857,-2,-0.142857,-2,36047019800,11228,1,117,121,138,-0.033058,-4,-0.152174,-21
198,2008,5,11,12,10,9,9,0.1,1,0.222222,2,0.222222,2,36047019800,11228,1,140,114,129,0.22807,26,0.085271,11
198,2009,0,16,16,13,16,16,0.230769,3,0,0,0,0,36047019800,11228,0,145,127,118,0.141732,18,0.228814,27
198,2009,1,13,16,12,10,10,0.083333,1,0.3,3,0.3,3,36047019800,11228,0,145,133,131,0.090226,12,0.10687,14
198,2009,2,13,13,17,15,15,-0.235294,-4,-0.133333,-2,-0.133333,-2,36047019800,11228,0,153,117,105,0.307692,36,0.457143,48
198,2009,3,17,13,13,12,12,0.307692,4,0.416667,5,0.416667,5,36047019800,11228,0,134,146,115,-0.082192,-12,0.165217,19
198,2009,4,17,17,12,9,9,0.416667,5,0.888889,8,0.888889,8,36047019800,11228,0,165,117,118,0.410256,48,0.398305,47
198,2009,5,14,17,11,15,15,0.272727,3,-0.066667,-1,-0.066667,-1,36047019800,11228,0,137,140,136,-0.021429,-3,0.007353,1
198,2010,0,12,12,16,14,14,-0.25,-4,-0.142857,-2,-0.142857,-2,36047019800,11228,0,153,145,115,0.055172,8,0.330435,38
198,2010,1,14,12,13,17,17,0.076923,1,-0.176471,-3,-0.176471,-3,36047019800,11228,0,162,145,119,0.117241,17,0.361345,43
198,2010,2,13,14,13,13,13,0,0,0,0,0,0,36047019800,11228,0,150,153,133,-0.019608,-3,0.12782,17
198,2010,3,12,13,17,13,13,-0.294118,-5,-0.076923,-1,-0.076923,-1,36047019800,11228,0,170,134,107,0.268657,36,0.588785,63
198,2010,4,18,12,17,12,12,0.058824,1,0.5,6,0.5,6,36047019800,11228,0,145,165,121,-0.121212,-20,0.198347,24
198,2010,5,20,18,14,10,10,0.428571,6,1,10,1,10,36047019800,11228,0,173,137,114,0.262774,36,0.517544,59
200,2001,0,15,15,15,15,15,0,0,0,0,0,0,36047020000,11228,1,83,83,83,0,0,0,0
200,2001,1,22,15,22,22,22,0,0,0,0,0,0,36047020000,11228,0,82,82,82,0,0,0,0
200,2001,2,13,22,13,13,13,0,0,0,0,0,0,36047020000,11228,1,98,98,98,0,0,0,0
200,2001,3,9,13,9,9,9,0,0,0,0,0,0,36047020000,11228,1,87,87,87,0,0,0,0
200,2001,4,15,9,15,15,15,0,0,0,0,0,0,36047020000,11228,0,88,88,88,0,0,0,0
200,2001,5,10,15,10,10,10,0,0,0,0,0,0,36047020000,11228,0,92,92,92,0,0,0,0
200,2002,0,7,7,15,7,7,-0.533333,-8,0,0,0,0,36047020000,11228,1,79,83,79,-0.048193,-4,0,0
200,2002,1,16,7,22,16,16,-0.272727,-6,0,0,0,0,36047020000,11228,1,99,82,99,0.207317,17,0,0
200,2002,2,19,16,13,19,19,0.461538,6,0,0,0,0,36047020000,11228,0,92,98,92,-0.061224,-6,0,0
200,2002,3,13,19,9,13,13,0.444444,4,0,0,0,0,36047020000,11228,0,105,87,105,0.206897,18,0,0
200,2002,4,11,13,15,11,11,-0.266667,-4,0,0,0,0,36047020000,11228,1,91,88,91,0.034091,3,0,0
200,2002,5,14,11,10,14,14,0.4,4,0,0,0,0,36047020000,11228,1,98,92,98,0.065217,6,0,0
200,2003,0,19,19,7,19,19,1.714286,12,0,0,0,0,36047020000,11228,0,77,79,77,-0.025316,-2,0,0
200,2003,1,8,19,16,8,8,-0.5,-8,0,0,0,0,36047020000,11228,1,87,99,87,-0.121212,-12,0,0
200,2003,2,18,8,19,18,18,-0.052632,-1,0,0,0,0,36047020000,11228,0,91,92,91,-0.01087,-1,0,0
200,2003,3,18,18,13,18,18,0.384615,5,0,0,0,0,36047020000,11228,0,96,105,96,-0.085714,-9,0,0
200,2003,4,16,18,11,16,16,0.454545,5,0,0,0,0,36047020000,11228,0,102,91,102,0.120879,11,0,0
200,2003,5,11,16,14,11,11,-0.214286,-3,0,0,0,0,36047020000,11228,1,106,98,106,0.081633,8,0,0
200,2004,0,10,10,19,15,15,-0.473684,-9,-0.333333,-5,-0.333333,-5,36047020000,11228,1,77,77,83,0,0,-0.072289,-6
200,2004,1,20,10,8,22,22,1.5,12,-0.090909,-2,-0.090909,-2,36047020000,11228,0,79,87,82,-0.091954,-8,-0.036585,-3
200,2004,2,10,20,18,13,13,-0.444444,-8,-0.230769,-3,-0.230769,-3,36047020000,11228,1,80,91,98,-0.120879,-11,-0.183673,-18
200,2004,3,15,10,18,9,9,-0.166667,-3,0.666667,6,0.666667,6,36047020000,11228,0,88,96,87,-0.083333,-8,0.011494,1
200,2004,4,22,15,16,15,15,0.375,6,0.466667,7,0.466667,7,36047020000,11228,0,93,102,88,-0.088235,-9,0.056818,5
200,2004,5,20,22,11,10,10,0.818182,9,1,10,1,10,36047020000,11228,0,107,106,92,0.009434,1,0.163043,15
200,2005,0,17,17,10,7,7,0.7,7,1.428571,10,1.428571,10,36047020000,11228,0,89,77,79,0.155844,12,0.126582,10
200,2005,1,17,17,20,16,16,-0.15,-3,0.0625,1,0.0625,1,36047020000,11228,1,77,79,99,-0.025316,-2,-0.222222,-22
200,2005,2,19,17,10,19,19,0.9,9,0,0,0,0,36047020000,11228,0,81,80,92,0.0125,1,-0.119565,-11
200,2005,3,11,19,15,13,13,-0.266667,-4,-0.153846,-2,-0.153846,-2,36047020000,11228,1,84,88,105,-0.045455,-4,-0.2,-21
200,2005,4,14,11,22,11,11,-0.363636,-8,0.272727,3,0.272727,3,36047020000,11228,0,95,93,91,0.021505,2,0.043956,4
200,2005,5,21,14,20,14,14,0.05,1,0.5,7,0.5,7,36047020000,11228,0,101,107,98,-0.056075,-6,0.030612,3
200,2006,0,22,22,17,19,19,0.294118,5,0.157895,3,0.157895,3,36047020000,11228,0,78,89,77,-0.123596,-11,0.012987,1
200,2006,1,17,22,17,8,8,0,0,1.125,9,1.125,9,36047020000,11228,0,105,77,87,0.363636,28,0.206897,18
200,2006,2,14,17,19,18,18,-0.263158,-5,-0.222222,-4,-0.222222,-4,36047020000,11228,1,83,81,91,0.024691,2,-0.087912,-8
200,2006,3,17,14,11,18,18,0.545455,6,-0.055556,-1,-0.055556,-1,36047020000,11228,0,72,84,96,-0.142857,-12,-0.25,-24
200,2006,4,11,17,14,16,16,-0.214286,-3,-0.3125,-5,-0.3125,-5,36047020000,11228,1,86,95,102,-0.094737,-9,-0.156863,-16
200,2006,5,15,11,21,11,11,-0.285714,-6,0.363636,4,0.363636,4,36047020000,11228,0,98,101,106,-0.029703,-3,-0.075472,-8
200,2007,0,11,11,22,10,10,-0.5,-11,0.1,1,0.1,1,36047020000,11228,1,83,78,77,0.064103,5,0.077922,6
200,2007,1,24,11,17,20,20,0.411765,7,0.2,4,0.2,4,36047020000,11228,0,77,105,79,-0.266667,-28,-0.025316,-2
200,2007,2,18,24,14,10,10,0.285714,4,0.8,8,0.8,8,36047020000,11228,0,107,83,80,0.289157,24,0.3375,27
200,2007,3,15,18,17,15,15,-0.117647,-2,0,0,0,0,36047020000,11228,1,72,72,88,0,0,-0.181818,-16
200,2007,4,13,15,11,22,22,0.181818,2,-0.409091,-9,-0.409091,-9,36047020000,11228,1,75,86,93,-0.127907,-11,-0.193548,-18
200,2007,5,14,13,15,20,20,-0.066667,-1,-0.3,-6,-0.3,-6,36047020000,11228,0,82,98,107,-0.163265,-16,-0.233645,-25
200,2008,0,18,18,11,17,17,0.636364,7,0.058824,1,0.058824,1,36047020000,11228,1,93,83,89,0.120482,10,0.044944,4
200,2008,1,15,18,24,17,17,-0.375,-9,-0.117647,-2,-0.117647,-2,36047020000,11228,1,98,77,77,0.272727,21,0.272727,21
200,2008,2,21,15,18,19,19,0.166667,3,0.105263,2,0.105263,2,36047020000,11228,0,89,107,81,-0.168224,-18,0.098765,8
200,2008,3,15,21,15,11,11,0,0,0.363636,4,0.363636,4,36047020000,11228,1,125,72,84,0.736111,53,0.488095,41
200,2008,4,15,15,13,14,14,0.153846,2,0.071429,1,0.071429,1,36047020000,11228,1,83,75,95,0.106667,8,-0.126316,-12
200,2008,5,13,15,14,21,21,-0.071429,-1,-0.380952,-8,-0.380952,-8,36047020000,11228,1,95,82,101,0.158537,13,-0.059406,-6
200,2009,0,17,17,18,22,22,-0.055556,-1,-0.227273,-5,-0.227273,-5,36047020000,11228,0,131,93,78,0.408602,38,0.679487,53
200,2009,1,19,17,15,17,17,0.266667,4,0.117647,2,0.117647,2,36047020000,11228,0,111,98,105,0.132653,13,0.057143,6
200,2009,2,20,19,21,14,14,-0.047619,-1,0.428571,6,0.428571,6,36047020000,11228,0,115,89,83,0.292135,26,0.385542,32
200,2009,3,23,20,15,17,17,0.533333,8,0.352941,6,0.352941,6,36047020000,11228,0,115,125,72,-0.08,-10,0.597222,43
200,2009,4,18,23,15,11,11,0.2,3,0.636364,7,0.636364,7,36047020000,11228,0,143,83,86,0.722892,60,0.662791,57
200,2009,5,13,18,13,15,15,0,0,-0.133333,-2,-0.133333,-2,36047020000,11228,0,119,95,98,0.252632,24,0.214286,21
200,2010,0,27,27,17,11,11,0.588235,10,1.454545,16,1.454545,16,36047020000,11228,0,112,131,83,-0.145038,-19,0.349398,29
200,2010,1,19,27,19,24,24,0,0,-0.208333,-5,-0.208333,-5,36047020000,11228,0,147,111,77,0.324324,36,0.909091,70
200,2010,2,23,19,20,18,18,0.15,3,0.277778,5,0.277778,5,36047020000,11228,0,126,115,107,0.095652,11,0.17757,19
200,2010,3,22,23,23,15,15,-0.043478,-1,0.466667,7,0.466667,7,36047020000,11228,0,131,115,72,0.13913,16,0.819444,59
200,2010,4,23,22,18,13,13,0.277778,5,0.769231,10,0.769231,10,36047020000,11228,0,123,143,75,-0.13986,-20,0.64,48
200,2010,5,24,23,13,14,14,0.846154,11,0.714286,10,0.714286,10,36047020000,11228,0,167,119,82,0.403361,48,1.036585,85
202,2001,0,9,9,9,9,9,0,0,0,0,0,0,36047020200,11228,0,69,69,69,0,0,0,0
202,2001,1,7,9,7,7,7,0,0,0,0,0,0,36047020200,11228,0,78,78,78,0,0,0,0
202,2001,2,7,7,7,7,7,0,0,0,0,0,0,36047020200,11228,0,75,75,75,0,0,0,0
202,2001,3,10,7,10,10,10,0,0,0,0,0,0,36047020200,11228,0,63,63,63,0,0,0,0
202,2001,4,7,10,7,7,7,0,0,0,0,0,0,36047020200,11228,0,75,75,75,0,0,0,0
202,2001,5,5,7,5,5,5,0,0,0,0,0,0,36047020200,11228,1,61,61,61,0,0,0,0
202,2002,0,8,8,9,8,8,-0.111111,-1,0,0,0,0,36047020200,11228,0,61,69,61,-0.115942,-8,0,0
202,2002,1,10,8,7,10,10,0.428571,3,0,0,0,0,36047020200,11228,0,80,78,80,0.025641,2,0,0
202,2002,2,8,10,7,8,8,0.142857,1,0,0,0,0,36047020200,11228,0,82,75,82,0.093333,7,0,0
202,2002,3,5,8,10,5,5,-0.5,-5,0,0,0,0,36047020200,11228,0,70,63,70,0.111111,7,0,0
202,2002,4,10,5,7,10,10,0.428571,3,0,0,0,0,36047020200,11228,0,68,75,68,-0.093333,-7,0,0
202,2002,5,8,10,5,8,8,0.6,3,0,0,0,0,36047020200,11228,1,87,61,87,0.42623,26,0,0
202,2003,0,5,5,8,5,5,-0.375,-3,0,0,0,0,36047020200,11228,1,78,61,78,0.278689,17,0,0
202,2003,1,8,5,10,8,8,-0.2,-2,0,0,0,0,36047020200,11228,0,65,80,65,-0.1875,-15,0,0
202,2003,2,8,8,8,8,8,0,0,0,0,0,0,36047020200,11228,1,80,82,80,-0.02439,-2,0,0
202,2003,3,7,8,5,7,7,0.4,2,0,0,0,0,36047020200,11228,1,84,70,84,0.2,14,0,0
202,2003,4,8,7,10,8,8,-0.2,-2,0,0,0,0,36047020200,11228,0,77,68,77,0.132353,9,0,0
202,2003,5,11,8,8,11,11,0.375,3,0,0,0,0,36047020200,11228,0,75,87,75,-0.137931,-12,0,0
202,2004,0,8,8,5,9,9,0.6,3,-0.111111,-1,-0.111111,-1,36047020200,11228,0,69,78,69,-0.115385,-9,0,0
202,2004,1,9,8,8,7,7,0.125,1,0.285714,2,0.285714,2,36047020200,11228,1,75,65,78,0.153846,10,-0.038462,-3
202,2004,2,9,9,8,7,7,0.125,1,0.285714,2,0.285714,2,36047020200,11228,0,61,80,75,-0.2375,-19,-0.186667,-14
202,2004,3,7,9,7,10,10,0,0,-0.3,-3,-0.3,-3,36047020200,11228,1,74,84,63,-0.119048,-10,0.174603,11
202,2004,4,7,7,8,7,7,-0.125,-1,0,0,0,0,36047020200,11228,1,83,77,75,0.077922,6,0.106667,8
202,2004,5,11,7,11,5,5,0,0,1.2,6,1.2,6,36047020200,11228,0,82,75,61,0.093333,7,0.344262,21
202,2005,0,12,12,8,8,8,0.5,4,0.5,4,0.5,4,36047020200,11228,0,67,69,61,-0.028986,-2,0.098361,6
202,2005,1,7,12,9,10,10,-0.222222,-2,-0.3,-3,-0.3,-3,36047020200,11228,0,76,75,80,0.013333,1,-0.05,-4
202,2005,2,11,7,9,8,8,0.222222,2,0.375,3,0.375,3,36047020200,11228,1,77,61,82,0.262295,16,-0.060976,-5
202,2005,3,11,11,7,5,5,0.571429,4,1.2,6,1.2,6,36047020200,11228,0,61,74,70,-0.175676,-13,-0.128571,-9
202,2005,4,8,11,7,10,10,0.142857,1,-0.2,-2,-0.2,-2,36047020200,11228,1,74,83,68,-0.108434,-9,0.088235,6
202,2005,5,8,8,11,8,8,-0.272727,-3,0,0,0,0,36047020200,11228,0,87,82,87,0.060976,5,0,0
202,2006,0,2,2,12,5,5,-0.833333,-10,-0.6,-3,-0.6,-3,36047020200,11228,1,77,67,78,0.149254,10,-0.012821,-1
202,2006,1,18,2,7,8,8,1.571429,11,1.25,10,1.25,10,36047020200,11228,0,81,76,65,0.065789,5,0.246154,16
202,2006,2,6,18,11,8,8,-0.454545,-5,-0.25,-2,-0.25,-2,36047020200,11228,0,73,77,80,-0.051948,-4,-0.0875,-7
202,2006,3,10,6,11,7,7,-0.090909,-1,0.428571,3,0.428571,3,36047020200,11228,1,63,61,84,0.032787,2,-0.25,-21
202,2006,4,10,10,8,8,8,0.25,2,0.25,2,0.25,2,36047020200,11228,0,65,74,77,-0.121622,-9,-0.155844,-12
202,2006,5,7,10,8,11,11,-0.125,-1,-0.363636,-4,-0.363636,-4,36047020200,11228,1,76,87,75,-0.126437,-11,0.013333,1
202,2007,0,4,4,2,8,8,1,2,-0.5,-4,-0.5,-4,36047020200,11228,1,59,77,69,-0.233766,-18,-0.144928,-10
202,2007,1,2,4,18,9,9,-0.888889,-16,-0.777778,-7,-0.777778,-7,36047020200,11228,1,81,81,75,0,0,0.08,6
202,2007,2,16,2,6,9,9,1.666667,10,0.777778,7,0.777778,7,36047020200,11228,0,88,73,61,0.205479,15,0.442623,27
202,2007,3,7,16,10,7,7,-0.3,-3,0,0,0,0,36047020200,11228,0,69,63,74,0.095238,6,-0.067568,-5
202,2007,4,11,7,10,7,7,0.1,1,0.571429,4,0.571429,4,36047020200,11228,1,61,65,83,-0.061538,-4,-0.26506,-22
202,2007,5,9,11,7,11,11,0.285714,2,-0.181818,-2,-0.181818,-2,36047020200,11228,1,70,76,82,-0.078947,-6,-0.146341,-12
202,2008,0,10,10,4,12,12,1.5,6,-0.166667,-2,-0.166667,-2,36047020200,11228,0,74,59,67,0.254237,15,0.104478,7
202,2008,1,11,10,2,7,7,4.5,9,0.571429,4,0.571429,4,36047020200,11228,1,69,81,76,-0.148148,-12,-0.092105,-7
202,2008,2,2,11,16,11,11,-0.875,-14,-0.818182,-9,-0.818182,-9,36047020200,11228,1,82,88,77,-0.068182,-6,0.064935,5
202,2008,3,17,2,7,11,11,1.428571,10,0.545455,6,0.545455,6,36047020200,11228,0,89,69,61,0.289855,20,0.459016,28
202,2008,4,6,17,11,8,8,-0.454545,-5,-0.25,-2,-0.25,-2,36047020200,11228,0,77,61,74,0.262295,16,0.040541,3
202,2008,5,16,6,9,8,8,0.777778,7,1,8,1,8,36047020200,11228,1,68,70,87,-0.028571,-2,-0.218391,-19
202,2009,0,11,11,10,2,2,0.1,1,4.5,9,4.5,9,36047020200,11228,0,92,74,77,0.243243,18,0.194805,15
202,2009,1,15,11,11,18,18,0.363636,4,-0.166667,-3,-0.166667,-3,36047020200,11228,0,79,69,81,0.144928,10,-0.024691,-2
202,2009,2,12,15,2,6,6,5,10,1,6,1,6,36047020200,11228,0,87,82,73,0.060976,5,0.191781,14
202,2009,3,6,12,17,10,10,-0.647059,-11,-0.4,-4,-0.4,-4,36047020200,11228,0,91,89,63,0.022472,2,0.444444,28
202,2009,4,20,6,6,10,10,2.333333,14,1,10,1,10,36047020200,11228,0,105,77,65,0.363636,28,0.615385,40
202,2009,5,12,20,16,7,7,-0.25,-4,0.714286,5,0.714286,5,36047020200,11228,0,92,68,76,0.352941,24,0.210526,16
202,2010,0,12,12,11,4,4,0.090909,1,2,8,2,8,36047020200,11228,0,95,92,59,0.032609,3,0.610169,36
202,2010,1,15,12,15,2,2,0,0,6.5,13,6.5,13,36047020200,11228,0,102,79,81,0.291139,23,0.259259,21
202,2010,2,14,15,12,16,16,0.166667,2,-0.125,-2,-0.125,-2,36047020200,11228,0,88,87,88,0.011494,1,0,0
202,2010,3,14,14,6,7,7,1.333333,8,1,7,1,7,36047020200,11228,0,95,91,69,0.043956,4,0.376812,26
202,2010,4,7,14,20,11,11,-0.65,-13,-0.363636,-4,-0.363636,-4,36047020200,11228,0,95,105,61,-0.095238,-10,0.557377,34
202,2010,5,21,7,12,9,9,0.75,9,1.333333,12,1.333333,12,36047020200,11228,0,124,92,70,0.347826,32,0.771429,54
204,2001,0,8,8,8,8,8,0,0,0,0,0,0,36047020400,11228,0,72,72,72,0,0,0,0
204,2001,1,7,8,7,7,7,0,0,0,0,0,0,36047020400,11228,1,78,78,78,0,0,0,0
204,2001,2,6,7,6,6,6,0,0,0,0,0,0,36047020400,11228,1,74,74,74,0,0,0,0
204,2001,3,5,6,5,5,5,0,0,0,0,0,0,36047020400,11228,0,77,77,77,0,0,0,0
204,2001,4,5,5,5,5,5,0,0,0,0,0,0,36047020400,11228,0,82,82,82,0,0,0,0
204,2001,5,5,5,5,5,5,0,0,0,0,0,0,36047020400,11228,1,61,61,61,0,0,0,0
204,2002,0,11,11,8,11,11,0.375,3,0,0,0,0,36047020400,11228,0,60,72,60,-0.166667,-12,0,0
204,2002,1,10,11,7,10,10,0.428571,3,0,0,0,0,36047020400,11228,0,80,78,80,0.025641,2,0,0
204,2002,2,6,10,6,6,6,0,0,0,0,0,0,36047020400,11228,1,90,74,90,0.216216,16,0,0
204,2002,3,5,6,5,5,5,0,0,0,0,0,0,36047020400,11228,1,74,77,74,-0.038961,-3,0,0
204,2002,4,7,5,5,7,7,0.4,2,0,0,0,0,36047020400,11228,0,82,82,82,0,0,0,0
204,2002,5,6,7,5,6,6,0.2,1,0,0,0,0,36047020400,11228,0,95,61,95,0.557377,34,0,0
204,2003,0,2,2,11,2,2,-0.818182,-9,0,0,0,0,36047020400,11228,1,66,60,66,0.1,6,0,0
204,2003,1,13,2,10,13,13,0.3,3,0,0,0,0,36047020400,11228,0,63,80,63,-0.2125,-17,0,0
204,2003,2,9,13,6,9,9,0.5,3,0,0,0,0,36047020400,11228,0,77,90,77,-0.144444,-13,0,0
204,2003,3,7,9,5,7,7,0.4,2,0,0,0,0,36047020400,11228,0,87,74,87,0.175676,13,0,0
204,2003,4,6,7,7,6,6,-0.142857,-1,0,0,0,0,36047020400,11228,1,82,82,82,0,0,0,0
204,2003,5,8,6,6,8,8,0.333333,2,0,0,0,0,36047020400,11228,0,82,95,82,-0.136842,-13,0,0
204,2004,0,6,6,2,8,8,2,4,-0.25,-2,-0.25,-2,36047020400,11228,0,64,66,72,-0.030303,-2,-0.111111,-8
204,2004,1,4,6,13,7,7,-0.692308,-9,-0.428571,-3,-0.428571,-3,36047020400,11228,1,75,63,78,0.190476,12,-0.038462,-3
204,2004,2,11,4,9,6,6,0.222222,2,0.833333,5,0.833333,5,36047020400,11228,0,65,77,74,-0.155844,-12,-0.121622,-9
204,2004,3,11,11,7,5,5,0.571429,4,1.2,6,1.2,6,36047020400,11228,0,78,87,77,-0.103448,-9,0.012987,1
204,2004,4,6,11,6,5,5,0,0,0.2,1,0.2,1,36047020400,11228,1,95,82,82,0.158537,13,0.158537,13
204,2004,5,8,6,8,5,5,0,0,0.6,3,0.6,3,36047020400,11228,0,87,82,61,0.060976,5,0.42623,26
204,2005,0,6,6,6,11,11,0,0,-0.454545,-5,-0.454545,-5,36047020400,11228,0,73,64,60,0.140625,9,0.216667,13
204,2005,1,7,6,4,10,10,0.75,3,-0.3,-3,-0.3,-3,36047020400,11228,0,70,75,80,-0.066667,-5,-0.125,-10
204,2005,2,4,7,11,6,6,-0.636364,-7,-0.333333,-2,-0.333333,-2,36047020400,11228,1,80,65,90,0.230769,15,-0.111111,-10
204,2005,3,9,4,11,5,5,-0.181818,-2,0.8,4,0.8,4,36047020400,11228,0,76,78,74,-0.025641,-2,0.027027,2
204,2005,4,11,9,6,7,7,0.833333,5,0.571429,4,0.571429,4,36047020400,11228,0,80,95,82,-0.157895,-15,-0.02439,-2
204,2005,5,7,11,8,6,6,-0.125,-1,0.166667,1,0.166667,1,36047020400,11228,1,99,87,95,0.137931,12,0.042105,4
204,2006,0,4,4,6,2,2,-0.333333,-2,1,2,1,2,36047020400,11228,0,82,73,66,0.123288,9,0.242424,16
204,2006,1,11,4,7,13,13,0.571429,4,-0.153846,-2,-0.153846,-2,36047020400,11228,0,92,70,63,0.314286,22,0.460317,29
204,2006,2,5,11,4,9,9,0.25,1,-0.444444,-4,-0.444444,-4,36047020400,11228,0,68,80,77,-0.15,-12,-0.116883,-9
204,2006,3,4,5,9,7,7,-0.555556,-5,-0.428571,-3,-0.428571,-3,36047020400,11228,1,71,76,87,-0.065789,-5,-0.183908,-16
204,2006,4,10,4,11,6,6,-0.090909,-1,0.666667,4,0.666667,4,36047020400,11228,0,77,80,82,-0.0375,-3,-0.060976,-5
204,2006,5,10,10,7,8,8,0.428571,3,0.25,2,0.25,2,36047020400,11228,0,79,99,82,-0.20202,-20,-0.036585,-3
204,2007,0,7,7,4,6,6,0.75,3,0.166667,1,0.166667,1,36047020400,11228,0,61,82,64,-0.256098,-21,-0.046875,-3
204,2007,1,2,7,11,4,4,-0.818182,-9,-0.5,-2,-0.5,-2,36047020400,11228,0,79,92,75,-0.141304,-13,0.053333,4
204,2007,2,12,2,5,11,11,1.4,7,0.090909,1,0.090909,1,36047020400,11228,0,95,68,65,0.397059,27,0.461538,30
204,2007,3,3,12,4,11,11,-0.25,-1,-0.727273,-8,-0.727273,-8,36047020400,11228,0,63,71,78,-0.112676,-8,-0.192308,-15
204,2007,4,2,3,10,6,6,-0.8,-8,-0.666667,-4,-0.666667,-4,36047020400,11228,1,75,77,95,-0.025974,-2,-0.210526,-20
204,2007,5,10,2,10,8,8,0,0,0.25,2,0.25,2,36047020400,11228,0,76,79,87,-0.037975,-3,-0.126437,-11
204,2008,0,5,5,7,6,6,-0.285714,-2,-0.166667,-1,-0.166667,-1,36047020400,11228,1,84,61,73,0.377049,23,0.150685,11
204,2008,1,7,5,2,7,7,2.5,5,0,0,0,0,36047020400,11228,0,82,79,70,0.037975,3,0.171429,12
204,2008,2,4,7,12,4,4,-0.666667,-8,0,0,0,0,36047020400,11228,0,79,95,80,-0.168421,-16,-0.0125,-1
204,2008,3,12,4,3,9,9,3,9,0.333333,3,0.333333,3,36047020400,11228,0,96,63,76,0.52381,33,0.263158,20
204,2008,4,5,12,2,11,11,1.5,3,-0.545455,-6,-0.545455,-6,36047020400,11228,0,71,75,80,-0.053333,-4,-0.1125,-9
204,2008,5,3,5,10,7,7,-0.7,-7,-0.571429,-4,-0.571429,-4,36047020400,11228,1,88,76,99,0.157895,12,-0.111111,-11
204,2009,0,8,8,5,4,4,0.6,3,1,4,1,4,36047020400,11228,0,91,84,82,0.083333,7,0.109756,9
204,2009,1,4,8,7,11,11,-0.428571,-3,-0.636364,-7,-0.636364,-7,36047020400,11228,0,102,82,92,0.243902,20,0.108696,10
204,2009,2,12,4,4,5,5,2,8,1.4,7,1.4,7,36047020400,11228,0,96,79,68,0.21519,17,0.411765,28
204,2009,3,5,12,12,4,4,-0.583333,-7,0.25,1,0.25,1,36047020400,11228,0,92,96,71,-0.041667,-4,0.295775,21
204,2009,4,12,5,5,10,10,1.4,7,0.2,2,0.2,2,36047020400,11228,0,110,71,77,0.549296,39,0.428571,33
204,2009,5,11,12,3,10,10,2.666667,8,0.1,1,0.1,1,36047020400,11228,0,87,88,79,-0.011364,-1,0.101266,8
204,2010,0,11,11,8,7,7,0.375,3,0.571429,4,0.571429,4,36047020400,11228,0,103,91,61,0.131868,12,0.688525,42
204,2010,1,9,11,4,2,2,1.25,5,3.5,7,3.5,7,36047020400,11228,0,112,102,79,0.098039,10,0.417722,33
204,2010,2,6,9,12,12,12,-0.5,-6,-0.5,-6,-0.5,-6,36047020400,11228,0,106,96,95,0.104167,10,0.115789,11
204,2010,3,13,6,5,3,3,1.6,8,3.333333,10,3.333333,10,36047020400,11228,0,109,92,63,0.184783,17,0.730159,46
204,2010,4,5,13,12,2,2,-0.583333,-7,1.5,3,1.5,3,36047020400,11228,0,94,110,75,-0.145455,-16,0.253333,19
204,2010,5,16,5,11,10,10,0.454545,5,0.6,6,0.6,6,36047020400,11228,0,127,87,76,0.45977,40,0.671053,51
206,2001,0,14,14,14,14,14,0,0,0,0,0,0,36047020600,11228,0,66,66,66,0,0,0,0
206,2001,1,11,14,11,11,11,0,0,0,0,0,0,36047020600,11228,0,65,65,65,0,0,0,0
206,2001,2,15,11,15,15,15,0,0,0,0,0,0,36047020600,11228,1,63,63,63,0,0,0,0
206,2001,3,14,15,14,14,14,0,0,0,0,0,0,36047020600,11228,0,68,68,68,0,0,0,0
206,2001,4,13,14,13,13,13,0,0,0,0,0,0,36047020600,11228,1,68,68,68,0,0,0,0
206,2001,5,12,13,12,12,12,0,0,0,0,0,0,36047020600,11228,1,51,51,51,0,0,0,0
206,2002,0,9,9,14,9,9,-0.357143,-5,0,0,0,0,36047020600,11228,1,74,66,74,0.121212,8,0,0
206,2002,1,19,9,11,19,19,0.727273,8,0,0,0,0,36047020600,11228,0,72,65,72,0.107692,7,0,0
206,2002,2,14,19,15,14,14,-0.066667,-1,0,0,0,0,36047020600,11228,0,75,63,75,0.190476,12,0,0
206,2002,3,14,14,14,14,14,0,0,0,0,0,0,36047020600,11228,0,60,68,60,-0.117647,-8,0,0
206,2002,4,15,14,13,15,15,0.153846,2,0,0,0,0,36047020600,11228,1,75,68,75,0.102941,7,0,0
206,2002,5,19,15,12,19,19,0.583333,7,0,0,0,0,36047020600,11228,0,77,51,77,0.509804,26,0,0
206,2003,0,15,15,9,15,15,0.666667,6,0,0,0,0,36047020600,11228,0,47,74,47,-0.364865,-27,0,0
206,2003,1,10,15,19,10,10,-0.473684,-9,0,0,0,0,36047020600,11228,0,76,72,76,0.055556,4,0,0
206,2003,2,19,10,14,19,19,0.357143,5,0,0,0,0,36047020600,11228,0,64,75,64,-0.146667,-11,0,0
206,2003,3,16,19,14,16,16,0.142857,2,0,0,0,0,36047020600,11228,0,74,60,74,0.233333,14,0,0
206,2003,4,16,16,15,16,16,0.066667,1,0,0,0,0,36047020600,11228,0,64,75,64,-0.146667,-11,0,0
206,2003,5,17,16,19,17,17,-0.105263,-2,0,0,0,0,36047020600,11228,0,72,77,72,-0.064935,-5,0,0
206,2004,0,13,13,15,14,14,-0.133333,-2,-0.071429,-1,-0.071429,-1,36047020600,11228,0,52,47,66,0.106383,5,-0.212121,-14
206,2004,1,14,13,10,11,11,0.4,4,0.272727,3,0.272727,3,36047020600,11228,0,61,76,65,-0.197368,-15,-0.061538,-4
206,2004,2,12,14,19,15,15,-0.368421,-7,-0.2,-3,-0.2,-3,36047020600,11228,0,72,64,63,0.125,8,0.142857,9
206,2004,3,14,12,16,14,14,-0.125,-2,0,0,0,0,36047020600,11228,0,77,74,68,0.040541,3,0.132353,9
206,2004,4,18,14,16,13,13,0.125,2,0.384615,5,0.384615,5,36047020600,11228,0,73,64,68,0.140625,9,0.073529,5
206,2004,5,12,18,17,12,12,-0.294118,-5,0,0,0,0,36047020600,11228,0,71,72,51,-0.013889,-1,0.392157,20
206,2005,0,11,11,13,9,9,-0.153846,-2,0.222222,2,0.222222,2,36047020600,11228,0,59,52,74,0.134615,7,-0.202703,-15
206,2005,1,12,11,14,19,19,-0.142857,-2,-0.368421,-7,-0.368421,-7,36047020600,11228,1,54,61,72,-0.114754,-7,-0.25,-18
206,2005,2,16,12,12,14,14,0.333333,4,0.142857,2,0.142857,2,36047020600,11228,0,67,72,75,-0.069444,-5,-0.106667,-8
206,2005,3,13,16,14,14,14,-0.071429,-1,-0.071429,-1,-0.071429,-1,36047020600,11228,0,78,77,60,0.012987,1,0.3,18
206,2005,4,14,13,18,15,15,-0.222222,-4,-0.066667,-1,-0.066667,-1,36047020600,11228,0,79,73,75,0.082192,6,0.053333,4
206,2005,5,18,14,12,19,19,0.5,6,-0.052632,-1,-0.052632,-1,36047020600,11228,0,79,71,77,0.112676,8,0.025974,2
206,2006,0,15,15,11,15,15,0.363636,4,0,0,0,0,36047020600,11228,0,56,59,47,-0.050847,-3,0.191489,9
206,2006,1,13,15,12,10,10,0.083333,1,0.3,3,0.3,3,36047020600,11228,0,81,54,76,0.5,27,0.065789,5
206,2006,2,12,13,16,19,19,-0.25,-4,-0.368421,-7,-0.368421,-7,36047020600,11228,1,54,67,64,-0.19403,-13,-0.15625,-10
206,2006,3,11,12,13,16,16,-0.153846,-2,-0.3125,-5,-0.3125,-5,36047020600,11228,0,67,78,74,-0.141026,-11,-0.094595,-7
206,2006,4,15,11,14,16,16,0.071429,1,-0.0625,-1,-0.0625,-1,36047020600,11228,0,77,79,64,-0.025316,-2,0.203125,13
206,2006,5,12,15,18,17,17,-0.333333,-6,-0.294118,-5,-0.294118,-5,36047020600,11228,1,76,79,72,-0.037975,-3,0.055556,4
206,2007,0,8,8,15,13,13,-0.466667,-7,-0.384615,-5,-0.384615,-5,36047020600,11228,1,57,56,52,0.017857,1,0.096154,5
206,2007,1,17,8,13,14,14,0.307692,4,0.214286,3,0.214286,3,36047020600,11228,0,45,81,61,-0.444444,-36,-0.262295,-16
206,2007,2,12,17,12,12,12,0,0,0,0,0,0,36047020600,11228,0,84,54,72,0.555556,30,0.166667,12
206,2007,3,10,12,11,14,14,-0.090909,-1,-0.285714,-4,-0.285714,-4,36047020600,11228,1,47,67,77,-0.298507,-20,-0.38961,-30
206,2007,4,13,10,15,18,18,-0.133333,-2,-0.277778,-5,-0.277778,-5,36047020600,11228,1,69,77,73,-0.103896,-8,-0.054795,-4
206,2007,5,15,13,12,12,12,0.25,3,0.25,3,0.25,3,36047020600,11228,0,72,76,71,-0.052632,-4,0.014085,1
206,2008,0,13,13,8,11,11,0.625,5,0.181818,2,0.181818,2,36047020600,11228,1,64,57,59,0.122807,7,0.084746,5
206,2008,1,10,13,17,12,12,-0.411765,-7,-0.166667,-2,-0.166667,-2,36047020600,11228,1,73,45,54,0.622222,28,0.351852,19
206,2008,2,16,10,12,16,16,0.333333,4,0,0,0,0,36047020600,11228,0,49,84,67,-0.416667,-35,-0.268657,-18
206,2008,3,12,16,10,13,13,0.2,2,-0.076923,-1,-0.076923,-1,36047020600,11228,0,88,47,78,0.87234,41,0.128205,10
206,2008,4,11,12,13,14,14,-0.153846,-2,-0.214286,-3,-0.214286,-3,36047020600,11228,1,56,69,79,-0.188406,-13,-0.291139,-23
206,2008,5,15,11,15,18,18,0,0,-0.166667,-3,-0.166667,-3,36047020600,11228,0,82,72,79,0.138889,10,0.037975,3
206,2009,0,15,15,13,15,15,0.153846,2,0,0,0,0,36047020600,11228,0,79,64,56,0.234375,15,0.410714,23
206,2009,1,13,15,10,13,13,0.3,3,0,0,0,0,36047020600,11228,0,81,73,81,0.109589,8,0,0
206,2009,2,12,13,16,12,12,-0.25,-4,0,0,0,0,36047020600,11228,0,86,49,54,0.755102,37,0.592593,32
206,2009,3,16,12,12,11,11,0.333333,4,0.454545,5,0.454545,5,36047020600,11228,0,65,88,67,-0.261364,-23,-0.029851,-2
206,2009,4,18,16,11,15,15,0.636364,7,0.2,3,0.2,3,36047020600,11228,0,96,56,77,0.714286,40,0.246753,19
206,2009,5,12,18,15,12,12,-0.2,-3,0,0,0,0,36047020600,11228,0,78,82,76,-0.04878,-4,0.026316,2
206,2010,0,19,19,15,8,8,0.266667,4,1.375,11,1.375,11,36047020600,11228,0,76,79,57,-0.037975,-3,0.333333,19
206,2010,1,18,19,13,17,17,0.384615,5,0.058824,1,0.058824,1,36047020600,11228,0,97,81,45,0.197531,16,1.155556,52
206,2010,2,13,18,12,12,12,0.083333,1,0.083333,1,0.083333,1,36047020600,11228,0,84,86,84,-0.023256,-2,0,0
206,2010,3,13,13,16,10,10,-0.1875,-3,0.3,3,0.3,3,36047020600,11228,0,96,65,47,0.476923,31,1.042553,49
206,2010,4,16,13,18,13,13,-0.111111,-2,0.230769,3,0.230769,3,36047020600,11228,0,66,96,69,-0.3125,-30,-0.043478,-3
206,2010,5,16,16,12,15,15,0.333333,4,0.066667,1,0.066667,1,36047020600,11228,0,113,78,72,0.448718,35,0.569444,41
207,2010,3,1,0,0,0,0,1,1,1,1,1,1,36047020700,11238,0,0,0,0,0,0,0,0
208,2001,0,13,13,13,13,13,0,0,0,0,0,0,36047020800,11219,0,100,100,100,0,0,0,0
208,2001,1,20,13,20,20,20,0,0,0,0,0,0,36047020800,11219,0,102,102,102,0,0,0,0
208,2001,2,20,20,20,20,20,0,0,0,0,0,0,36047020800,11219,0,130,130,130,0,0,0,0
208,2001,3,19,20,19,19,19,0,0,0,0,0,0,36047020800,11219,1,90,90,90,0,0,0,0
208,2001,4,23,19,23,23,23,0,0,0,0,0,0,36047020800,11219,0,94,94,94,0,0,0,0
208,2001,5,19,23,19,19,19,0,0,0,0,0,0,36047020800,11219,0,103,103,103,0,0,0,0
208,2002,0,19,19,13,19,19,0.461538,6,0,0,0,0,36047020800,11219,0,103,100,103,0.03,3,0,0
208,2002,1,17,19,20,17,17,-0.15,-3,0,0,0,0,36047020800,11219,0,106,102,106,0.039216,4,0,0
208,2002,2,23,17,20,23,23,0.15,3,0,0,0,0,36047020800,11219,0,103,130,103,-0.207692,-27,0,0
208,2002,3,22,23,19,22,22,0.157895,3,0,0,0,0,36047020800,11219,0,123,90,123,0.366667,33,0,0
208,2002,4,18,22,23,18,18,-0.217391,-5,0,0,0,0,36047020800,11219,1,94,94,94,0,0,0,0
208,2002,5,30,18,19,30,30,0.578947,11,0,0,0,0,36047020800,11219,0,109,103,109,0.058252,6,0,0
208,2003,0,12,12,19,12,12,-0.368421,-7,0,0,0,0,36047020800,11219,1,100,103,100,-0.029126,-3,0,0
208,2003,1,18,12,17,18,18,0.058824,1,0,0,0,0,36047020800,11219,0,108,106,108,0.018868,2,0,0
208,2003,2,15,18,23,15,15,-0.347826,-8,0,0,0,0,36047020800,11219,0,107,103,107,0.038835,4,0,0
208,2003,3,23,15,22,23,23,0.045455,1,0,0,0,0,36047020800,11219,0,113,123,113,-0.081301,-10,0,0
208,2003,4,24,23,18,24,24,0.333333,6,0,0,0,0,36047020800,11219,0,138,94,138,0.468085,44,0,0
208,2003,5,21,24,30,21,21,-0.3,-9,0,0,0,0,36047020800,11219,0,103,109,103,-0.055046,-6,0,0
208,2004,0,14,14,12,13,13,0.166667,2,0.076923,1,0.076923,1,36047020800,11219,1,108,100,100,0.08,8,0.08,8
208,2004,1,12,14,18,20,20,-0.333333,-6,-0.4,-8,-0.4,-8,36047020800,11219,1,112,108,102,0.037037,4,0.098039,10
208,2004,2,13,12,15,20,20,-0.133333,-2,-0.35,-7,-0.35,-7,36047020800,11219,1,110,107,130,0.028037,3,-0.153846,-20
208,2004,3,17,13,23,19,19,-0.26087,-6,-0.105263,-2,-0.105263,-2,36047020800,11219,0,100,113,90,-0.115044,-13,0.111111,10
208,2004,4,21,17,24,23,23,-0.125,-3,-0.086957,-2,-0.086957,-2,36047020800,11219,0,113,138,94,-0.181159,-25,0.202128,19
208,2004,5,24,21,21,19,19,0.142857,3,0.263158,5,0.263158,5,36047020800,11219,0,141,103,103,0.368932,38,0.368932,38
208,2005,0,17,17,14,19,19,0.214286,3,-0.105263,-2,-0.105263,-2,36047020800,11219,0,121,108,103,0.12037,13,0.174757,18
208,2005,1,15,17,12,17,17,0.25,3,-0.117647,-2,-0.117647,-2,36047020800,11219,1,116,112,106,0.035714,4,0.09434,10
208,2005,2,14,15,13,23,23,0.076923,1,-0.391304,-9,-0.391304,-9,36047020800,11219,1,118,110,103,0.072727,8,0.145631,15
208,2005,3,15,14,17,22,22,-0.117647,-2,-0.318182,-7,-0.318182,-7,36047020800,11219,0,109,100,123,0.09,9,-0.113821,-14
208,2005,4,18,15,21,18,18,-0.142857,-3,0,0,0,0,36047020800,11219,0,100,113,94,-0.115044,-13,0.06383,6
208,2005,5,23,18,24,30,30,-0.041667,-1,-0.233333,-7,-0.233333,-7,36047020800,11219,0,128,141,109,-0.092199,-13,0.174312,19
208,2006,0,18,18,17,12,12,0.058824,1,0.5,6,0.5,6,36047020800,11219,0,107,121,100,-0.115702,-14,0.07,7
208,2006,1,19,18,15,18,18,0.266667,4,0.055556,1,0.055556,1,36047020800,11219,0,137,116,108,0.181034,21,0.268519,29
208,2006,2,17,19,14,15,15,0.214286,3,0.133333,2,0.133333,2,36047020800,11219,1,118,118,107,0,0,0.102804,11
208,2006,3,10,17,15,23,23,-0.333333,-5,-0.565217,-13,-0.565217,-13,36047020800,11219,1,112,109,113,0.027523,3,-0.00885,-1
208,2006,4,14,10,18,24,24,-0.222222,-4,-0.416667,-10,-0.416667,-10,36047020800,11219,1,108,100,138,0.08,8,-0.217391,-30
208,2006,5,21,14,23,21,21,-0.086957,-2,0,0,0,0,36047020800,11219,0,103,128,103,-0.195313,-25,0,0
208,2007,0,12,12,18,14,14,-0.333333,-6,-0.142857,-2,-0.142857,-2,36047020800,11219,1,89,107,108,-0.168224,-18,-0.175926,-19
208,2007,1,18,12,19,12,12,-0.052632,-1,0.5,6,0.5,6,36047020800,11219,1,113,137,112,-0.175182,-24,0.008929,1
208,2007,2,22,18,17,13,13,0.294118,5,0.692308,9,0.692308,9,36047020800,11219,0,138,118,110,0.169492,20,0.254545,28
208,2007,3,16,22,10,17,17,0.6,6,-0.058824,-1,-0.058824,-1,36047020800,11219,1,113,112,100,0.008929,1,0.13,13
208,2007,4,13,16,14,21,21,-0.071429,-1,-0.380952,-8,-0.380952,-8,36047020800,11219,1,105,108,113,-0.027778,-3,-0.070796,-8
208,2007,5,14,13,21,24,24,-0.333333,-7,-0.416667,-10,-0.416667,-10,36047020800,11219,1,105,103,141,0.019417,2,-0.255319,-36
208,2008,0,18,18,12,17,17,0.5,6,0.058824,1,0.058824,1,36047020800,11219,0,126,89,121,0.41573,37,0.041322,5
208,2008,1,19,18,18,15,15,0.055556,1,0.266667,4,0.266667,4,36047020800,11219,1,111,113,116,-0.017699,-2,-0.043103,-5
208,2008,2,21,19,22,14,14,-0.045455,-1,0.5,7,0.5,7,36047020800,11219,1,120,138,118,-0.130435,-18,0.016949,2
208,2008,3,26,21,16,15,15,0.625,10,0.733333,11,0.733333,11,36047020800,11219,0,141,113,109,0.247788,28,0.293578,32
208,2008,4,21,26,13,18,18,0.615385,8,0.166667,3,0.166667,3,36047020800,11219,1,119,105,100,0.133333,14,0.19,19
208,2008,5,18,21,14,23,23,0.285714,4,-0.217391,-5,-0.217391,-5,36047020800,11219,1,109,105,128,0.038095,4,-0.148438,-19
208,2009,0,27,27,18,18,18,0.5,9,0.5,9,0.5,9,36047020800,11219,0,145,126,107,0.150794,19,0.35514,38
208,2009,1,23,27,19,19,19,0.210526,4,0.210526,4,0.210526,4,36047020800,11219,0,152,111,137,0.369369,41,0.109489,15
208,2009,2,23,23,21,17,17,0.095238,2,0.352941,6,0.352941,6,36047020800,11219,0,138,120,118,0.15,18,0.169492,20
208,2009,3,25,23,26,10,10,-0.038462,-1,1.5,15,1.5,15,36047020800,11219,0,136,141,112,-0.035461,-5,0.214286,24
208,2009,4,29,25,21,14,14,0.380952,8,1.071429,15,1.071429,15,36047020800,11219,0,157,119,108,0.319328,38,0.453704,49
208,2009,5,31,29,18,21,21,0.722222,13,0.47619,10,0.47619,10,36047020800,11219,0,144,109,103,0.321101,35,0.398058,41
208,2010,0,19,19,27,12,12,-0.296296,-8,0.583333,7,0.583333,7,36047020800,11219,0,165,145,89,0.137931,20,0.853933,76
208,2010,1,32,19,23,18,18,0.391304,9,0.777778,14,0.777778,14,36047020800,11219,0,169,152,113,0.111842,17,0.495575,56
208,2010,2,26,32,23,22,22,0.130435,3,0.181818,4,0.181818,4,36047020800,11219,0,158,138,138,0.144928,20,0.144928,20
208,2010,3,28,26,25,16,16,0.12,3,0.75,12,0.75,12,36047020800,11219,0,132,136,113,-0.029412,-4,0.168142,19
208,2010,4,28,28,29,13,13,-0.034483,-1,1.153846,15,1.153846,15,36047020800,11219,0,139,157,105,-0.11465,-18,0.32381,34
208,2010,5,38,28,31,14,14,0.225806,7,1.714286,24,1.714286,24,36047020800,11219,0,171,144,105,0.1875,27,0.628571,66
210,2001,0,27,27,27,27,27,0,0,0,0,0,0,36047021000,11219,0,118,118,118,0,0,0,0
210,2001,1,17,27,17,17,17,0,0,0,0,0,0,36047021000,11219,1,126,126,126,0,0,0,0
210,2001,2,39,17,39,39,39,0,0,0,0,0,0,36047021000,11219,0,164,164,164,0,0,0,0
210,2001,3,19,39,19,19,19,0,0,0,0,0,0,36047021000,11219,1,133,133,133,0,0,0,0
210,2001,4,23,19,23,23,23,0,0,0,0,0,0,36047021000,11219,1,130,130,130,0,0,0,0
210,2001,5,29,23,29,29,29,0,0,0,0,0,0,36047021000,11219,0,149,149,149,0,0,0,0
210,2002,0,27,27,27,27,27,0,0,0,0,0,0,36047021000,11219,0,117,118,117,-0.008475,-1,0,0
210,2002,1,24,27,17,24,24,0.411765,7,0,0,0,0,36047021000,11219,1,131,126,131,0.039683,5,0,0
210,2002,2,20,24,39,20,20,-0.487179,-19,0,0,0,0,36047021000,11219,1,137,164,137,-0.164634,-27,0,0
210,2002,3,40,20,19,40,40,1.105263,21,0,0,0,0,36047021000,11219,0,161,133,161,0.210526,28,0,0
210,2002,4,19,40,23,19,19,-0.173913,-4,0,0,0,0,36047021000,11219,1,136,130,136,0.046154,6,0,0
210,2002,5,27,19,29,27,27,-0.068966,-2,0,0,0,0,36047021000,11219,1,141,149,141,-0.053691,-8,0,0
210,2003,0,26,26,27,26,26,-0.037037,-1,0,0,0,0,36047021000,11219,0,103,117,103,-0.119658,-14,0,0
210,2003,1,30,26,24,30,30,0.25,6,0,0,0,0,36047021000,11219,0,123,131,123,-0.061069,-8,0,0
210,2003,2,27,30,20,27,27,0.35,7,0,0,0,0,36047021000,11219,1,121,137,121,-0.116788,-16,0,0
210,2003,3,27,27,40,27,27,-0.325,-13,0,0,0,0,36047021000,11219,1,142,161,142,-0.118012,-19,0,0
210,2003,4,45,27,19,45,45,1.368421,26,0,0,0,0,36047021000,11219,0,163,136,163,0.198529,27,0,0
210,2003,5,22,45,27,22,22,-0.185185,-5,0,0,0,0,36047021000,11219,1,144,141,144,0.021277,3,0,0
210,2004,0,22,22,26,27,27,-0.153846,-4,-0.185185,-5,-0.185185,-5,36047021000,11219,0,132,103,118,0.281553,29,0.118644,14
210,2004,1,28,22,30,17,17,-0.066667,-2,0.647059,11,0.647059,11,36047021000,11219,0,118,123,126,-0.04065,-5,-0.063492,-8
210,2004,2,32,28,27,39,39,0.185185,5,-0.179487,-7,-0.179487,-7,36047021000,11219,0,118,121,164,-0.024793,-3,-0.280488,-46
210,2004,3,27,32,27,19,19,0,0,0.421053,8,0.421053,8,36047021000,11219,1,122,142,133,-0.140845,-20,-0.082707,-11
210,2004,4,26,27,45,23,23,-0.422222,-19,0.130435,3,0.130435,3,36047021000,11219,1,136,163,130,-0.165644,-27,0.046154,6
210,2004,5,44,26,22,29,29,1,22,0.517241,15,0.517241,15,36047021000,11219,0,164,144,149,0.138889,20,0.100671,15
210,2005,0,23,23,22,27,27,0.045455,1,-0.148148,-4,-0.148148,-4,36047021000,11219,0,146,132,117,0.106061,14,0.247863,29
210,2005,1,28,23,28,24,24,0,0,0.166667,4,0.166667,4,36047021000,11219,0,136,118,131,0.152542,18,0.038168,5
210,2005,2,32,28,32,20,20,0,0,0.6,12,0.6,12,36047021000,11219,0,121,118,137,0.025424,3,-0.116788,-16
210,2005,3,35,32,27,40,40,0.296296,8,-0.125,-5,-0.125,-5,36047021000,11219,0,122,122,161,0,0,-0.242236,-39
210,2005,4,27,35,26,19,19,0.038462,1,0.421053,8,0.421053,8,36047021000,11219,1,129,136,136,-0.051471,-7,-0.051471,-7
210,2005,5,29,27,44,27,27,-0.340909,-15,0.074074,2,0.074074,2,36047021000,11219,0,160,164,141,-0.02439,-4,0.134752,19
210,2006,0,16,16,23,26,26,-0.304348,-7,-0.384615,-10,-0.384615,-10,36047021000,11219,1,141,146,103,-0.034247,-5,0.368932,38
210,2006,1,27,16,28,30,30,-0.035714,-1,-0.1,-3,-0.1,-3,36047021000,11219,0,150,136,123,0.102941,14,0.219512,27
210,2006,2,30,27,32,27,27,-0.0625,-2,0.111111,3,0.111111,3,36047021000,11219,0,147,121,121,0.214876,26,0.214876,26
210,2006,3,35,30,35,27,27,0,0,0.296296,8,0.296296,8,36047021000,11219,0,117,122,142,-0.040984,-5,-0.176056,-25
210,2006,4,30,35,27,45,45,0.111111,3,-0.333333,-15,-0.333333,-15,36047021000,11219,0,119,129,163,-0.077519,-10,-0.269939,-44
210,2006,5,28,30,29,22,22,-0.034483,-1,0.272727,6,0.272727,6,36047021000,11219,0,137,160,144,-0.14375,-23,-0.048611,-7
210,2007,0,20,20,16,22,22,0.25,4,-0.090909,-2,-0.090909,-2,36047021000,11219,1,120,141,132,-0.148936,-21,-0.090909,-12
210,2007,1,13,20,27,28,28,-0.518519,-14,-0.535714,-15,-0.535714,-15,36047021000,11219,1,152,150,118,0.013333,2,0.288136,34
210,2007,2,25,13,30,32,32,-0.166667,-5,-0.21875,-7,-0.21875,-7,36047021000,11219,1,157,147,118,0.068027,10,0.330508,39
210,2007,3,27,25,35,27,27,-0.228571,-8,0,0,0,0,36047021000,11219,1,137,117,122,0.17094,20,0.122951,15
210,2007,4,32,27,30,26,26,0.066667,2,0.230769,6,0.230769,6,36047021000,11219,0,116,119,136,-0.02521,-3,-0.147059,-20
210,2007,5,30,32,28,44,44,0.071429,2,-0.318182,-14,-0.318182,-14,36047021000,11219,1,110,137,164,-0.19708,-27,-0.329268,-54
210,2008,0,36,36,20,23,23,0.8,16,0.565217,13,0.565217,13,36047021000,11219,1,152,120,146,0.266667,32,0.041096,6
210,2008,1,22,36,13,28,28,0.692308,9,-0.214286,-6,-0.214286,-6,36047021000,11219,1,146,152,136,-0.039474,-6,0.073529,10
210,2008,2,23,22,25,32,32,-0.08,-2,-0.28125,-9,-0.28125,-9,36047021000,11219,1,161,157,121,0.025478,4,0.330579,40
210,2008,3,26,23,27,35,35,-0.037037,-1,-0.257143,-9,-0.257143,-9,36047021000,11219,1,179,137,122,0.306569,42,0.467213,57
210,2008,4,29,26,32,27,27,-0.09375,-3,0.074074,2,0.074074,2,36047021000,11219,1,150,116,129,0.293103,34,0.162791,21
210,2008,5,30,29,30,29,29,0,0,0.034483,1,0.034483,1,36047021000,11219,1,139,110,160,0.263636,29,-0.13125,-21
210,2009,0,48,48,36,16,16,0.333333,12,2,32,2,32,36047021000,11219,0,171,152,141,0.125,19,0.212766,30
210,2009,1,45,48,22,27,27,1.045455,23,0.666667,18,0.666667,18,36047021000,11219,0,188,146,150,0.287671,42,0.253333,38
210,2009,2,30,45,23,30,30,0.304348,7,0,0,0,0,36047021000,11219,0,170,161,147,0.055901,9,0.156463,23
210,2009,3,31,30,26,35,35,0.192308,5,-0.114286,-4,-0.114286,-4,36047021000,11219,0,187,179,117,0.044693,8,0.598291,70
210,2009,4,30,31,29,30,30,0.034483,1,0,0,0,0,36047021000,11219,0,194,150,119,0.293333,44,0.630252,75
210,2009,5,35,30,30,28,28,0.166667,5,0.25,7,0.25,7,36047021000,11219,0,182,139,137,0.309353,43,0.328467,45
210,2010,0,45,45,48,20,20,-0.0625,-3,1.25,25,1.25,25,36047021000,11219,0,161,171,120,-0.05848,-10,0.341667,41
210,2010,1,57,45,45,13,13,0.266667,12,3.384615,44,3.384615,44,36047021000,11219,0,197,188,152,0.047872,9,0.296053,45
210,2010,2,46,57,30,25,25,0.533333,16,0.84,21,0.84,21,36047021000,11219,0,199,170,157,0.170588,29,0.267516,42
210,2010,3,29,46,31,27,27,-0.064516,-2,0.074074,2,0.074074,2,36047021000,11219,0,173,187,137,-0.074866,-14,0.262774,36
210,2010,4,33,29,30,32,32,0.1,3,0.03125,1,0.03125,1,36047021000,11219,0,196,194,116,0.010309,2,0.689655,80
210,2010,5,33,33,35,30,30,-0.057143,-2,0.1,3,0.1,3,36047021000,11219,0,213,182,110,0.17033,31,0.936364,103
212,2001,0,27,27,27,27,27,0,0,0,0,0,0,36047021200,11219,1,121,121,121,0,0,0,0
212,2001,1,38,27,38,38,38,0,0,0,0,0,0,36047021200,11219,0,119,119,119,0,0,0,0
212,2001,2,50,38,50,50,50,0,0,0,0,0,0,36047021200,11219,0,174,174,174,0,0,0,0
212,2001,3,33,50,33,33,33,0,0,0,0,0,0,36047021200,11219,1,124,124,124,0,0,0,0
212,2001,4,31,33,31,31,31,0,0,0,0,0,0,36047021200,11219,1,146,146,146,0,0,0,0
212,2001,5,42,31,42,42,42,0,0,0,0,0,0,36047021200,11219,0,149,149,149,0,0,0,0
212,2002,0,41,41,27,41,41,0.518519,14,0,0,0,0,36047021200,11219,1,131,121,131,0.082645,10,0,0
212,2002,1,27,41,38,27,27,-0.289474,-11,0,0,0,0,36047021200,11219,1,134,119,134,0.12605,15,0,0
212,2002,2,36,27,50,36,36,-0.28,-14,0,0,0,0,36047021200,11219,0,132,174,132,-0.241379,-42,0,0
212,2002,3,46,36,33,46,46,0.393939,13,0,0,0,0,36047021200,11219,0,184,124,184,0.483871,60,0,0
212,2002,4,32,46,31,32,32,0.032258,1,0,0,0,0,36047021200,11219,0,123,146,123,-0.157534,-23,0,0
212,2002,5,35,32,42,35,35,-0.166667,-7,0,0,0,0,36047021200,11219,1,154,149,154,0.033557,5,0,0
212,2003,0,33,33,41,33,33,-0.195122,-8,0,0,0,0,36047021200,11219,1,122,131,122,-0.068702,-9,0,0
212,2003,1,39,33,27,39,39,0.444444,12,0,0,0,0,36047021200,11219,1,145,134,145,0.08209,11,0,0
212,2003,2,26,39,36,26,26,-0.277778,-10,0,0,0,0,36047021200,11219,1,134,132,134,0.015152,2,0,0
212,2003,3,38,26,46,38,38,-0.173913,-8,0,0,0,0,36047021200,11219,0,134,184,134,-0.271739,-50,0,0
212,2003,4,47,38,32,47,47,0.46875,15,0,0,0,0,36047021200,11219,0,186,123,186,0.512195,63,0,0
212,2003,5,34,47,35,34,34,-0.028571,-1,0,0,0,0,36047021200,11219,1,137,154,137,-0.11039,-17,0,0
212,2004,0,49,49,33,27,27,0.484848,16,0.814815,22,0.814815,22,36047021200,11219,0,116,122,121,-0.04918,-6,-0.041322,-5
212,2004,1,37,49,39,38,38,-0.051282,-2,-0.026316,-1,-0.026316,-1,36047021200,11219,1,131,145,119,-0.096552,-14,0.10084,12
212,2004,2,36,37,26,50,50,0.384615,10,-0.28,-14,-0.28,-14,36047021200,11219,1,140,134,174,0.044776,6,-0.195402,-34
212,2004,3,26,36,38,33,33,-0.315789,-12,-0.212121,-7,-0.212121,-7,36047021200,11219,1,129,134,124,-0.037313,-5,0.040323,5
212,2004,4,34,26,47,31,31,-0.276596,-13,0.096774,3,0.096774,3,36047021200,11219,0,135,186,146,-0.274194,-51,-0.075342,-11
212,2004,5,46,34,34,42,42,0.352941,12,0.095238,4,0.095238,4,36047021200,11219,0,184,137,149,0.343066,47,0.234899,35
212,2005,0,52,52,49,41,41,0.061224,3,0.268293,11,0.268293,11,36047021200,11219,0,122,116,131,0.051724,6,-0.068702,-9
212,2005,1,45,52,37,27,27,0.216216,8,0.666667,18,0.666667,18,36047021200,11219,1,122,131,134,-0.068702,-9,-0.089552,-12
212,2005,2,36,45,36,36,36,0,0,0,0,0,0,36047021200,11219,1,135,140,132,-0.035714,-5,0.022727,3
212,2005,3,30,36,26,46,46,0.153846,4,-0.347826,-16,-0.347826,-16,36047021200,11219,1,147,129,184,0.139535,18,-0.201087,-37
212,2005,4,26,30,34,32,32,-0.235294,-8,-0.1875,-6,-0.1875,-6,36047021200,11219,1,132,135,123,-0.022222,-3,0.073171,9
212,2005,5,45,26,46,35,35,-0.021739,-1,0.285714,10,0.285714,10,36047021200,11219,0,153,184,154,-0.168478,-31,-0.006494,-1
212,2006,0,48,48,52,33,33,-0.076923,-4,0.454545,15,0.454545,15,36047021200,11219,0,126,122,122,0.032787,4,0.032787,4
212,2006,1,51,48,45,39,39,0.133333,6,0.307692,12,0.307692,12,36047021200,11219,0,133,122,145,0.090164,11,-0.082759,-12
212,2006,2,51,51,36,26,26,0.416667,15,0.961538,25,0.961538,25,36047021200,11219,1,134,135,134,-0.007407,-1,0,0
212,2006,3,35,51,30,38,38,0.166667,5,-0.078947,-3,-0.078947,-3,36047021200,11219,1,140,147,134,-0.047619,-7,0.044776,6
212,2006,4,32,35,26,47,47,0.230769,6,-0.319149,-15,-0.319149,-15,36047021200,11219,1,139,132,186,0.05303,7,-0.252688,-47
212,2006,5,31,32,45,34,34,-0.311111,-14,-0.088235,-3,-0.088235,-3,36047021200,11219,0,132,153,137,-0.137255,-21,-0.036496,-5
212,2007,0,39,39,48,49,49,-0.1875,-9,-0.204082,-10,-0.204082,-10,36047021200,11219,1,117,126,116,-0.071429,-9,0.008621,1
212,2007,1,55,39,51,37,37,0.078431,4,0.486486,18,0.486486,18,36047021200,11219,0,128,133,131,-0.037594,-5,-0.022901,-3
212,2007,2,55,55,51,36,36,0.078431,4,0.527778,19,0.527778,19,36047021200,11219,0,135,134,140,0.007463,1,-0.035714,-5
212,2007,3,51,55,35,26,26,0.457143,16,0.961538,25,0.961538,25,36047021200,11219,1,126,140,129,-0.1,-14,-0.023256,-3
212,2007,4,34,51,32,34,34,0.0625,2,0,0,0,0,36047021200,11219,1,141,139,135,0.014388,2,0.044444,6
212,2007,5,27,34,31,46,46,-0.129032,-4,-0.413043,-19,-0.413043,-19,36047021200,11219,1,130,132,184,-0.015152,-2,-0.293478,-54
212,2008,0,44,44,39,52,52,0.128205,5,-0.153846,-8,-0.153846,-8,36047021200,11219,1,167,117,122,0.42735,50,0.368852,45
212,2008,1,46,44,55,45,45,-0.163636,-9,0.022222,1,0.022222,1,36047021200,11219,1,131,128,122,0.023438,3,0.07377,9
212,2008,2,54,46,55,36,36,-0.018182,-1,0.5,18,0.5,18,36047021200,11219,0,149,135,135,0.103704,14,0.103704,14
212,2008,3,59,54,51,30,30,0.156863,8,0.966667,29,0.966667,29,36047021200,11219,0,152,126,147,0.206349,26,0.034014,5
212,2008,4,53,59,34,26,26,0.558824,19,1.038462,27,1.038462,27,36047021200,11219,0,145,141,132,0.028369,4,0.098485,13
212,2008,5,32,53,27,45,45,0.185185,5,-0.288889,-13,-0.288889,-13,36047021200,11219,1,166,130,153,0.276923,36,0.084967,13
212,2009,0,46,46,44,48,48,0.045455,2,-0.041667,-2,-0.041667,-2,36047021200,11219,0,227,167,126,0.359281,60,0.801587,101
212,2009,1,56,46,46,51,51,0.217391,10,0.098039,5,0.098039,5,36047021200,11219,0,203,131,133,0.549618,72,0.526316,70
212,2009,2,52,56,54,51,51,-0.037037,-2,0.019608,1,0.019608,1,36047021200,11219,0,161,149,134,0.080537,12,0.201493,27
212,2009,3,55,52,59,35,35,-0.067797,-4,0.571429,20,0.571429,20,36047021200,11219,0,179,152,140,0.177632,27,0.278571,39
212,2009,4,59,55,53,32,32,0.113208,6,0.84375,27,0.84375,27,36047021200,11219,0,188,145,139,0.296552,43,0.352518,49
212,2009,5,61,59,32,31,31,0.90625,29,0.967742,30,0.967742,30,36047021200,11219,0,183,166,132,0.10241,17,0.386364,51
212,2010,0,51,51,46,39,39,0.108696,5,0.307692,12,0.307692,12,36047021200,11219,0,184,227,117,-0.189427,-43,0.57265,67
212,2010,1,51,51,56,55,55,-0.089286,-5,-0.072727,-4,-0.072727,-4,36047021200,11219,0,249,203,128,0.226601,46,0.945313,121
212,2010,2,56,51,52,55,55,0.076923,4,0.018182,1,0.018182,1,36047021200,11219,0,215,161,135,0.335404,54,0.592593,80
212,2010,3,41,56,55,51,51,-0.254545,-14,-0.196078,-10,-0.196078,-10,36047021200,11219,0,179,179,126,0,0,0.420635,53
212,2010,4,55,41,59,34,34,-0.067797,-4,0.617647,21,0.617647,21,36047021200,11219,0,189,188,141,0.005319,1,0.340426,48
212,2010,5,61,55,61,27,27,0,0,1.259259,34,1.259259,34,36047021200,11219,0,207,183,130,0.131148,24,0.592308,77
214,2001,0,13,13,13,13,13,0,0,0,0,0,0,36047021400,11219,0,155,155,155,0,0,0,0
214,2001,1,13,13,13,13,13,0,0,0,0,0,0,36047021400,11219,0,165,165,165,0,0,0,0
214,2001,2,18,13,18,18,18,0,0,0,0,0,0,36047021400,11219,0,170,170,170,0,0,0,0
214,2001,3,12,18,12,12,12,0,0,0,0,0,0,36047021400,11219,0,155,155,155,0,0,0,0
214,2001,4,21,12,21,21,21,0,0,0,0,0,0,36047021400,11219,0,146,146,146,0,0,0,0
214,2001,5,10,21,10,10,10,0,0,0,0,0,0,36047021400,11219,0,149,149,149,0,0,0,0
214,2002,0,12,12,13,12,12,-0.076923,-1,0,0,0,0,36047021400,11219,0,156,155,156,0.006452,1,0,0
214,2002,1,10,12,13,10,10,-0.230769,-3,0,0,0,0,36047021400,11219,0,169,165,169,0.024242,4,0,0
214,2002,2,11,10,18,11,11,-0.388889,-7,0,0,0,0,36047021400,11219,1,158,170,158,-0.070588,-12,0,0
214,2002,3,18,11,12,18,18,0.5,6,0,0,0,0,36047021400,11219,0,175,155,175,0.129032,20,0,0
214,2002,4,11,18,21,11,11,-0.47619,-10,0,0,0,0,36047021400,11219,0,148,146,148,0.013699,2,0,0
214,2002,5,21,11,10,21,21,1.1,11,0,0,0,0,36047021400,11219,0,149,149,149,0,0,0,0
214,2003,0,10,10,12,10,10,-0.166667,-2,0,0,0,0,36047021400,11219,1,160,156,160,0.025641,4,0,0
214,2003,1,14,10,10,14,14,0.4,4,0,0,0,0,36047021400,11219,0,163,169,163,-0.035503,-6,0,0
214,2003,2,11,14,11,11,11,0,0,0,0,0,0,36047021400,11219,0,165,158,165,0.044304,7,0,0
214,2003,3,8,11,18,8,8,-0.555556,-10,0,0,0,0,36047021400,11219,1,156,175,156,-0.108571,-19,0,0
214,2003,4,16,8,11,16,16,0.454545,5,0,0,0,0,36047021400,11219,0,182,148,182,0.22973,34,0,0
214,2003,5,12,16,21,12,12,-0.428571,-9,0,0,0,0,36047021400,11219,0,144,149,144,-0.033557,-5,0,0
214,2004,0,12,12,10,13,13,0.2,2,-0.076923,-1,-0.076923,-1,36047021400,11219,1,176,160,155,0.1,16,0.135484,21
214,2004,1,10,12,14,13,13,-0.285714,-4,-0.230769,-3,-0.230769,-3,36047021400,11219,1,178,163,165,0.092025,15,0.078788,13
214,2004,2,14,10,11,18,18,0.272727,3,-0.222222,-4,-0.222222,-4,36047021400,11219,1,165,165,170,0,0,-0.029412,-5
214,2004,3,14,14,8,12,12,0.75,6,0.166667,2,0.166667,2,36047021400,11219,0,148,156,155,-0.051282,-8,-0.045161,-7
214,2004,4,13,14,16,21,21,-0.1875,-3,-0.380952,-8,-0.380952,-8,36047021400,11219,0,158,182,146,-0.131868,-24,0.082192,12
214,2004,5,17,13,12,10,10,0.416667,5,0.7,7,0.7,7,36047021400,11219,0,178,144,149,0.236111,34,0.194631,29
214,2005,0,15,15,12,12,12,0.25,3,0.25,3,0.25,3,36047021400,11219,0,176,176,156,0,0,0.128205,20
214,2005,1,12,15,10,10,10,0.2,2,0.2,2,0.2,2,36047021400,11219,1,175,178,169,-0.016854,-3,0.035503,6
214,2005,2,11,12,14,11,11,-0.214286,-3,0,0,0,0,36047021400,11219,1,164,165,158,-0.006061,-1,0.037975,6
214,2005,3,15,11,14,18,18,0.071429,1,-0.166667,-3,-0.166667,-3,36047021400,11219,0,157,148,175,0.060811,9,-0.102857,-18
214,2005,4,13,15,13,11,11,0,0,0.181818,2,0.181818,2,36047021400,11219,1,145,158,148,-0.082278,-13,-0.02027,-3
214,2005,5,14,13,17,21,21,-0.176471,-3,-0.333333,-7,-0.333333,-7,36047021400,11219,0,177,178,149,-0.005618,-1,0.187919,28
214,2006,0,17,17,15,10,10,0.133333,2,0.7,7,0.7,7,36047021400,11219,0,185,176,160,0.051136,9,0.15625,25
214,2006,1,19,17,12,14,14,0.583333,7,0.357143,5,0.357143,5,36047021400,11219,0,182,175,163,0.04,7,0.116564,19
214,2006,2,17,19,11,11,11,0.545455,6,0.545455,6,0.545455,6,36047021400,11219,1,171,164,165,0.042683,7,0.036364,6
214,2006,3,14,17,15,8,8,-0.066667,-1,0.75,6,0.75,6,36047021400,11219,0,179,157,156,0.140127,22,0.147436,23
214,2006,4,15,14,13,16,16,0.153846,2,-0.0625,-1,-0.0625,-1,36047021400,11219,1,166,145,182,0.144828,21,-0.087912,-16
214,2006,5,13,15,14,12,12,-0.071429,-1,0.083333,1,0.083333,1,36047021400,11219,1,164,177,144,-0.073446,-13,0.138889,20
214,2007,0,16,16,17,12,12,-0.058824,-1,0.333333,4,0.333333,4,36047021400,11219,1,147,185,176,-0.205405,-38,-0.164773,-29
214,2007,1,19,16,19,10,10,0,0,0.9,9,0.9,9,36047021400,11219,1,194,182,178,0.065934,12,0.089888,16
214,2007,2,19,19,17,14,14,0.117647,2,0.357143,5,0.357143,5,36047021400,11219,0,180,171,165,0.052632,9,0.090909,15
214,2007,3,17,19,14,14,14,0.214286,3,0.214286,3,0.214286,3,36047021400,11219,1,175,179,148,-0.022346,-4,0.182432,27
214,2007,4,19,17,15,13,13,0.266667,4,0.461538,6,0.461538,6,36047021400,11219,1,172,166,158,0.036145,6,0.088608,14
214,2007,5,13,19,13,17,17,0,0,-0.235294,-4,-0.235294,-4,36047021400,11219,1,152,164,178,-0.073171,-12,-0.146067,-26
214,2008,0,17,17,16,15,15,0.0625,1,0.133333,2,0.133333,2,36047021400,11219,1,201,147,176,0.367347,54,0.142045,25
214,2008,1,16,17,19,12,12,-0.157895,-3,0.333333,4,0.333333,4,36047021400,11219,1,151,194,175,-0.221649,-43,-0.137143,-24
214,2008,2,20,16,19,11,11,0.052632,1,0.818182,9,0.818182,9,36047021400,11219,1,188,180,164,0.044444,8,0.146341,24
214,2008,3,14,20,17,15,15,-0.176471,-3,-0.066667,-1,-0.066667,-1,36047021400,11219,1,188,175,157,0.074286,13,0.197452,31
214,2008,4,20,14,19,13,13,0.052632,1,0.538462,7,0.538462,7,36047021400,11219,0,171,172,145,-0.005814,-1,0.17931,26
214,2008,5,23,20,13,14,14,0.769231,10,0.642857,9,0.642857,9,36047021400,11219,0,162,152,177,0.065789,10,-0.084746,-15
214,2009,0,26,26,17,17,17,0.529412,9,0.529412,9,0.529412,9,36047021400,11219,0,255,201,185,0.268657,54,0.378378,70
214,2009,1,29,26,16,19,19,0.8125,13,0.526316,10,0.526316,10,36047021400,11219,0,244,151,182,0.615894,93,0.340659,62
214,2009,2,20,29,20,17,17,0,0,0.176471,3,0.176471,3,36047021400,11219,0,212,188,171,0.12766,24,0.239766,41
214,2009,3,20,20,14,14,14,0.428571,6,0.428571,6,0.428571,6,36047021400,11219,0,201,188,179,0.069149,13,0.122905,22
214,2009,4,22,20,20,15,15,0.1,2,0.466667,7,0.466667,7,36047021400,11219,0,217,171,166,0.269006,46,0.307229,51
214,2009,5,23,22,23,13,13,0,0,0.769231,10,0.769231,10,36047021400,11219,0,193,162,164,0.191358,31,0.176829,29
214,2010,0,32,32,26,16,16,0.230769,6,1,16,1,16,36047021400,11219,0,241,255,147,-0.054902,-14,0.639456,94
214,2010,1,32,32,29,19,19,0.103448,3,0.684211,13,0.684211,13,36047021400,11219,0,280,244,194,0.147541,36,0.443299,86
214,2010,2,26,32,20,19,19,0.3,6,0.368421,7,0.368421,7,36047021400,11219,0,249,212,180,0.174528,37,0.383333,69
214,2010,3,25,26,20,17,17,0.25,5,0.470588,8,0.470588,8,36047021400,11219,0,205,201,175,0.0199,4,0.171429,30
214,2010,4,19,25,22,19,19,-0.136364,-3,0,0,0,0,36047021400,11219,0,214,217,172,-0.013825,-3,0.244186,42
214,2010,5,24,19,23,13,13,0.043478,1,0.846154,11,0.846154,11,36047021400,11219,0,218,193,152,0.129534,25,0.434211,66
216,2001,0,14,14,14,14,14,0,0,0,0,0,0,36047021600,11219,0,132,132,132,0,0,0,0
216,2001,1,13,14,13,13,13,0,0,0,0,0,0,36047021600,11219,0,140,140,140,0,0,0,0
216,2001,2,9,13,9,9,9,0,0,0,0,0,0,36047021600,11219,1,114,114,114,0,0,0,0
216,2001,3,13,9,13,13,13,0,0,0,0,0,0,36047021600,11219,0,121,121,121,0,0,0,0
216,2001,4,12,13,12,12,12,0,0,0,0,0,0,36047021600,11219,0,112,112,112,0,0,0,0
216,2001,5,10,12,10,10,10,0,0,0,0,0,0,36047021600,11219,1,101,101,101,0,0,0,0
216,2002,0,8,8,14,8,8,-0.428571,-6,0,0,0,0,36047021600,11219,1,100,132,100,-0.242424,-32,0,0
216,2002,1,14,8,13,14,14,0.076923,1,0,0,0,0,36047021600,11219,0,136,140,136,-0.028571,-4,0,0
216,2002,2,12,14,9,12,12,0.333333,3,0,0,0,0,36047021600,11219,0,129,114,129,0.131579,15,0,0
216,2002,3,8,12,13,8,8,-0.384615,-5,0,0,0,0,36047021600,11219,1,117,121,117,-0.033058,-4,0,0
216,2002,4,13,8,12,13,13,0.083333,1,0,0,0,0,36047021600,11219,0,115,112,115,0.026786,3,0,0
216,2002,5,6,13,10,6,6,-0.4,-4,0,0,0,0,36047021600,11219,0,115,101,115,0.138614,14,0,0
216,2003,0,14,14,8,14,14,0.75,6,0,0,0,0,36047021600,11219,0,120,100,120,0.2,20,0,0
216,2003,1,10,14,14,10,10,-0.285714,-4,0,0,0,0,36047021600,11219,0,109,136,109,-0.198529,-27,0,0
216,2003,2,14,10,12,14,14,0.166667,2,0,0,0,0,36047021600,11219,0,131,129,131,0.015504,2,0,0
216,2003,3,13,14,8,13,13,0.625,5,0,0,0,0,36047021600,11219,0,119,117,119,0.017094,2,0,0
216,2003,4,10,13,13,10,10,-0.230769,-3,0,0,0,0,36047021600,11219,1,116,115,116,0.008696,1,0,0
216,2003,5,14,10,6,14,14,1.333333,8,0,0,0,0,36047021600,11219,0,100,115,100,-0.130435,-15,0,0
216,2004,0,12,12,14,14,14,-0.142857,-2,-0.142857,-2,-0.142857,-2,36047021600,11219,0,121,120,132,0.008333,1,-0.083333,-11
216,2004,1,16,12,10,13,13,0.6,6,0.230769,3,0.230769,3,36047021600,11219,0,138,109,140,0.266055,29,-0.014286,-2
216,2004,2,10,16,14,9,9,-0.285714,-4,0.111111,1,0.111111,1,36047021600,11219,1,117,131,114,-0.10687,-14,0.026316,3
216,2004,3,12,10,13,13,13,-0.076923,-1,-0.076923,-1,-0.076923,-1,36047021600,11219,1,126,119,121,0.058824,7,0.041322,5
216,2004,4,11,12,10,12,12,0.1,1,-0.083333,-1,-0.083333,-1,36047021600,11219,1,136,116,112,0.172414,20,0.214286,24
216,2004,5,8,11,14,10,10,-0.428571,-6,-0.2,-2,-0.2,-2,36047021600,11219,1,116,100,101,0.16,16,0.148515,15
216,2005,0,15,15,12,8,8,0.25,3,0.875,7,0.875,7,36047021600,11219,0,120,121,100,-0.008264,-1,0.2,20
216,2005,1,12,15,16,14,14,-0.25,-4,-0.142857,-2,-0.142857,-2,36047021600,11219,0,129,138,136,-0.065217,-9,-0.051471,-7
216,2005,2,14,12,10,12,12,0.4,4,0.166667,2,0.166667,2,36047021600,11219,0,130,117,129,0.111111,13,0.007752,1
216,2005,3,11,14,12,8,8,-0.083333,-1,0.375,3,0.375,3,36047021600,11219,0,120,126,117,-0.047619,-6,0.025641,3
216,2005,4,13,11,11,13,13,0.181818,2,0,0,0,0,36047021600,11219,1,125,136,115,-0.080882,-11,0.086957,10
216,2005,5,13,13,8,6,6,0.625,5,1.166667,7,1.166667,7,36047021600,11219,0,139,116,115,0.198276,23,0.208696,24
216,2006,0,11,11,15,14,14,-0.266667,-4,-0.214286,-3,-0.214286,-3,36047021600,11219,0,143,120,120,0.191667,23,0.191667,23
216,2006,1,15,11,12,10,10,0.25,3,0.5,5,0.5,5,36047021600,11219,0,126,129,109,-0.023256,-3,0.155963,17
216,2006,2,14,15,14,14,14,0,0,0,0,0,0,36047021600,11219,0,125,130,131,-0.038462,-5,-0.045802,-6
216,2006,3,17,14,11,13,13,0.545455,6,0.307692,4,0.307692,4,36047021600,11219,0,140,120,119,0.166667,20,0.176471,21
216,2006,4,14,17,13,10,10,0.076923,1,0.4,4,0.4,4,36047021600,11219,0,121,125,116,-0.032,-4,0.043103,5
216,2006,5,20,14,13,14,14,0.538462,7,0.428571,6,0.428571,6,36047021600,11219,0,132,139,100,-0.05036,-7,0.32,32
216,2007,0,9,9,11,12,12,-0.181818,-2,-0.25,-3,-0.25,-3,36047021600,11219,1,112,143,121,-0.216783,-31,-0.07438,-9
216,2007,1,11,9,15,16,16,-0.266667,-4,-0.3125,-5,-0.3125,-5,36047021600,11219,0,147,126,138,0.166667,21,0.065217,9
216,2007,2,10,11,14,10,10,-0.285714,-4,0,0,0,0,36047021600,11219,0,123,125,117,-0.016,-2,0.051282,6
216,2007,3,10,10,17,12,12,-0.411765,-7,-0.166667,-2,-0.166667,-2,36047021600,11219,0,124,140,126,-0.114286,-16,-0.015873,-2
216,2007,4,18,10,14,11,11,0.285714,4,0.636364,7,0.636364,7,36047021600,11219,0,135,121,136,0.115702,14,-0.007353,-1
216,2007,5,14,18,20,8,8,-0.3,-6,0.75,6,0.75,6,36047021600,11219,0,115,132,116,-0.128788,-17,-0.008621,-1
216,2008,0,11,11,9,15,15,0.222222,2,-0.266667,-4,-0.266667,-4,36047021600,11219,1,150,112,120,0.339286,38,0.25,30
216,2008,1,3,11,11,12,12,-0.727273,-8,-0.75,-9,-0.75,-9,36047021600,11219,1,111,147,129,-0.244898,-36,-0.139535,-18
216,2008,2,9,3,10,14,14,-0.1,-1,-0.357143,-5,-0.357143,-5,36047021600,11219,1,138,123,130,0.121951,15,0.061538,8
216,2008,3,10,9,10,11,11,0,0,-0.090909,-1,-0.090909,-1,36047021600,11219,0,120,124,120,-0.032258,-4,0,0
216,2008,4,9,10,18,13,13,-0.5,-9,-0.307692,-4,-0.307692,-4,36047021600,11219,1,120,135,125,-0.111111,-15,-0.04,-5
216,2008,5,13,9,14,13,13,-0.071429,-1,0,0,0,0,36047021600,11219,0,127,115,139,0.104348,12,-0.086331,-12
216,2009,0,16,16,11,11,11,0.454545,5,0.454545,5,0.454545,5,36047021600,11219,0,199,150,143,0.326667,49,0.391608,56
216,2009,1,12,16,3,15,15,3,9,-0.2,-3,-0.2,-3,36047021600,11219,0,196,111,126,0.765766,85,0.555556,70
216,2009,2,10,12,9,14,14,0.111111,1,-0.285714,-4,-0.285714,-4,36047021600,11219,0,168,138,125,0.217391,30,0.344,43
216,2009,3,12,10,10,17,17,0.2,2,-0.294118,-5,-0.294118,-5,36047021600,11219,0,149,120,140,0.241667,29,0.064286,9
216,2009,4,10,12,9,14,14,0.111111,1,-0.285714,-4,-0.285714,-4,36047021600,11219,0,149,120,121,0.241667,29,0.231405,28
216,2009,5,12,10,13,20,20,-0.076923,-1,-0.4,-8,-0.4,-8,36047021600,11219,0,131,127,132,0.031496,4,-0.007576,-1
216,2010,0,17,17,16,9,9,0.0625,1,0.888889,8,0.888889,8,36047021600,11219,0,207,199,112,0.040201,8,0.848214,95
216,2010,1,16,17,12,11,11,0.333333,4,0.454545,5,0.454545,5,36047021600,11219,0,237,196,147,0.209184,41,0.612245,90
216,2010,2,15,16,10,10,10,0.5,5,0.5,5,0.5,5,36047021600,11219,0,201,168,123,0.196429,33,0.634146,78
216,2010,3,8,15,12,10,10,-0.333333,-4,-0.2,-2,-0.2,-2,36047021600,11219,0,177,149,124,0.187919,28,0.427419,53
216,2010,4,14,8,10,18,18,0.4,4,-0.222222,-4,-0.222222,-4,36047021600,11219,0,165,149,135,0.107383,16,0.222222,30
216,2010,5,14,14,12,14,14,0.166667,2,0,0,0,0,36047021600,11219,0,149,131,115,0.137405,18,0.295652,34
218,2001,0,10,10,10,10,10,0,0,0,0,0,0,36047021800,11219,1,136,136,136,0,0,0,0
218,2001,1,13,10,13,13,13,0,0,0,0,0,0,36047021800,11219,0,140,140,140,0,0,0,0
218,2001,2,14,13,14,14,14,0,0,0,0,0,0,36047021800,11219,0,109,109,109,0,0,0,0
218,2001,3,10,14,10,10,10,0,0,0,0,0,0,36047021800,11219,0,124,124,124,0,0,0,0
218,2001,4,9,10,9,9,9,0,0,0,0,0,0,36047021800,11219,0,115,115,115,0,0,0,0
218,2001,5,10,9,10,10,10,0,0,0,0,0,0,36047021800,11219,0,101,101,101,0,0,0,0
218,2002,0,6,6,10,6,6,-0.4,-4,0,0,0,0,36047021800,11219,1,102,136,102,-0.25,-34,0,0
218,2002,1,7,6,13,7,7,-0.461538,-6,0,0,0,0,36047021800,11219,1,143,140,143,0.021429,3,0,0
218,2002,2,13,7,14,13,13,-0.071429,-1,0,0,0,0,36047021800,11219,0,128,109,128,0.174312,19,0,0
218,2002,3,11,13,10,11,11,0.1,1,0,0,0,0,36047021800,11219,0,114,124,114,-0.080645,-10,0,0
218,2002,4,7,11,9,7,7,-0.222222,-2,0,0,0,0,36047021800,11219,1,121,115,121,0.052174,6,0,0
218,2002,5,11,7,10,11,11,0.1,1,0,0,0,0,36047021800,11219,0,110,101,110,0.089109,9,0,0
218,2003,0,15,15,6,15,15,1.5,9,0,0,0,0,36047021800,11219,0,119,102,119,0.166667,17,0,0
218,2003,1,8,15,7,8,8,0.142857,1,0,0,0,0,36047021800,11219,0,111,143,111,-0.223776,-32,0,0
218,2003,2,12,8,13,12,12,-0.076923,-1,0,0,0,0,36047021800,11219,0,133,128,133,0.039063,5,0,0
218,2003,3,12,12,11,12,12,0.090909,1,0,0,0,0,36047021800,11219,1,120,114,120,0.052632,6,0,0
218,2003,4,10,12,7,10,10,0.428571,3,0,0,0,0,36047021800,11219,0,116,121,116,-0.041322,-5,0,0
218,2003,5,6,10,11,6,6,-0.454545,-5,0,0,0,0,36047021800,11219,1,108,110,108,-0.018182,-2,0,0
218,2004,0,10,10,15,10,10,-0.333333,-5,0,0,0,0,36047021800,11219,1,123,119,136,0.033613,4,-0.095588,-13
218,2004,1,14,10,8,13,13,0.75,6,0.076923,1,0.076923,1,36047021800,11219,0,140,111,140,0.261261,29,0,0
218,2004,2,13,14,12,14,14,0.083333,1,-0.071429,-1,-0.071429,-1,36047021800,11219,0,114,133,109,-0.142857,-19,0.045872,5
218,2004,3,8,13,12,10,10,-0.333333,-4,-0.2,-2,-0.2,-2,36047021800,11219,1,130,120,124,0.083333,10,0.048387,6
218,2004,4,14,8,10,9,9,0.4,4,0.555556,5,0.555556,5,36047021800,11219,0,133,116,115,0.146552,17,0.156522,18
218,2004,5,7,14,6,10,10,0.166667,1,-0.3,-3,-0.3,-3,36047021800,11219,1,117,108,101,0.083333,9,0.158416,16
218,2005,0,9,9,10,6,6,-0.1,-1,0.5,3,0.5,3,36047021800,11219,0,126,123,102,0.02439,3,0.235294,24
218,2005,1,6,9,14,7,7,-0.571429,-8,-0.142857,-1,-0.142857,-1,36047021800,11219,1,135,140,143,-0.035714,-5,-0.055944,-8
218,2005,2,12,6,13,13,13,-0.076923,-1,-0.076923,-1,-0.076923,-1,36047021800,11219,0,132,114,128,0.157895,18,0.03125,4
218,2005,3,15,12,8,11,11,0.875,7,0.363636,4,0.363636,4,36047021800,11219,0,116,130,114,-0.107692,-14,0.017544,2
218,2005,4,11,15,14,7,7,-0.214286,-3,0.571429,4,0.571429,4,36047021800,11219,1,127,133,121,-0.045113,-6,0.049587,6
218,2005,5,13,11,7,11,11,0.857143,6,0.181818,2,0.181818,2,36047021800,11219,0,139,117,110,0.188034,22,0.263636,29
218,2006,0,14,14,9,15,15,0.555556,5,-0.066667,-1,-0.066667,-1,36047021800,11219,0,140,126,119,0.111111,14,0.176471,21
218,2006,1,7,14,6,8,8,0.166667,1,-0.125,-1,-0.125,-1,36047021800,11219,1,134,135,111,-0.007407,-1,0.207207,23
218,2006,2,7,7,12,12,12,-0.416667,-5,-0.416667,-5,-0.416667,-5,36047021800,11219,1,132,132,133,0,0,-0.007519,-1
218,2006,3,15,7,15,12,12,0,0,0.25,3,0.25,3,36047021800,11219,0,142,116,120,0.224138,26,0.183333,22
218,2006,4,13,15,11,10,10,0.181818,2,0.3,3,0.3,3,36047021800,11219,0,122,127,116,-0.03937,-5,0.051724,6
218,2006,5,13,13,13,6,6,0,0,1.166667,7,1.166667,7,36047021800,11219,0,139,139,108,0,0,0.287037,31
218,2007,0,11,11,14,10,10,-0.214286,-3,0.1,1,0.1,1,36047021800,11219,0,110,140,123,-0.214286,-30,-0.105691,-13
218,2007,1,13,11,7,14,14,0.857143,6,-0.071429,-1,-0.071429,-1,36047021800,11219,0,145,134,140,0.08209,11,0.035714,5
218,2007,2,8,13,7,13,13,0.142857,1,-0.384615,-5,-0.384615,-5,36047021800,11219,0,125,132,114,-0.05303,-7,0.096491,11
218,2007,3,7,8,15,8,8,-0.533333,-8,-0.125,-1,-0.125,-1,36047021800,11219,0,127,142,130,-0.105634,-15,-0.023077,-3
218,2007,4,14,7,13,14,14,0.076923,1,0,0,0,0,36047021800,11219,0,139,122,133,0.139344,17,0.045113,6
218,2007,5,12,14,13,7,7,-0.076923,-1,0.714286,5,0.714286,5,36047021800,11219,0,117,139,117,-0.158273,-22,0,0
218,2008,0,7,7,11,9,9,-0.363636,-4,-0.222222,-2,-0.222222,-2,36047021800,11219,1,154,110,126,0.4,44,0.222222,28
218,2008,1,10,7,13,6,6,-0.230769,-3,0.666667,4,0.666667,4,36047021800,11219,1,104,145,135,-0.282759,-41,-0.22963,-31
218,2008,2,13,10,8,12,12,0.625,5,0.083333,1,0.083333,1,36047021800,11219,0,134,125,132,0.072,9,0.015152,2
218,2008,3,6,13,7,15,15,-0.142857,-1,-0.6,-9,-0.6,-9,36047021800,11219,1,124,127,116,-0.023622,-3,0.068966,8
218,2008,4,6,6,14,11,11,-0.571429,-8,-0.454545,-5,-0.454545,-5,36047021800,11219,1,123,139,127,-0.115108,-16,-0.031496,-4
218,2008,5,11,6,12,13,13,-0.083333,-1,-0.153846,-2,-0.153846,-2,36047021800,11219,0,129,117,139,0.102564,12,-0.071942,-10
218,2009,0,9,9,7,14,14,0.285714,2,-0.357143,-5,-0.357143,-5,36047021800,11219,0,206,154,140,0.337662,52,0.471429,66
218,2009,1,8,9,10,7,7,-0.2,-2,0.142857,1,0.142857,1,36047021800,11219,0,200,104,134,0.923077,96,0.492537,66
218,2009,2,10,8,13,7,7,-0.230769,-3,0.428571,3,0.428571,3,36047021800,11219,0,168,134,132,0.253731,34,0.272727,36
218,2009,3,9,10,6,15,15,0.5,3,-0.4,-6,-0.4,-6,36047021800,11219,0,152,124,142,0.225806,28,0.070423,10
218,2009,4,5,9,6,13,13,-0.166667,-1,-0.615385,-8,-0.615385,-8,36047021800,11219,0,154,123,122,0.252033,31,0.262295,32
218,2009,5,6,5,11,13,13,-0.454545,-5,-0.538462,-7,-0.538462,-7,36047021800,11219,0,137,129,139,0.062016,8,-0.014388,-2
218,2010,0,17,17,9,11,11,0.888889,8,0.545455,6,0.545455,6,36047021800,11219,0,207,206,110,0.004854,1,0.881818,97
218,2010,1,13,17,8,13,13,0.625,5,0,0,0,0,36047021800,11219,0,240,200,145,0.2,40,0.655172,95
218,2010,2,8,13,10,8,8,-0.2,-2,0,0,0,0,36047021800,11219,0,208,168,125,0.238095,40,0.664,83
218,2010,3,12,8,9,7,7,0.333333,3,0.714286,5,0.714286,5,36047021800,11219,0,173,152,127,0.138158,21,0.362205,46
218,2010,4,9,12,5,14,14,0.8,4,-0.357143,-5,-0.357143,-5,36047021800,11219,0,170,154,139,0.103896,16,0.223022,31
218,2010,5,3,9,6,12,12,-0.5,-3,-0.75,-9,-0.75,-9,36047021800,11219,0,160,137,117,0.167883,23,0.367521,43
220,2001,0,12,12,12,12,12,0,0,0,0,0,0,36047022000,11219,0,44,44,44,0,0,0,0
220,2001,1,12,12,12,12,12,0,0,0,0,0,0,36047022000,11219,0,60,60,60,0,0,0,0
220,2001,2,9,12,9,9,9,0,0,0,0,0,0,36047022000,11219,1,37,37,37,0,0,0,0
220,2001,3,8,9,8,8,8,0,0,0,0,0,0,36047022000,11219,1,41,41,41,0,0,0,0
220,2001,4,8,8,8,8,8,0,0,0,0,0,0,36047022000,11219,0,35,35,35,0,0,0,0
220,2001,5,9,8,9,9,9,0,0,0,0,0,0,36047022000,11219,0,41,41,41,0,0,0,0
220,2002,0,12,12,12,12,12,0,0,0,0,0,0,36047022000,11219,0,24,44,24,-0.454545,-20,0,0
220,2002,1,12,12,12,12,12,0,0,0,0,0,0,36047022000,11219,0,42,60,42,-0.3,-18,0,0
220,2002,2,12,12,9,12,12,0.333333,3,0,0,0,0,36047022000,11219,0,51,37,51,0.378378,14,0,0
220,2002,3,6,12,8,6,6,-0.25,-2,0,0,0,0,36047022000,11219,1,30,41,30,-0.268293,-11,0,0
220,2002,4,6,6,8,6,6,-0.25,-2,0,0,0,0,36047022000,11219,1,38,35,38,0.085714,3,0,0
220,2002,5,7,6,9,7,7,-0.222222,-2,0,0,0,0,36047022000,11219,0,29,41,29,-0.292683,-12,0,0
220,2003,0,10,10,12,10,10,-0.166667,-2,0,0,0,0,36047022000,11219,0,48,24,48,1,24,0,0
220,2003,1,13,10,12,13,13,0.083333,1,0,0,0,0,36047022000,11219,0,29,42,29,-0.309524,-13,0,0
220,2003,2,15,13,12,15,15,0.25,3,0,0,0,0,36047022000,11219,0,41,51,41,-0.196078,-10,0,0
220,2003,3,11,15,6,11,11,0.833333,5,0,0,0,0,36047022000,11219,0,48,30,48,0.6,18,0,0
220,2003,4,7,11,6,7,7,0.166667,1,0,0,0,0,36047022000,11219,1,30,38,30,-0.210526,-8,0,0
220,2003,5,6,7,7,6,6,-0.142857,-1,0,0,0,0,36047022000,11219,1,30,29,30,0.034483,1,0,0
220,2004,0,11,11,10,12,12,0.1,1,-0.083333,-1,-0.083333,-1,36047022000,11219,0,44,48,44,-0.083333,-4,0,0
220,2004,1,14,11,13,12,12,0.076923,1,0.166667,2,0.166667,2,36047022000,11219,0,54,29,60,0.862069,25,-0.1,-6
220,2004,2,9,14,15,9,9,-0.4,-6,0,0,0,0,36047022000,11219,1,37,41,37,-0.097561,-4,0,0
220,2004,3,12,9,11,8,8,0.090909,1,0.5,4,0.5,4,36047022000,11219,0,37,48,41,-0.229167,-11,-0.097561,-4
220,2004,4,11,12,7,8,8,0.571429,4,0.375,3,0.375,3,36047022000,11219,0,50,30,35,0.666667,20,0.428571,15
220,2004,5,7,11,6,9,9,0.166667,1,-0.222222,-2,-0.222222,-2,36047022000,11219,1,25,30,41,-0.166667,-5,-0.390244,-16
220,2005,0,5,5,11,12,12,-0.545455,-6,-0.583333,-7,-0.583333,-7,36047022000,11219,0,40,44,24,-0.090909,-4,0.666667,16
220,2005,1,14,5,14,12,12,0,0,0.166667,2,0.166667,2,36047022000,11219,0,36,54,42,-0.333333,-18,-0.142857,-6
220,2005,2,13,14,9,12,12,0.444444,4,0.083333,1,0.083333,1,36047022000,11219,0,51,37,51,0.378378,14,0,0
220,2005,3,10,13,12,6,6,-0.166667,-2,0.666667,4,0.666667,4,36047022000,11219,1,40,37,30,0.081081,3,0.333333,10
220,2005,4,14,10,11,6,6,0.272727,3,1.333333,8,1.333333,8,36047022000,11219,0,40,50,38,-0.2,-10,0.052632,2
220,2005,5,9,14,7,7,7,0.285714,2,0.285714,2,0.285714,2,36047022000,11219,0,54,25,29,1.16,29,0.862069,25
220,2006,0,11,11,5,10,10,1.2,6,0.1,1,0.1,1,36047022000,11219,0,42,40,48,0.05,2,-0.125,-6
220,2006,1,5,11,14,13,13,-0.642857,-9,-0.615385,-8,-0.615385,-8,36047022000,11219,0,35,36,29,-0.027778,-1,0.206897,6
220,2006,2,16,5,13,15,15,0.230769,3,0.066667,1,0.066667,1,36047022000,11219,0,37,51,41,-0.27451,-14,-0.097561,-4
220,2006,3,14,16,10,11,11,0.4,4,0.272727,3,0.272727,3,36047022000,11219,0,52,40,48,0.3,12,0.083333,4
220,2006,4,8,14,14,7,7,-0.428571,-6,0.142857,1,0.142857,1,36047022000,11219,1,41,40,30,0.025,1,0.366667,11
220,2006,5,12,8,9,6,6,0.333333,3,1,6,1,6,36047022000,11219,0,52,54,30,-0.037037,-2,0.733333,22
220,2007,0,7,7,11,11,11,-0.363636,-4,-0.363636,-4,-0.363636,-4,36047022000,11219,1,34,42,44,-0.190476,-8,-0.227273,-10
220,2007,1,12,7,5,14,14,1.4,7,-0.142857,-2,-0.142857,-2,36047022000,11219,0,41,35,54,0.171429,6,-0.240741,-13
220,2007,2,6,12,16,9,9,-0.625,-10,-0.333333,-3,-0.333333,-3,36047022000,11219,1,31,37,37,-0.162162,-6,-0.162162,-6
220,2007,3,14,6,14,12,12,0,0,0.166667,2,0.166667,2,36047022000,11219,0,30,52,37,-0.423077,-22,-0.189189,-7
220,2007,4,13,14,8,11,11,0.625,5,0.181818,2,0.181818,2,36047022000,11219,0,49,41,50,0.195122,8,-0.02,-1
220,2007,5,9,13,12,7,7,-0.25,-3,0.285714,2,0.285714,2,36047022000,11219,1,40,52,25,-0.230769,-12,0.6,15
220,2008,0,6,6,7,5,5,-0.142857,-1,0.2,1,0.2,1,36047022000,11219,1,39,34,40,0.147059,5,-0.025,-1
220,2008,1,6,6,12,14,14,-0.5,-6,-0.571429,-8,-0.571429,-8,36047022000,11219,1,26,41,36,-0.365854,-15,-0.277778,-10
220,2008,2,10,6,6,13,13,0.666667,4,-0.230769,-3,-0.230769,-3,36047022000,11219,0,40,31,51,0.290323,9,-0.215686,-11
220,2008,3,7,10,14,10,10,-0.5,-7,-0.3,-3,-0.3,-3,36047022000,11219,1,29,30,40,-0.033333,-1,-0.275,-11
220,2008,4,14,7,13,14,14,0.076923,1,0,0,0,0,36047022000,11219,0,29,49,40,-0.408163,-20,-0.275,-11
220,2008,5,11,14,9,9,9,0.222222,2,0.222222,2,0.222222,2,36047022000,11219,0,41,40,54,0.025,1,-0.240741,-13
220,2009,0,14,14,6,11,11,1.333333,8,0.272727,3,0.272727,3,36047022000,11219,0,45,39,42,0.153846,6,0.071429,3
220,2009,1,9,14,6,5,5,0.5,3,0.8,4,0.8,4,36047022000,11219,0,46,26,35,0.769231,20,0.314286,11
220,2009,2,14,9,10,16,16,0.4,4,-0.125,-2,-0.125,-2,36047022000,11219,0,37,40,37,-0.075,-3,0,0
220,2009,3,11,14,7,14,14,0.571429,4,-0.214286,-3,-0.214286,-3,36047022000,11219,0,41,29,52,0.413793,12,-0.211538,-11
220,2009,4,5,11,14,8,8,-0.642857,-9,-0.375,-3,-0.375,-3,36047022000,11219,0,35,29,41,0.206897,6,-0.146341,-6
220,2009,5,12,5,11,12,12,0.090909,1,0,0,0,0,36047022000,11219,0,38,41,52,-0.073171,-3,-0.269231,-14
220,2010,0,16,16,14,7,7,0.142857,2,1.285714,9,1.285714,9,36047022000,11219,0,51,45,34,0.133333,6,0.5,17
220,2010,1,16,16,9,12,12,0.777778,7,0.333333,4,0.333333,4,36047022000,11219,0,53,46,41,0.152174,7,0.292683,12
220,2010,2,9,16,14,6,6,-0.357143,-5,0.5,3,0.5,3,36047022000,11219,0,56,37,31,0.513514,19,0.806452,25
220,2010,3,12,9,11,14,14,0.090909,1,-0.142857,-2,-0.142857,-2,36047022000,11219,0,36,41,30,-0.121951,-5,0.2,6
220,2010,4,11,12,5,13,13,1.2,6,-0.153846,-2,-0.153846,-2,36047022000,11219,0,49,35,49,0.4,14,0,0
220,2010,5,4,11,12,9,9,-0.666667,-8,-0.555556,-5,-0.555556,-5,36047022000,11219,0,37,38,40,-0.026316,-1,-0.075,-3
221,2007,0,1,1,0,0,0,1,1,1,1,1,1,36047022100,11216,0,0,0,0,0,0,0,0
221,2008,1,1,0,0,0,0,1,1,1,1,1,1,36047022100,11216,0,0,0,0,0,0,0,0
221,2009,2,1,0,0,0,0,1,1,1,1,1,1,36047022100,11216,0,0,0,0,0,0,0,0
221,2010,3,1,0,0,0,0,1,1,1,1,1,1,36047022100,11216,0,0,0,0,0,0,0,0
222,2001,0,2,2,2,2,2,0,0,0,0,0,0,36047022200,11219,0,40,40,40,0,0,0,0
222,2001,1,8,2,8,8,8,0,0,0,0,0,0,36047022200,11219,0,51,51,51,0,0,0,0
222,2001,2,2,8,2,2,2,0,0,0,0,0,0,36047022200,11219,0,35,35,35,0,0,0,0
222,2001,4,2,0,2,2,2,0,0,0,0,0,0,36047022200,11219,0,29,29,29,0,0,0,0
222,2001,5,6,2,6,6,6,0,0,0,0,0,0,36047022200,11219,0,35,35,35,0,0,0,0
222,2002,0,4,4,2,4,4,1,2,0,0,0,0,36047022200,11219,1,24,40,24,-0.4,-16,0,0
222,2002,1,3,4,8,3,3,-0.625,-5,0,0,0,0,36047022200,11219,0,37,51,37,-0.27451,-14,0,0
222,2002,2,5,3,2,5,5,1.5,3,0,0,0,0,36047022200,11219,0,46,35,46,0.314286,11,0,0
222,2002,3,2,5,0,2,2,1,2,0,0,0,0,36047022200,11219,0,26,36,26,-0.277778,-10,0,0
222,2002,5,2,0,6,2,2,-0.666667,-4,0,0,0,0,36047022200,11219,0,28,35,28,-0.2,-7,0,0
222,2003,0,1,1,4,1,1,-0.75,-3,0,0,0,0,36047022200,11219,1,43,24,43,0.791667,19,0,0
222,2003,1,4,1,3,4,4,0.333333,1,0,0,0,0,36047022200,11219,1,28,37,28,-0.243243,-9,0,0
222,2003,2,3,4,5,3,3,-0.4,-2,0,0,0,0,36047022200,11219,0,39,46,39,-0.152174,-7,0,0
222,2003,3,6,3,2,6,6,2,4,0,0,0,0,36047022200,11219,0,40,26,40,0.538462,14,0,0
222,2003,4,2,6,0,2,2,1,2,0,0,0,0,36047022200,11219,0,25,31,25,-0.193548,-6,0,0
222,2004,0,11,11,1,2,2,10,10,4.5,9,4.5,9,36047022200,11219,0,32,43,40,-0.255814,-11,-0.2,-8
222,2004,1,1,11,4,8,8,-0.75,-3,-0.875,-7,-0.875,-7,36047022200,11219,1,51,28,51,0.821429,23,0,0
222,2004,2,5,1,3,2,2,0.666667,2,1.5,3,1.5,3,36047022200,11219,0,31,39,35,-0.205128,-8,-0.114286,-4
222,2004,3,3,5,6,0,0,-0.5,-3,1,3,1,3,36047022200,11219,0,35,40,36,-0.125,-5,-0.027778,-1
222,2004,4,5,3,2,2,2,1.5,3,1.5,3,1.5,3,36047022200,11219,0,45,25,29,0.8,20,0.551724,16
222,2004,5,3,5,0,6,6,1,3,-0.5,-3,-0.5,-3,36047022200,11219,1,21,22,35,-0.045455,-1,-0.4,-14
222,2005,0,4,4,11,4,4,-0.636364,-7,0,0,0,0,36047022200,11219,0,26,32,24,-0.1875,-6,0.083333,2
222,2005,1,8,4,1,3,3,7,7,1.666667,5,1.666667,5,36047022200,11219,0,30,51,37,-0.411765,-21,-0.189189,-7
222,2005,2,1,8,5,5,5,-0.8,-4,-0.8,-4,-0.8,-4,36047022200,11219,1,49,31,46,0.580645,18,0.065217,3
222,2005,3,4,1,3,2,2,0.333333,1,1,2,1,2,36047022200,11219,1,35,35,26,0,0,0.346154,9
222,2005,4,4,4,5,0,0,-0.2,-1,1,4,1,4,36047022200,11219,0,38,45,31,-0.155556,-7,0.225806,7
222,2005,5,6,4,3,2,2,1,3,2,4,2,4,36047022200,11219,0,44,21,28,1.095238,23,0.571429,16
222,2006,0,6,6,4,1,1,0.5,2,5,5,5,5,36047022200,11219,0,36,26,43,0.384615,10,-0.162791,-7
222,2006,1,4,6,8,4,4,-0.5,-4,0,0,0,0,36047022200,11219,0,21,30,28,-0.3,-9,-0.25,-7
222,2006,2,7,4,1,3,3,6,6,1.333333,4,1.333333,4,36047022200,11219,0,32,49,39,-0.346939,-17,-0.179487,-7
222,2006,3,2,7,4,6,6,-0.5,-2,-0.666667,-4,-0.666667,-4,36047022200,11219,1,47,35,40,0.342857,12,0.175,7
222,2006,4,4,2,4,2,2,0,0,1,2,1,2,36047022200,11219,1,31,38,25,-0.184211,-7,0.24,6
222,2006,5,6,4,6,0,0,0,0,1,6,1,6,36047022200,11219,0,39,44,22,-0.113636,-5,0.772727,17
222,2007,0,3,3,6,11,11,-0.5,-3,-0.727273,-8,-0.727273,-8,36047022200,11219,0,29,36,32,-0.194444,-7,-0.09375,-3
222,2007,1,6,3,4,1,1,0.5,2,5,5,5,5,36047022200,11219,0,36,21,51,0.714286,15,-0.294118,-15
222,2007,2,4,6,7,5,5,-0.428571,-3,-0.2,-1,-0.2,-1,36047022200,11219,0,23,32,31,-0.28125,-9,-0.258065,-8
222,2007,3,7,4,2,3,3,2.5,5,1.333333,4,1.333333,4,36047022200,11219,0,27,47,35,-0.425532,-20,-0.228571,-8
222,2007,4,2,7,4,5,5,-0.5,-2,-0.6,-3,-0.6,-3,36047022200,11219,1,43,31,45,0.387097,12,-0.044444,-2
222,2007,5,4,2,6,3,3,-0.333333,-2,0.333333,1,0.333333,1,36047022200,11219,1,31,39,21,-0.205128,-8,0.47619,10
222,2008,0,5,5,3,4,4,0.666667,2,0.25,1,0.25,1,36047022200,11219,0,29,29,26,0,0,0.115385,3
222,2008,1,2,5,6,8,8,-0.666667,-4,-0.75,-6,-0.75,-6,36047022200,11219,0,27,36,30,-0.25,-9,-0.1,-3
222,2008,2,9,2,4,1,1,1.25,5,8,8,8,8,36047022200,11219,0,32,23,49,0.391304,9,-0.346939,-17
222,2008,3,5,9,7,4,4,-0.285714,-2,0.25,1,0.25,1,36047022200,11219,0,21,27,35,-0.222222,-6,-0.4,-14
222,2008,4,7,5,2,4,4,2.5,5,0.75,3,0.75,3,36047022200,11219,0,27,43,38,-0.372093,-16,-0.289474,-11
222,2008,5,3,7,4,6,6,-0.25,-1,-0.5,-3,-0.5,-3,36047022200,11219,0,37,31,44,0.193548,6,-0.159091,-7
222,2009,0,4,4,5,6,6,-0.2,-1,-0.333333,-2,-0.333333,-2,36047022200,11219,0,39,29,36,0.344828,10,0.083333,3
222,2009,1,8,4,2,4,4,3,6,1,4,1,4,36047022200,11219,0,35,27,21,0.296296,8,0.666667,14
222,2009,2,4,8,9,7,7,-0.555556,-5,-0.428571,-3,-0.428571,-3,36047022200,11219,0,37,32,32,0.15625,5,0.15625,5
222,2009,3,8,4,5,2,2,0.6,3,3,6,3,6,36047022200,11219,0,32,21,47,0.52381,11,-0.319149,-15
222,2009,4,5,8,7,4,4,-0.285714,-2,0.25,1,0.25,1,36047022200,11219,0,25,27,31,-0.074074,-2,-0.193548,-6
222,2009,5,7,5,3,6,6,1.333333,4,0.166667,1,0.166667,1,36047022200,11219,0,31,37,39,-0.162162,-6,-0.205128,-8
222,2010,0,2,2,4,3,3,-0.5,-2,-0.333333,-1,-0.333333,-1,36047022200,11219,0,48,39,29,0.230769,9,0.655172,19
222,2010,1,4,2,8,6,6,-0.5,-4,-0.333333,-2,-0.333333,-2,36047022200,11219,0,49,35,36,0.4,14,0.361111,13
222,2010,2,8,4,4,4,4,1,4,1,4,1,4,36047022200,11219,0,42,37,23,0.135135,5,0.826087,19
222,2010,3,4,8,8,7,7,-0.5,-4,-0.428571,-3,-0.428571,-3,36047022200,11219,0,36,32,27,0.125,4,0.333333,9
222,2010,4,8,4,5,2,2,0.6,3,3,6,3,6,36047022200,11219,0,38,25,43,0.52,13,-0.116279,-5
222,2010,5,5,8,7,4,4,-0.285714,-2,0.25,1,0.25,1,36047022200,11219,0,22,31,31,-0.290323,-9,-0.290323,-9
228,2001,0,6,6,6,6,6,0,0,0,0,0,0,36047022800,11218,0,147,147,147,0,0,0,0
228,2001,1,7,6,7,7,7,0,0,0,0,0,0,36047022800,11218,0,148,148,148,0,0,0,0
228,2001,2,4,7,4,4,4,0,0,0,0,0,0,36047022800,11218,0,131,131,131,0,0,0,0
228,2001,3,5,4,5,5,5,0,0,0,0,0,0,36047022800,11218,0,114,114,114,0,0,0,0
228,2001,4,10,5,10,10,10,0,0,0,0,0,0,36047022800,11218,0,125,125,125,0,0,0,0
228,2001,5,3,10,3,3,3,0,0,0,0,0,0,36047022800,11218,0,125,125,125,0,0,0,0
228,2002,0,1,1,6,1,1,-0.833333,-5,0,0,0,0,36047022800,11218,1,111,147,111,-0.244898,-36,0,0
228,2002,1,4,1,7,4,4,-0.428571,-3,0,0,0,0,36047022800,11218,0,148,148,148,0,0,0,0
228,2002,2,6,4,4,6,6,0.5,2,0,0,0,0,36047022800,11218,0,143,131,143,0.091603,12,0,0
228,2002,3,2,6,5,2,2,-0.6,-3,0,0,0,0,36047022800,11218,1,131,114,131,0.149123,17,0,0
228,2002,4,3,2,10,3,3,-0.7,-7,0,0,0,0,36047022800,11218,0,111,125,111,-0.112,-14,0,0
228,2002,5,7,3,3,7,7,1.333333,4,0,0,0,0,36047022800,11218,0,127,125,127,0.016,2,0,0
228,2003,0,4,4,1,4,4,3,3,0,0,0,0,36047022800,11218,0,107,111,107,-0.036036,-4,0,0
228,2003,1,2,4,4,2,2,-0.5,-2,0,0,0,0,36047022800,11218,1,110,148,110,-0.256757,-38,0,0
228,2003,2,6,2,6,6,6,0,0,0,0,0,0,36047022800,11218,0,136,143,136,-0.048951,-7,0,0
228,2003,3,4,6,2,4,4,1,2,0,0,0,0,36047022800,11218,0,125,131,125,-0.045802,-6,0,0
228,2003,4,1,4,3,1,1,-0.666667,-2,0,0,0,0,36047022800,11218,1,107,111,107,-0.036036,-4,0,0
228,2003,5,4,1,7,4,4,-0.428571,-3,0,0,0,0,36047022800,11218,0,107,127,107,-0.15748,-20,0,0
228,2004,0,6,6,4,6,6,0.5,2,0,0,0,0,36047022800,11218,0,104,107,147,-0.028037,-3,-0.292517,-43
228,2004,1,4,6,2,7,7,1,2,-0.428571,-3,-0.428571,-3,36047022800,11218,0,106,110,148,-0.036364,-4,-0.283784,-42
228,2004,2,1,4,6,4,4,-0.833333,-5,-0.75,-3,-0.75,-3,36047022800,11218,0,102,136,131,-0.25,-34,-0.221374,-29
228,2004,3,6,1,4,5,5,0.5,2,0.2,1,0.2,1,36047022800,11218,0,128,125,114,0.024,3,0.122807,14
228,2004,4,5,6,1,10,10,4,4,-0.5,-5,-0.5,-5,36047022800,11218,0,116,107,125,0.084112,9,-0.072,-9
228,2004,5,1,5,4,3,3,-0.75,-3,-0.666667,-2,-0.666667,-2,36047022800,11218,1,101,107,125,-0.056075,-6,-0.192,-24
228,2005,0,3,3,6,1,1,-0.5,-3,2,2,2,2,36047022800,11218,0,92,104,111,-0.115385,-12,-0.171171,-19
228,2005,1,7,3,4,4,4,0.75,3,0.75,3,0.75,3,36047022800,11218,0,95,106,148,-0.103774,-11,-0.358108,-53
228,2005,2,3,7,1,6,6,2,2,-0.5,-3,-0.5,-3,36047022800,11218,0,103,102,143,0.009804,1,-0.27972,-40
228,2005,3,3,3,6,2,2,-0.5,-3,0.5,1,0.5,1,36047022800,11218,0,97,128,131,-0.242188,-31,-0.259542,-34
228,2005,4,5,3,5,3,3,0,0,0.666667,2,0.666667,2,36047022800,11218,0,118,116,111,0.017241,2,0.063063,7
228,2005,5,5,5,1,7,7,4,4,-0.285714,-2,-0.285714,-2,36047022800,11218,0,101,101,127,0,0,-0.204724,-26
228,2006,0,2,2,3,4,4,-0.333333,-1,-0.5,-2,-0.5,-2,36047022800,11218,0,95,92,107,0.032609,3,-0.11215,-12
228,2006,1,3,2,7,2,2,-0.571429,-4,0.5,1,0.5,1,36047022800,11218,0,88,95,110,-0.073684,-7,-0.2,-22
228,2006,2,3,3,3,6,6,0,0,-0.5,-3,-0.5,-3,36047022800,11218,0,93,103,136,-0.097087,-10,-0.316176,-43
228,2006,3,3,3,3,4,4,0,0,-0.25,-1,-0.25,-1,36047022800,11218,0,96,97,125,-0.010309,-1,-0.232,-29
228,2006,4,3,3,5,1,1,-0.4,-2,2,2,2,2,36047022800,11218,0,94,118,107,-0.20339,-24,-0.121495,-13
228,2006,5,4,3,5,4,4,-0.2,-1,0,0,0,0,36047022800,11218,0,109,101,107,0.079208,8,0.018692,2
228,2007,0,4,4,2,6,6,1,2,-0.333333,-2,-0.333333,-2,36047022800,11218,0,99,95,104,0.042105,4,-0.048077,-5
228,2007,1,3,4,3,4,4,0,0,-0.25,-1,-0.25,-1,36047022800,11218,0,87,88,106,-0.011364,-1,-0.179245,-19
228,2007,2,4,3,3,1,1,0.333333,1,3,3,3,3,36047022800,11218,0,81,93,102,-0.129032,-12,-0.205882,-21
228,2007,3,4,4,3,6,6,0.333333,1,-0.333333,-2,-0.333333,-2,36047022800,11218,0,84,96,128,-0.125,-12,-0.34375,-44
228,2007,4,5,4,3,5,5,0.666667,2,0,0,0,0,36047022800,11218,0,84,94,116,-0.106383,-10,-0.275862,-32
228,2008,0,2,2,4,3,3,-0.5,-2,-0.333333,-1,-0.333333,-1,36047022800,11218,0,92,99,92,-0.070707,-7,0,0
228,2008,1,3,2,3,7,7,0,0,-0.571429,-4,-0.571429,-4,36047022800,11218,0,105,87,95,0.206897,18,0.105263,10
228,2008,2,3,3,4,3,3,-0.25,-1,0,0,0,0,36047022800,11218,0,87,81,103,0.074074,6,-0.15534,-16
228,2008,3,4,3,4,3,3,0,0,0.333333,1,0.333333,1,36047022800,11218,0,89,84,97,0.059524,5,-0.082474,-8
228,2008,4,4,4,5,5,5,-0.2,-1,-0.2,-1,-0.2,-1,36047022800,11218,0,87,84,118,0.035714,3,-0.262712,-31
228,2008,5,5,4,0,5,5,1,5,0,0,0,0,36047022800,11218,0,83,88,101,-0.056818,-5,-0.178218,-18
228,2009,0,2,2,2,2,2,0,0,0,0,0,0,36047022800,11218,0,103,92,95,0.119565,11,0.084211,8
228,2009,1,2,2,3,3,3,-0.333333,-1,-0.333333,-1,-0.333333,-1,36047022800,11218,0,113,105,88,0.07619,8,0.284091,25
228,2009,2,3,2,3,3,3,0,0,0,0,0,0,36047022800,11218,0,115,87,93,0.321839,28,0.236559,22
228,2009,3,3,3,4,3,3,-0.25,-1,0,0,0,0,36047022800,11218,0,102,89,96,0.146067,13,0.0625,6
228,2009,4,4,3,4,3,3,0,0,0.333333,1,0.333333,1,36047022800,11218,0,97,87,94,0.114943,10,0.031915,3
228,2009,5,4,4,5,4,4,-0.2,-1,0,0,0,0,36047022800,11218,0,98,83,109,0.180723,15,-0.100917,-11
228,2010,0,3,3,2,4,4,0.5,1,-0.25,-1,-0.25,-1,36047022800,11218,0,127,103,99,0.23301,24,0.282828,28
228,2010,1,3,3,2,3,3,0.5,1,0,0,0,0,36047022800,11218,0,113,113,87,0,0,0.298851,26
228,2010,2,2,3,3,4,4,-0.333333,-1,-0.5,-2,-0.5,-2,36047022800,11218,0,117,115,81,0.017391,2,0.444444,36
228,2010,3,3,2,3,4,4,0,0,-0.25,-1,-0.25,-1,36047022800,11218,0,116,102,84,0.137255,14,0.380952,32
228,2010,4,3,3,4,5,5,-0.25,-1,-0.4,-2,-0.4,-2,36047022800,11218,0,111,97,84,0.14433,14,0.321429,27
228,2010,5,4,3,4,0,0,0,0,1,4,1,4,36047022800,11218,0,97,98,88,-0.010204,-1,0.102273,9
230,2001,0,41,41,41,41,41,0,0,0,0,0,0,36047023000,11204,0,81,81,81,0,0,0,0
230,2001,1,36,41,36,36,36,0,0,0,0,0,0,36047023000,11204,0,81,81,81,0,0,0,0
230,2001,2,29,36,29,29,29,0,0,0,0,0,0,36047023000,11204,1,75,75,75,0,0,0,0
230,2001,3,18,29,18,18,18,0,0,0,0,0,0,36047023000,11204,1,61,61,61,0,0,0,0
230,2001,4,23,18,23,23,23,0,0,0,0,0,0,36047023000,11204,0,75,75,75,0,0,0,0
230,2001,5,21,23,21,21,21,0,0,0,0,0,0,36047023000,11204,0,64,64,64,0,0,0,0
230,2002,0,40,40,41,40,40,-0.02439,-1,0,0,0,0,36047023000,11204,0,46,81,46,-0.432099,-35,0,0
230,2002,1,43,40,36,43,43,0.194444,7,0,0,0,0,36047023000,11204,0,78,81,78,-0.037037,-3,0,0
230,2002,2,33,43,29,33,33,0.137931,4,0,0,0,0,36047023000,11204,0,79,75,79,0.053333,4,0,0
230,2002,3,30,33,18,30,30,0.666667,12,0,0,0,0,36047023000,11204,0,75,61,75,0.229508,14,0,0
230,2002,4,17,30,23,17,17,-0.26087,-6,0,0,0,0,36047023000,11204,1,58,75,58,-0.226667,-17,0,0
230,2002,5,22,17,21,22,22,0.047619,1,0,0,0,0,36047023000,11204,0,75,64,75,0.171875,11,0,0
230,2003,0,31,31,40,31,31,-0.225,-9,0,0,0,0,36047023000,11204,0,51,46,51,0.108696,5,0,0
230,2003,1,34,31,43,34,34,-0.209302,-9,0,0,0,0,36047023000,11204,0,52,78,52,-0.333333,-26,0,0
230,2003,2,33,34,33,33,33,0,0,0,0,0,0,36047023000,11204,0,81,79,81,0.025316,2,0,0
230,2003,3,33,33,30,33,33,0.1,3,0,0,0,0,36047023000,11204,0,69,75,69,-0.08,-6,0,0
230,2003,4,23,33,17,23,23,0.352941,6,0,0,0,0,36047023000,11204,1,59,58,59,0.017241,1,0,0
230,2003,5,20,23,22,20,20,-0.090909,-2,0,0,0,0,36047023000,11204,0,57,75,57,-0.24,-18,0,0
230,2004,0,32,32,31,41,41,0.032258,1,-0.219512,-9,-0.219512,-9,36047023000,11204,0,59,51,81,0.156863,8,-0.271605,-22
230,2004,1,27,32,34,36,36,-0.205882,-7,-0.25,-9,-0.25,-9,36047023000,11204,0,57,52,81,0.096154,5,-0.296296,-24
230,2004,2,32,27,33,29,29,-0.030303,-1,0.103448,3,0.103448,3,36047023000,11204,0,44,81,75,-0.45679,-37,-0.413333,-31
230,2004,3,30,32,33,18,18,-0.090909,-3,0.666667,12,0.666667,12,36047023000,11204,0,80,69,61,0.15942,11,0.311475,19
230,2004,4,26,30,23,23,23,0.130435,3,0.130435,3,0.130435,3,36047023000,11204,0,65,59,75,0.101695,6,-0.133333,-10
230,2004,5,21,26,20,21,21,0.05,1,0,0,0,0,36047023000,11204,0,57,57,64,0,0,-0.109375,-7
230,2005,0,27,27,32,40,40,-0.15625,-5,-0.325,-13,-0.325,-13,36047023000,11204,0,51,59,46,-0.135593,-8,0.108696,5
230,2005,1,23,27,27,43,43,-0.148148,-4,-0.465116,-20,-0.465116,-20,36047023000,11204,1,60,57,78,0.052632,3,-0.230769,-18
230,2005,2,28,23,32,33,33,-0.125,-4,-0.151515,-5,-0.151515,-5,36047023000,11204,0,48,44,79,0.090909,4,-0.392405,-31
230,2005,3,23,28,30,30,30,-0.233333,-7,-0.233333,-7,-0.233333,-7,36047023000,11204,0,48,80,75,-0.4,-32,-0.36,-27
230,2005,4,30,23,26,17,17,0.153846,4,0.764706,13,0.764706,13,36047023000,11204,0,66,65,58,0.015385,1,0.137931,8
230,2005,5,21,30,21,22,22,0,0,-0.045455,-1,-0.045455,-1,36047023000,11204,0,55,57,75,-0.035088,-2,-0.266667,-20
230,2006,0,27,27,27,31,31,0,0,-0.129032,-4,-0.129032,-4,36047023000,11204,0,45,51,51,-0.117647,-6,-0.117647,-6
230,2006,1,16,27,23,34,34,-0.304348,-7,-0.529412,-18,-0.529412,-18,36047023000,11204,1,54,60,52,-0.1,-6,0.038462,2
230,2006,2,24,16,28,33,33,-0.142857,-4,-0.272727,-9,-0.272727,-9,36047023000,11204,0,48,48,81,0,0,-0.407407,-33
230,2006,3,23,24,23,33,33,0,0,-0.30303,-10,-0.30303,-10,36047023000,11204,0,50,48,69,0.041667,2,-0.275362,-19
230,2006,4,26,23,30,23,23,-0.133333,-4,0.130435,3,0.130435,3,36047023000,11204,0,45,66,59,-0.318182,-21,-0.237288,-14
230,2006,5,23,26,21,20,20,0.095238,2,0.15,3,0.15,3,36047023000,11204,0,60,55,57,0.090909,5,0.052632,3
230,2007,0,27,27,27,32,32,0,0,-0.15625,-5,-0.15625,-5,36047023000,11204,0,48,45,59,0.066667,3,-0.186441,-11
230,2007,1,27,27,16,27,27,0.6875,11,0,0,0,0,36047023000,11204,0,42,54,57,-0.222222,-12,-0.263158,-15
230,2007,2,17,27,24,32,32,-0.291667,-7,-0.46875,-15,-0.46875,-15,36047023000,11204,1,47,48,44,-0.020833,-1,0.068182,3
230,2007,3,22,17,23,30,30,-0.043478,-1,-0.266667,-8,-0.266667,-8,36047023000,11204,1,46,50,80,-0.08,-4,-0.425,-34
230,2007,4,20,22,26,26,26,-0.230769,-6,-0.230769,-6,-0.230769,-6,36047023000,11204,1,50,45,65,0.111111,5,-0.230769,-15
230,2007,5,23,20,23,21,21,0,0,0.095238,2,0.095238,2,36047023000,11204,0,37,60,57,-0.383333,-23,-0.350877,-20
230,2008,0,18,18,27,27,27,-0.333333,-9,-0.333333,-9,-0.333333,-9,36047023000,11204,1,52,48,51,0.083333,4,0.019608,1
230,2008,1,31,18,27,23,23,0.148148,4,0.347826,8,0.347826,8,36047023000,11204,0,49,42,60,0.166667,7,-0.183333,-11
230,2008,2,23,31,17,28,28,0.352941,6,-0.178571,-5,-0.178571,-5,36047023000,11204,1,47,47,48,0,0,-0.020833,-1
230,2008,3,21,23,22,23,23,-0.045455,-1,-0.086957,-2,-0.086957,-2,36047023000,11204,0,54,46,48,0.173913,8,0.125,6
230,2008,4,21,21,20,30,30,0.05,1,-0.3,-9,-0.3,-9,36047023000,11204,1,50,50,66,0,0,-0.242424,-16
230,2008,5,19,21,23,21,21,-0.173913,-4,-0.095238,-2,-0.095238,-2,36047023000,11204,1,52,37,55,0.405405,15,-0.054545,-3
230,2009,0,23,23,18,27,27,0.277778,5,-0.148148,-4,-0.148148,-4,36047023000,11204,0,55,52,45,0.057692,3,0.222222,10
230,2009,1,27,23,31,16,16,-0.129032,-4,0.6875,11,0.6875,11,36047023000,11204,0,62,49,54,0.265306,13,0.148148,8
230,2009,2,27,27,23,24,24,0.173913,4,0.125,3,0.125,3,36047023000,11204,0,55,47,48,0.170213,8,0.145833,7
230,2009,3,25,27,21,23,23,0.190476,4,0.086957,2,0.086957,2,36047023000,11204,0,46,54,50,-0.148148,-8,-0.08,-4
230,2009,4,23,25,21,26,26,0.095238,2,-0.115385,-3,-0.115385,-3,36047023000,11204,0,59,50,45,0.18,9,0.311111,14
230,2009,5,24,23,19,23,23,0.263158,5,0.043478,1,0.043478,1,36047023000,11204,0,54,52,60,0.038462,2,-0.1,-6
230,2010,0,35,35,23,27,27,0.521739,12,0.296296,8,0.296296,8,36047023000,11204,0,60,55,48,0.090909,5,0.25,12
230,2010,1,24,35,27,27,27,-0.111111,-3,-0.111111,-3,-0.111111,-3,36047023000,11204,0,64,62,42,0.032258,2,0.52381,22
230,2010,2,26,24,27,17,17,-0.037037,-1,0.529412,9,0.529412,9,36047023000,11204,0,70,55,47,0.272727,15,0.489362,23
230,2010,3,22,26,25,22,22,-0.12,-3,0,0,0,0,36047023000,11204,0,58,46,46,0.26087,12,0.26087,12
230,2010,4,27,22,23,20,20,0.173913,4,0.35,7,0.35,7,36047023000,11204,0,52,59,50,-0.118644,-7,0.04,2
230,2010,5,25,27,24,23,23,0.041667,1,0.086957,2,0.086957,2,36047023000,11204,0,55,54,37,0.018519,1,0.486486,18
232,2001,0,28,28,28,28,28,0,0,0,0,0,0,36047023200,11204,0,54,54,54,0,0,0,0
232,2001,1,23,28,23,23,23,0,0,0,0,0,0,36047023200,11204,0,50,50,50,0,0,0,0
232,2001,2,27,23,27,27,27,0,0,0,0,0,0,36047023200,11204,0,45,45,45,0,0,0,0
232,2001,3,24,27,24,24,24,0,0,0,0,0,0,36047023200,11204,0,36,36,36,0,0,0,0
232,2001,4,21,24,21,21,21,0,0,0,0,0,0,36047023200,11204,0,45,45,45,0,0,0,0
232,2001,5,19,21,19,19,19,0,0,0,0,0,0,36047023200,11204,0,34,34,34,0,0,0,0
232,2002,0,17,17,28,17,17,-0.392857,-11,0,0,0,0,36047023200,11204,1,50,54,50,-0.074074,-4,0,0
232,2002,1,31,17,23,31,31,0.347826,8,0,0,0,0,36047023200,11204,0,59,50,59,0.18,9,0,0
232,2002,2,25,31,27,25,25,-0.074074,-2,0,0,0,0,36047023200,11204,0,44,45,44,-0.022222,-1,0,0
232,2002,3,27,25,24,27,27,0.125,3,0,0,0,0,36047023200,11204,0,43,36,43,0.194444,7,0,0
232,2002,4,22,27,21,22,22,0.047619,1,0,0,0,0,36047023200,11204,0,30,45,30,-0.333333,-15,0,0
232,2002,5,22,22,19,22,22,0.157895,3,0,0,0,0,36047023200,11204,0,44,34,44,0.294118,10,0,0
232,2003,0,13,13,17,13,13,-0.235294,-4,0,0,0,0,36047023200,11204,0,48,50,48,-0.04,-2,0,0
232,2003,1,23,13,31,23,23,-0.258065,-8,0,0,0,0,36047023200,11204,0,43,59,43,-0.271186,-16,0,0
232,2003,2,29,23,25,29,29,0.16,4,0,0,0,0,36047023200,11204,0,51,44,51,0.159091,7,0,0
232,2003,3,17,29,27,17,17,-0.37037,-10,0,0,0,0,36047023200,11204,0,46,43,46,0.069767,3,0,0
232,2003,4,23,17,22,23,23,0.045455,1,0,0,0,0,36047023200,11204,1,34,30,34,0.133333,4,0,0
232,2003,5,20,23,22,20,20,-0.090909,-2,0,0,0,0,36047023200,11204,0,34,44,34,-0.227273,-10,0,0
232,2004,0,23,23,13,28,28,0.769231,10,-0.178571,-5,-0.178571,-5,36047023200,11204,0,46,48,54,-0.041667,-2,-0.148148,-8
232,2004,1,17,23,23,23,23,-0.26087,-6,-0.26087,-6,-0.26087,-6,36047023200,11204,0,46,43,50,0.069767,3,-0.08,-4
232,2004,2,20,17,29,27,27,-0.310345,-9,-0.259259,-7,-0.259259,-7,36047023200,11204,0,37,51,45,-0.27451,-14,-0.177778,-8
232,2004,3,29,20,17,24,24,0.705882,12,0.208333,5,0.208333,5,36047023200,11204,0,44,46,36,-0.043478,-2,0.222222,8
232,2004,4,17,29,23,21,21,-0.26087,-6,-0.190476,-4,-0.190476,-4,36047023200,11204,0,36,34,45,0.058824,2,-0.2,-9
232,2004,5,22,17,20,19,19,0.1,2,0.157895,3,0.157895,3,36047023200,11204,0,31,34,34,-0.088235,-3,-0.088235,-3
232,2005,0,13,13,23,17,17,-0.434783,-10,-0.235294,-4,-0.235294,-4,36047023200,11204,1,40,46,50,-0.130435,-6,-0.2,-10
232,2005,1,19,13,17,31,31,0.117647,2,-0.387097,-12,-0.387097,-12,36047023200,11204,0,36,46,59,-0.217391,-10,-0.389831,-23
232,2005,2,13,19,20,25,25,-0.35,-7,-0.48,-12,-0.48,-12,36047023200,11204,0,46,37,44,0.243243,9,0.045455,2
232,2005,3,18,13,29,27,27,-0.37931,-11,-0.333333,-9,-0.333333,-9,36047023200,11204,0,32,44,43,-0.272727,-12,-0.255814,-11
232,2005,4,26,18,17,22,22,0.529412,9,0.181818,4,0.181818,4,36047023200,11204,0,43,36,30,0.194444,7,0.433333,13
232,2005,5,12,26,22,22,22,-0.454545,-10,-0.454545,-10,-0.454545,-10,36047023200,11204,0,33,31,44,0.064516,2,-0.25,-11
232,2006,0,18,18,13,13,13,0.384615,5,0.384615,5,0.384615,5,36047023200,11204,0,33,40,48,-0.175,-7,-0.3125,-15
232,2006,1,15,18,19,23,23,-0.210526,-4,-0.347826,-8,-0.347826,-8,36047023200,11204,0,25,36,43,-0.305556,-11,-0.418605,-18
232,2006,2,14,15,13,29,29,0.076923,1,-0.517241,-15,-0.517241,-15,36047023200,11204,0,32,46,51,-0.304348,-14,-0.372549,-19
232,2006,3,15,14,18,17,17,-0.166667,-3,-0.117647,-2,-0.117647,-2,36047023200,11204,0,38,32,46,0.1875,6,-0.173913,-8
232,2006,4,15,15,26,23,23,-0.423077,-11,-0.347826,-8,-0.347826,-8,36047023200,11204,0,33,43,34,-0.232558,-10,-0.029412,-1
232,2006,5,24,15,12,20,20,1,12,0.2,4,0.2,4,36047023200,11204,0,37,33,34,0.121212,4,0.088235,3
232,2007,0,21,21,18,23,23,0.166667,3,-0.086957,-2,-0.086957,-2,36047023200,11204,0,34,33,46,0.030303,1,-0.26087,-12
232,2007,1,14,21,15,17,17,-0.066667,-1,-0.176471,-3,-0.176471,-3,36047023200,11204,1,33,25,46,0.32,8,-0.282609,-13
232,2007,2,10,14,14,20,20,-0.285714,-4,-0.5,-10,-0.5,-10,36047023200,11204,1,26,32,37,-0.1875,-6,-0.297297,-11
232,2007,3,12,10,15,29,29,-0.2,-3,-0.586207,-17,-0.586207,-17,36047023200,11204,0,29,38,44,-0.236842,-9,-0.340909,-15
232,2007,4,12,12,15,17,17,-0.2,-3,-0.294118,-5,-0.294118,-5,36047023200,11204,0,35,33,36,0.060606,2,-0.027778,-1
232,2007,5,14,12,24,22,22,-0.416667,-10,-0.363636,-8,-0.363636,-8,36047023200,11204,0,28,37,31,-0.243243,-9,-0.096774,-3
232,2008,0,16,16,21,13,13,-0.238095,-5,0.230769,3,0.230769,3,36047023200,11204,1,32,34,40,-0.058824,-2,-0.2,-8
232,2008,1,17,16,14,19,19,0.214286,3,-0.105263,-2,-0.105263,-2,36047023200,11204,1,38,33,36,0.151515,5,0.055556,2
232,2008,2,10,17,10,13,13,0,0,-0.230769,-3,-0.230769,-3,36047023200,11204,1,29,26,46,0.115385,3,-0.369565,-17
232,2008,3,12,10,12,18,18,0,0,-0.333333,-6,-0.333333,-6,36047023200,11204,1,32,29,32,0.103448,3,0,0
232,2008,4,12,12,12,26,26,0,0,-0.538462,-14,-0.538462,-14,36047023200,11204,0,31,35,43,-0.114286,-4,-0.27907,-12
232,2008,5,13,12,14,12,12,-0.071429,-1,0.083333,1,0.083333,1,36047023200,11204,0,34,28,33,0.214286,6,0.030303,1
232,2009,0,20,20,16,18,18,0.25,4,0.111111,2,0.111111,2,36047023200,11204,0,31,32,33,-0.03125,-1,-0.060606,-2
232,2009,1,19,20,17,15,15,0.117647,2,0.266667,4,0.266667,4,36047023200,11204,0,47,38,25,0.236842,9,0.88,22
232,2009,2,15,19,10,14,14,0.5,5,0.071429,1,0.071429,1,36047023200,11204,0,34,29,32,0.172414,5,0.0625,2
232,2009,3,9,15,12,15,15,-0.25,-3,-0.4,-6,-0.4,-6,36047023200,11204,0,29,32,38,-0.09375,-3,-0.236842,-9
232,2009,4,13,9,12,15,15,0.083333,1,-0.133333,-2,-0.133333,-2,36047023200,11204,0,33,31,33,0.064516,2,0,0
232,2009,5,8,13,13,24,24,-0.384615,-5,-0.666667,-16,-0.666667,-16,36047023200,11204,0,34,34,37,0,0,-0.081081,-3
232,2010,0,19,19,20,21,21,-0.05,-1,-0.095238,-2,-0.095238,-2,36047023200,11204,0,54,31,34,0.741935,23,0.588235,20
232,2010,1,21,19,19,14,14,0.105263,2,0.5,7,0.5,7,36047023200,11204,0,35,47,33,-0.255319,-12,0.060606,2
232,2010,2,21,21,15,10,10,0.4,6,1.1,11,1.1,11,36047023200,11204,0,44,34,26,0.294118,10,0.692308,18
232,2010,3,17,21,9,12,12,0.888889,8,0.416667,5,0.416667,5,36047023200,11204,0,31,29,29,0.068966,2,0.068966,2
232,2010,4,10,17,13,12,12,-0.230769,-3,-0.166667,-2,-0.166667,-2,36047023200,11204,0,35,33,35,0.060606,2,0,0
232,2010,5,14,10,8,14,14,0.75,6,0,0,0,0,36047023200,11204,0,33,34,28,-0.029412,-1,0.178571,5
234,2001,0,2,2,2,2,2,0,0,0,0,0,0,36047023400,11204,0,77,77,77,0,0,0,0
234,2001,1,3,2,3,3,3,0,0,0,0,0,0,36047023400,11204,0,78,78,78,0,0,0,0
234,2001,2,4,3,4,4,4,0,0,0,0,0,0,36047023400,11204,0,72,72,72,0,0,0,0
234,2001,3,4,4,4,4,4,0,0,0,0,0,0,36047023400,11204,0,54,54,54,0,0,0,0
234,2001,4,5,4,5,5,5,0,0,0,0,0,0,36047023400,11204,0,58,58,58,0,0,0,0
234,2001,5,4,5,4,4,4,0,0,0,0,0,0,36047023400,11204,0,54,54,54,0,0,0,0
234,2002,0,5,5,2,5,5,1.5,3,0,0,0,0,36047023400,11204,0,69,77,69,-0.103896,-8,0,0
234,2002,1,5,5,3,5,5,0.666667,2,0,0,0,0,36047023400,11204,0,86,78,86,0.102564,8,0,0
234,2002,2,1,5,4,1,1,-0.75,-3,0,0,0,0,36047023400,11204,0,74,72,74,0.027778,2,0,0
234,2002,3,4,1,4,4,4,0,0,0,0,0,0,36047023400,11204,0,72,54,72,0.333333,18,0,0
234,2002,4,4,4,5,4,4,-0.2,-1,0,0,0,0,36047023400,11204,0,48,58,48,-0.172414,-10,0,0
234,2002,5,5,4,4,5,5,0.25,1,0,0,0,0,36047023400,11204,0,61,54,61,0.12963,7,0,0
234,2003,0,3,3,5,3,3,-0.4,-2,0,0,0,0,36047023400,11204,0,61,69,61,-0.115942,-8,0,0
234,2003,1,4,3,5,4,4,-0.2,-1,0,0,0,0,36047023400,11204,0,68,86,68,-0.209302,-18,0,0
234,2003,2,5,4,1,5,5,4,4,0,0,0,0,36047023400,11204,0,73,74,73,-0.013514,-1,0,0
234,2003,3,3,5,4,3,3,-0.25,-1,0,0,0,0,36047023400,11204,0,67,72,67,-0.069444,-5,0,0
234,2003,4,4,3,4,4,4,0,0,0,0,0,0,36047023400,11204,0,59,48,59,0.229167,11,0,0
234,2003,5,4,4,5,4,4,-0.2,-1,0,0,0,0,36047023400,11204,0,49,61,49,-0.196721,-12,0,0
234,2004,0,2,2,3,2,2,-0.333333,-1,0,0,0,0,36047023400,11204,0,76,61,77,0.245902,15,-0.012987,-1
234,2004,1,3,2,4,3,3,-0.25,-1,0,0,0,0,36047023400,11204,0,62,68,78,-0.088235,-6,-0.205128,-16
234,2004,2,1,3,5,4,4,-0.8,-4,-0.75,-3,-0.75,-3,36047023400,11204,0,63,73,72,-0.136986,-10,-0.125,-9
234,2004,3,6,1,3,4,4,1,3,0.5,2,0.5,2,36047023400,11204,0,66,67,54,-0.014925,-1,0.222222,12
234,2004,4,1,6,4,5,5,-0.75,-3,-0.8,-4,-0.8,-4,36047023400,11204,0,56,59,58,-0.050847,-3,-0.034483,-2
234,2004,5,3,1,4,4,4,-0.25,-1,-0.25,-1,-0.25,-1,36047023400,11204,1,57,49,54,0.163265,8,0.055556,3
234,2005,0,4,4,2,5,5,1,2,-0.2,-1,-0.2,-1,36047023400,11204,0,52,76,69,-0.315789,-24,-0.246377,-17
234,2005,1,1,4,3,5,5,-0.666667,-2,-0.8,-4,-0.8,-4,36047023400,11204,0,58,62,86,-0.064516,-4,-0.325581,-28
234,2005,2,3,1,1,1,1,2,2,2,2,2,2,36047023400,11204,0,56,63,74,-0.111111,-7,-0.243243,-18
234,2005,3,3,3,6,4,4,-0.5,-3,-0.25,-1,-0.25,-1,36047023400,11204,0,49,66,72,-0.257576,-17,-0.319444,-23
234,2005,4,6,3,1,4,4,5,5,0.5,2,0.5,2,36047023400,11204,0,63,56,48,0.125,7,0.3125,15
234,2005,5,1,6,3,5,5,-0.666667,-2,-0.8,-4,-0.8,-4,36047023400,11204,0,49,57,61,-0.140351,-8,-0.196721,-12
234,2006,0,1,1,4,3,3,-0.75,-3,-0.666667,-2,-0.666667,-2,36047023400,11204,0,54,52,61,0.038462,2,-0.114754,-7
234,2006,1,1,1,1,4,4,0,0,-0.75,-3,-0.75,-3,36047023400,11204,0,42,58,68,-0.275862,-16,-0.382353,-26
234,2006,2,1,1,3,5,5,-0.666667,-2,-0.8,-4,-0.8,-4,36047023400,11204,0,51,56,73,-0.089286,-5,-0.30137,-22
234,2006,3,3,1,3,3,3,0,0,0,0,0,0,36047023400,11204,0,50,49,67,0.020408,1,-0.253731,-17
234,2006,4,2,3,6,4,4,-0.666667,-4,-0.5,-2,-0.5,-2,36047023400,11204,0,47,63,59,-0.253968,-16,-0.20339,-12
234,2006,5,7,2,1,4,4,6,6,0.75,3,0.75,3,36047023400,11204,0,56,49,49,0.142857,7,0.142857,7
234,2007,0,1,1,1,2,2,0,0,-0.5,-1,-0.5,-1,36047023400,11204,0,54,54,76,0,0,-0.289474,-22
234,2007,1,2,1,1,3,3,1,1,-0.333333,-1,-0.333333,-1,36047023400,11204,1,48,42,62,0.142857,6,-0.225806,-14
234,2007,3,1,0,3,6,6,-0.666667,-2,-0.833333,-5,-0.833333,-5,36047023400,11204,0,46,50,66,-0.08,-4,-0.30303,-20
234,2007,4,4,1,2,1,1,1,2,3,3,3,3,36047023400,11204,0,41,47,56,-0.12766,-6,-0.267857,-15
234,2007,5,3,4,7,3,3,-0.571429,-4,0,0,0,0,36047023400,11204,0,43,56,57,-0.232143,-13,-0.245614,-14
234,2008,0,3,3,1,4,4,2,2,-0.25,-1,-0.25,-1,36047023400,11204,0,56,54,52,0.037037,2,0.076923,4
234,2008,1,2,3,2,1,1,0,0,1,1,1,1,36047023400,11204,1,52,48,58,0.083333,4,-0.103448,-6
234,2008,2,2,2,0,3,3,1,2,-0.333333,-1,-0.333333,-1,36047023400,11204,1,43,39,56,0.102564,4,-0.232143,-13
234,2008,3,2,2,1,3,3,1,1,-0.333333,-1,-0.333333,-1,36047023400,11204,0,43,46,49,-0.065217,-3,-0.122449,-6
234,2008,4,2,2,4,6,6,-0.5,-2,-0.666667,-4,-0.666667,-4,36047023400,11204,0,46,41,63,0.121951,5,-0.269841,-17
234,2008,5,5,2,3,1,1,0.666667,2,4,4,4,4,36047023400,11204,0,41,43,49,-0.046512,-2,-0.163265,-8
234,2009,0,3,3,3,1,1,0,0,2,2,2,2,36047023400,11204,0,55,56,54,-0.017857,-1,0.018519,1
234,2009,1,7,3,2,1,1,2.5,5,6,6,6,6,36047023400,11204,0,76,52,42,0.461538,24,0.809524,34
234,2009,2,1,7,2,1,1,-0.5,-1,0,0,0,0,36047023400,11204,0,50,43,51,0.162791,7,-0.019608,-1
234,2009,3,1,1,2,3,3,-0.5,-1,-0.666667,-2,-0.666667,-2,36047023400,11204,0,42,43,50,-0.023256,-1,-0.16,-8
234,2009,4,2,1,2,2,2,0,0,0,0,0,0,36047023400,11204,0,46,46,47,0,0,-0.021277,-1
234,2009,5,3,2,5,7,7,-0.4,-2,-0.571429,-4,-0.571429,-4,36047023400,11204,0,42,41,56,0.02439,1,-0.25,-14
234,2010,0,4,4,3,1,1,0.333333,1,3,3,3,3,36047023400,11204,0,74,55,54,0.345455,19,0.37037,20
234,2010,1,5,4,7,2,2,-0.285714,-2,1.5,3,1.5,3,36047023400,11204,0,56,76,48,-0.263158,-20,0.166667,8
234,2010,2,8,5,1,0,0,7,7,1,8,1,8,36047023400,11204,0,74,50,39,0.48,24,0.897436,35
234,2010,3,1,8,1,1,1,0,0,0,0,0,0,36047023400,11204,0,49,42,46,0.166667,7,0.065217,3
234,2010,4,3,1,2,4,4,0.5,1,-0.25,-1,-0.25,-1,36047023400,11204,0,47,46,41,0.021739,1,0.146341,6
234,2010,5,1,3,3,3,3,-0.666667,-2,-0.666667,-2,-0.666667,-2,36047023400,11204,0,48,42,43,0.142857,6,0.116279,5
236,2001,0,5,5,5,5,5,0,0,0,0,0,0,36047023600,11204,1,44,44,44,0,0,0,0
236,2001,1,4,5,4,4,4,0,0,0,0,0,0,36047023600,11204,0,60,60,60,0,0,0,0
236,2001,2,8,4,8,8,8,0,0,0,0,0,0,36047023600,11204,0,52,52,52,0,0,0,0
236,2001,3,9,8,9,9,9,0,0,0,0,0,0,36047023600,11204,0,42,42,42,0,0,0,0
236,2001,4,7,9,7,7,7,0,0,0,0,0,0,36047023600,11204,0,43,43,43,0,0,0,0
236,2001,5,6,7,6,6,6,0,0,0,0,0,0,36047023600,11204,0,43,43,43,0,0,0,0
236,2002,0,4,4,5,4,4,-0.2,-1,0,0,0,0,36047023600,11204,0,40,44,40,-0.090909,-4,0,0
236,2002,1,7,4,4,7,7,0.75,3,0,0,0,0,36047023600,11204,1,52,60,52,-0.133333,-8,0,0
236,2002,2,4,7,8,4,4,-0.5,-4,0,0,0,0,36047023600,11204,0,54,52,54,0.038462,2,0,0
236,2002,3,7,4,9,7,7,-0.222222,-2,0,0,0,0,36047023600,11204,0,50,42,50,0.190476,8,0,0
236,2002,4,6,7,7,6,6,-0.142857,-1,0,0,0,0,36047023600,11204,0,40,43,40,-0.069767,-3,0,0
236,2002,5,10,6,6,10,10,0.666667,4,0,0,0,0,36047023600,11204,0,48,43,48,0.116279,5,0,0
236,2003,0,10,10,4,10,10,1.5,6,0,0,0,0,36047023600,11204,0,30,40,30,-0.25,-10,0,0
236,2003,1,3,10,7,3,3,-0.571429,-4,0,0,0,0,36047023600,11204,0,45,52,45,-0.134615,-7,0,0
236,2003,2,7,3,4,7,7,0.75,3,0,0,0,0,36047023600,11204,1,48,54,48,-0.111111,-6,0,0
236,2003,3,6,7,7,6,6,-0.142857,-1,0,0,0,0,36047023600,11204,0,45,50,45,-0.1,-5,0,0
236,2003,4,6,6,6,6,6,0,0,0,0,0,0,36047023600,11204,0,43,40,43,0.075,3,0,0
236,2003,5,6,6,10,6,6,-0.4,-4,0,0,0,0,36047023600,11204,0,39,48,39,-0.1875,-9,0,0
236,2004,0,6,6,10,5,5,-0.4,-4,0.2,1,0.2,1,36047023600,11204,0,47,30,44,0.566667,17,0.068182,3
236,2004,1,12,6,3,4,4,3,9,2,8,2,8,36047023600,11204,0,32,45,60,-0.288889,-13,-0.466667,-28
236,2004,2,3,12,7,8,8,-0.571429,-4,-0.625,-5,-0.625,-5,36047023600,11204,0,37,48,52,-0.229167,-11,-0.288462,-15
236,2004,3,2,3,6,9,9,-0.666667,-4,-0.777778,-7,-0.777778,-7,36047023600,11204,1,46,45,42,0.022222,1,0.095238,4
236,2004,4,4,2,6,7,7,-0.333333,-2,-0.428571,-3,-0.428571,-3,36047023600,11204,0,41,43,43,-0.046512,-2,-0.046512,-2
236,2004,5,6,4,6,6,6,0,0,0,0,0,0,36047023600,11204,0,43,39,43,0.102564,4,0,0
236,2005,0,6,6,6,4,4,0,0,0.5,2,0.5,2,36047023600,11204,0,31,47,40,-0.340426,-16,-0.225,-9
236,2005,1,5,6,12,7,7,-0.583333,-7,-0.285714,-2,-0.285714,-2,36047023600,11204,0,40,32,52,0.25,8,-0.230769,-12
236,2005,2,12,5,3,4,4,3,9,2,8,2,8,36047023600,11204,0,25,37,54,-0.324324,-12,-0.537037,-29
236,2005,3,3,12,2,7,7,0.5,1,-0.571429,-4,-0.571429,-4,36047023600,11204,0,35,46,50,-0.23913,-11,-0.3,-15
236,2005,4,2,3,4,6,6,-0.5,-2,-0.666667,-4,-0.666667,-4,36047023600,11204,1,44,41,40,0.073171,3,0.1,4
236,2005,5,6,2,6,10,10,0,0,-0.4,-4,-0.4,-4,36047023600,11204,0,35,43,48,-0.186047,-8,-0.270833,-13
236,2006,0,3,3,6,10,10,-0.5,-3,-0.7,-7,-0.7,-7,36047023600,11204,1,38,31,30,0.225806,7,0.266667,8
236,2006,1,5,3,5,3,3,0,0,0.666667,2,0.666667,2,36047023600,11204,0,30,40,45,-0.25,-10,-0.333333,-15
236,2006,2,4,5,12,7,7,-0.666667,-8,-0.428571,-3,-0.428571,-3,36047023600,11204,0,33,25,48,0.32,8,-0.3125,-15
236,2006,3,9,4,3,6,6,2,6,0.5,3,0.5,3,36047023600,11204,0,27,35,45,-0.228571,-8,-0.4,-18
236,2006,4,2,9,2,6,6,0,0,-0.666667,-4,-0.666667,-4,36047023600,11204,0,30,44,43,-0.318182,-14,-0.302326,-13
236,2006,5,3,2,6,6,6,-0.5,-3,-0.5,-3,-0.5,-3,36047023600,11204,0,44,35,39,0.257143,9,0.128205,5
236,2007,0,2,2,3,6,6,-0.333333,-1,-0.666667,-4,-0.666667,-4,36047023600,11204,0,37,38,47,-0.026316,-1,-0.212766,-10
236,2007,1,1,2,5,12,12,-0.8,-4,-0.916667,-11,-0.916667,-11,36047023600,11204,1,32,30,32,0.066667,2,0,0
236,2007,2,5,1,4,3,3,0.25,1,0.666667,2,0.666667,2,36047023600,11204,0,26,33,37,-0.212121,-7,-0.297297,-11
236,2007,3,2,5,9,2,2,-0.777778,-7,0,0,0,0,36047023600,11204,0,30,27,46,0.111111,3,-0.347826,-16
236,2007,4,6,2,2,4,4,2,4,0.5,2,0.5,2,36047023600,11204,0,25,30,41,-0.166667,-5,-0.390244,-16
236,2007,5,2,6,3,6,6,-0.333333,-1,-0.666667,-4,-0.666667,-4,36047023600,11204,0,28,44,43,-0.363636,-16,-0.348837,-15
236,2008,0,9,9,2,6,6,3.5,7,0.5,3,0.5,3,36047023600,11204,1,42,37,31,0.135135,5,0.354839,11
236,2008,1,2,9,1,5,5,1,1,-0.6,-3,-0.6,-3,36047023600,11204,0,27,32,40,-0.15625,-5,-0.325,-13
236,2008,2,1,2,5,12,12,-0.8,-4,-0.916667,-11,-0.916667,-11,36047023600,11204,1,26,26,25,0,0,0.04,1
236,2008,3,5,1,2,3,3,1.5,3,0.666667,2,0.666667,2,36047023600,11204,0,26,30,35,-0.133333,-4,-0.257143,-9
236,2008,4,4,5,6,2,2,-0.333333,-2,1,2,1,2,36047023600,11204,0,31,25,44,0.24,6,-0.295455,-13
236,2008,5,5,4,2,6,6,1.5,3,-0.166667,-1,-0.166667,-1,36047023600,11204,0,28,28,35,0,0,-0.2,-7
236,2009,0,3,3,9,3,3,-0.666667,-6,0,0,0,0,36047023600,11204,0,43,42,38,0.02381,1,0.131579,5
236,2009,1,11,3,2,5,5,4.5,9,1.2,6,1.2,6,36047023600,11204,0,59,27,30,1.185185,32,0.966667,29
236,2009,2,3,11,1,4,4,2,2,-0.25,-1,-0.25,-1,36047023600,11204,0,27,26,33,0.038462,1,-0.181818,-6
236,2009,4,4,0,4,2,2,0,0,1,2,1,2,36047023600,11204,0,30,31,30,-0.032258,-1,0,0
236,2009,5,3,4,5,3,3,-0.4,-2,0,0,0,0,36047023600,11204,0,26,28,44,-0.071429,-2,-0.409091,-18
236,2010,0,12,12,3,2,2,3,9,5,10,5,10,36047023600,11204,0,54,43,37,0.255814,11,0.459459,17
236,2010,1,3,12,11,1,1,-0.727273,-8,2,2,2,2,36047023600,11204,0,43,59,32,-0.271186,-16,0.34375,11
236,2010,2,8,3,3,5,5,1.666667,5,0.6,3,0.6,3,36047023600,11204,0,62,27,26,1.296296,35,1.384615,36
236,2010,3,5,8,0,2,2,1,5,1.5,3,1.5,3,36047023600,11204,0,29,24,30,0.208333,5,-0.033333,-1
236,2010,4,2,5,4,6,6,-0.5,-2,-0.666667,-4,-0.666667,-4,36047023600,11204,0,27,30,25,-0.1,-3,0.08,2
236,2010,5,3,2,3,2,2,0,0,0.5,1,0.5,1,36047023600,11204,0,28,26,28,0.076923,2,0,0
238,2001,0,1,1,1,1,1,0,0,0,0,0,0,36047023800,11204,1,31,31,31,0,0,0,0
238,2001,1,7,1,7,7,7,0,0,0,0,0,0,36047023800,11204,0,40,40,40,0,0,0,0
238,2001,2,6,7,6,6,6,0,0,0,0,0,0,36047023800,11204,0,37,37,37,0,0,0,0
238,2001,3,3,6,3,3,3,0,0,0,0,0,0,36047023800,11204,0,35,35,35,0,0,0,0
238,2001,4,5,3,5,5,5,0,0,0,0,0,0,36047023800,11204,0,30,30,30,0,0,0,0
238,2001,5,2,5,2,2,2,0,0,0,0,0,0,36047023800,11204,0,33,33,33,0,0,0,0
238,2002,0,4,4,1,4,4,3,3,0,0,0,0,36047023800,11204,0,31,31,31,0,0,0,0
238,2002,1,2,4,7,2,2,-0.714286,-5,0,0,0,0,36047023800,11204,1,36,40,36,-0.1,-4,0,0
238,2002,2,7,2,6,7,7,0.166667,1,0,0,0,0,36047023800,11204,0,35,37,35,-0.054054,-2,0,0
238,2002,3,6,7,3,6,6,1,3,0,0,0,0,36047023800,11204,0,30,35,30,-0.142857,-5,0,0
238,2002,4,3,6,5,3,3,-0.4,-2,0,0,0,0,36047023800,11204,0,30,30,30,0,0,0,0
238,2002,5,5,3,2,5,5,1.5,3,0,0,0,0,36047023800,11204,0,36,33,36,0.090909,3,0,0
238,2003,0,6,6,4,6,6,0.5,2,0,0,0,0,36047023800,11204,0,31,31,31,0,0,0,0
238,2003,1,4,6,2,4,4,1,2,0,0,0,0,36047023800,11204,0,30,36,30,-0.166667,-6,0,0
238,2003,2,1,4,7,1,1,-0.857143,-6,0,0,0,0,36047023800,11204,0,38,35,38,0.085714,3,0,0
238,2003,3,5,1,6,5,5,-0.166667,-1,0,0,0,0,36047023800,11204,0,34,30,34,0.133333,4,0,0
238,2003,4,5,5,3,5,5,0.666667,2,0,0,0,0,36047023800,11204,0,28,30,28,-0.066667,-2,0,0
238,2003,5,3,5,5,3,3,-0.4,-2,0,0,0,0,36047023800,11204,0,29,36,29,-0.194444,-7,0,0
238,2004,0,4,4,6,1,1,-0.333333,-2,3,3,3,3,36047023800,11204,0,27,31,31,-0.129032,-4,-0.129032,-4
238,2004,1,5,4,4,7,7,0.25,1,-0.285714,-2,-0.285714,-2,36047023800,11204,0,36,30,40,0.2,6,-0.1,-4
238,2004,2,3,5,1,6,6,2,2,-0.5,-3,-0.5,-3,36047023800,11204,0,21,38,37,-0.447368,-17,-0.432432,-16
238,2004,3,2,3,5,3,3,-0.6,-3,-0.333333,-1,-0.333333,-1,36047023800,11204,0,28,34,35,-0.176471,-6,-0.2,-7
238,2004,4,4,2,5,5,5,-0.2,-1,-0.2,-1,-0.2,-1,36047023800,11204,0,31,28,30,0.107143,3,0.033333,1
238,2004,5,5,4,3,2,2,0.666667,2,1.5,3,1.5,3,36047023800,11204,0,29,29,33,0,0,-0.121212,-4
238,2005,0,2,2,4,4,4,-0.5,-2,-0.5,-2,-0.5,-2,36047023800,11204,0,24,27,31,-0.111111,-3,-0.225806,-7
238,2005,1,3,2,5,2,2,-0.4,-2,0.5,1,0.5,1,36047023800,11204,0,30,36,36,-0.166667,-6,-0.166667,-6
238,2005,2,2,3,3,7,7,-0.333333,-1,-0.714286,-5,-0.714286,-5,36047023800,11204,0,34,21,35,0.619048,13,-0.028571,-1
238,2005,3,1,2,2,6,6,-0.5,-1,-0.833333,-5,-0.833333,-5,36047023800,11204,0,26,28,30,-0.071429,-2,-0.133333,-4
238,2005,4,1,1,4,3,3,-0.75,-3,-0.666667,-2,-0.666667,-2,36047023800,11204,0,31,31,30,0,0,0.033333,1
238,2005,5,4,1,5,5,5,-0.2,-1,-0.2,-1,-0.2,-1,36047023800,11204,0,28,29,36,-0.034483,-1,-0.222222,-8
238,2006,1,2,0,3,4,4,-0.333333,-1,-0.5,-2,-0.5,-2,36047023800,11204,0,21,30,30,-0.3,-9,-0.3,-9
238,2006,2,2,2,2,1,1,0,0,1,1,1,1,36047023800,11204,0,32,34,38,-0.058824,-2,-0.157895,-6
238,2006,3,1,2,1,5,5,0,0,-0.8,-4,-0.8,-4,36047023800,11204,0,33,26,34,0.269231,7,-0.029412,-1
238,2007,0,1,1,0,4,4,1,1,-0.75,-3,-0.75,-3,36047023800,11204,1,22,29,27,-0.241379,-7,-0.185185,-5
238,2007,2,3,0,2,3,3,0.5,1,0,0,0,0,36047023800,11204,0,21,32,21,-0.34375,-11,0,0
238,2007,3,3,3,1,2,2,2,2,0.5,1,0.5,1,36047023800,11204,0,24,33,28,-0.272727,-9,-0.142857,-4
238,2007,4,1,3,0,4,4,1,1,-0.75,-3,-0.75,-3,36047023800,11204,0,30,22,31,0.363636,8,-0.032258,-1
238,2008,0,8,8,1,2,2,7,7,3,6,3,6,36047023800,11204,0,28,22,24,0.272727,6,0.166667,4
238,2008,4,2,0,1,1,1,1,1,1,1,1,1,36047023800,11204,0,28,30,31,-0.066667,-2,-0.096774,-3
238,2008,5,1,2,0,4,4,1,1,-0.75,-3,-0.75,-3,36047023800,11204,0,28,23,28,0.217391,5,0,0
238,2009,0,5,5,8,0,0,-0.375,-3,1,5,1,5,36047023800,11204,0,33,28,29,0.178571,5,0.137931,4
238,2009,1,11,5,0,2,2,1,11,4.5,9,4.5,9,36047023800,11204,0,42,17,21,1.470588,25,1,21
238,2009,2,1,11,0,2,2,1,1,-0.5,-1,-0.5,-1,36047023800,11204,0,25,20,32,0.25,5,-0.21875,-7
238,2009,4,1,0,2,0,0,-0.5,-1,1,1,1,1,36047023800,11204,0,21,28,22,-0.25,-7,-0.045455,-1
238,2010,0,6,6,5,1,1,0.2,1,5,5,5,5,36047023800,11204,0,59,33,22,0.787879,26,1.681818,37
238,2010,1,4,6,11,0,0,-0.636364,-7,1,4,1,4,36047023800,11204,0,35,42,26,-0.166667,-7,0.346154,9
238,2010,2,11,4,1,3,3,10,10,2.666667,8,2.666667,8,36047023800,11204,0,40,25,21,0.6,15,0.904762,19
238,2010,3,1,11,0,3,3,1,1,-0.666667,-2,-0.666667,-2,36047023800,11204,0,25,18,24,0.388889,7,0.041667,1
238,2010,5,1,0,0,0,0,1,1,1,1,1,1,36047023800,11204,0,17,26,23,-0.346154,-9,-0.26087,-6
240,2001,0,4,4,4,4,4,0,0,0,0,0,0,36047024000,11204,0,43,43,43,0,0,0,0
240,2001,1,8,4,8,8,8,0,0,0,0,0,0,36047024000,11204,0,57,57,57,0,0,0,0
240,2001,2,7,8,7,7,7,0,0,0,0,0,0,36047024000,11204,0,56,56,56,0,0,0,0
240,2001,3,3,7,3,3,3,0,0,0,0,0,0,36047024000,11204,1,57,57,57,0,0,0,0
240,2001,4,4,3,4,4,4,0,0,0,0,0,0,36047024000,11204,0,44,44,44,0,0,0,0
240,2001,5,6,4,6,6,6,0,0,0,0,0,0,36047024000,11204,0,51,51,51,0,0,0,0
240,2002,0,4,4,4,4,4,0,0,0,0,0,0,36047024000,11204,0,40,43,40,-0.069767,-3,0,0
240,2002,1,4,4,8,4,4,-0.5,-4,0,0,0,0,36047024000,11204,0,47,57,47,-0.175439,-10,0,0
240,2002,2,7,4,7,7,7,0,0,0,0,0,0,36047024000,11204,0,55,56,55,-0.017857,-1,0,0
240,2002,3,6,7,3,6,6,1,3,0,0,0,0,36047024000,11204,0,59,57,59,0.035088,2,0,0
240,2002,4,4,6,4,4,4,0,0,0,0,0,0,36047024000,11204,1,57,44,57,0.295455,13,0,0
240,2002,5,5,4,6,5,5,-0.166667,-1,0,0,0,0,36047024000,11204,0,51,51,51,0,0,0,0
240,2003,0,2,2,4,2,2,-0.5,-2,0,0,0,0,36047024000,11204,0,51,40,51,0.275,11,0,0
240,2003,1,3,2,4,3,3,-0.25,-1,0,0,0,0,36047024000,11204,0,36,47,36,-0.234043,-11,0,0
240,2003,2,2,3,7,2,2,-0.714286,-5,0,0,0,0,36047024000,11204,0,50,55,50,-0.090909,-5,0,0
240,2003,3,7,2,6,7,7,0.166667,1,0,0,0,0,36047024000,11204,0,52,59,52,-0.118644,-7,0,0
240,2003,4,5,7,4,5,5,0.25,1,0,0,0,0,36047024000,11204,0,56,57,56,-0.017544,-1,0,0
240,2003,5,6,5,5,6,6,0.2,1,0,0,0,0,36047024000,11204,0,51,51,51,0,0,0,0
240,2004,0,2,2,2,4,4,0,0,-0.5,-2,-0.5,-2,36047024000,11204,0,53,51,43,0.039216,2,0.232558,10
240,2004,1,2,2,3,8,8,-0.333333,-1,-0.75,-6,-0.75,-6,36047024000,11204,0,54,36,57,0.5,18,-0.052632,-3
240,2004,2,2,2,2,7,7,0,0,-0.714286,-5,-0.714286,-5,36047024000,11204,0,33,50,56,-0.34,-17,-0.410714,-23
240,2004,3,2,2,7,3,3,-0.714286,-5,-0.333333,-1,-0.333333,-1,36047024000,11204,0,39,52,57,-0.25,-13,-0.315789,-18
240,2004,4,8,2,5,4,4,0.6,3,1,4,1,4,36047024000,11204,0,51,56,44,-0.089286,-5,0.159091,7
240,2004,5,5,8,6,6,6,-0.166667,-1,-0.166667,-1,-0.166667,-1,36047024000,11204,0,54,51,51,0.058824,3,0.058824,3
240,2005,0,3,3,2,4,4,0.5,1,-0.25,-1,-0.25,-1,36047024000,11204,0,32,53,40,-0.396226,-21,-0.2,-8
240,2005,1,2,3,2,4,4,0,0,-0.5,-2,-0.5,-2,36047024000,11204,0,58,54,47,0.074074,4,0.234043,11
240,2005,2,2,2,2,7,7,0,0,-0.714286,-5,-0.714286,-5,36047024000,11204,0,51,33,55,0.545455,18,-0.072727,-4
240,2005,3,3,2,2,6,6,0.5,1,-0.5,-3,-0.5,-3,36047024000,11204,0,34,39,59,-0.128205,-5,-0.423729,-25
240,2005,4,1,3,8,4,4,-0.875,-7,-0.75,-3,-0.75,-3,36047024000,11204,1,41,51,57,-0.196078,-10,-0.280702,-16
240,2005,5,7,1,5,5,5,0.4,2,0.4,2,0.4,2,36047024000,11204,0,53,54,51,-0.018519,-1,0.039216,2
240,2006,0,4,4,3,2,2,0.333333,1,1,2,1,2,36047024000,11204,1,37,32,51,0.15625,5,-0.27451,-14
240,2006,1,4,4,2,3,3,1,2,0.333333,1,0.333333,1,36047024000,11204,0,33,58,36,-0.431034,-25,-0.083333,-3
240,2006,2,2,4,2,2,2,0,0,0,0,0,0,36047024000,11204,0,55,51,50,0.078431,4,0.1,5
240,2006,3,4,2,3,7,7,0.333333,1,-0.428571,-3,-0.428571,-3,36047024000,11204,0,44,34,52,0.294118,10,-0.153846,-8
240,2006,4,3,4,1,5,5,2,2,-0.4,-2,-0.4,-2,36047024000,11204,0,31,41,56,-0.243902,-10,-0.446429,-25
240,2006,5,2,3,7,6,6,-0.714286,-5,-0.666667,-4,-0.666667,-4,36047024000,11204,0,37,53,51,-0.301887,-16,-0.27451,-14
240,2007,0,5,5,4,2,2,0.25,1,1.5,3,1.5,3,36047024000,11204,0,36,37,53,-0.027027,-1,-0.320755,-17
240,2007,1,4,5,4,2,2,0,0,1,2,1,2,36047024000,11204,1,36,33,54,0.090909,3,-0.333333,-18
240,2007,2,2,4,2,2,2,0,0,0,0,0,0,36047024000,11204,0,40,55,33,-0.272727,-15,0.212121,7
240,2007,3,2,2,4,2,2,-0.5,-2,0,0,0,0,36047024000,11204,0,51,44,39,0.159091,7,0.307692,12
240,2007,4,4,2,3,8,8,0.333333,1,-0.5,-4,-0.5,-4,36047024000,11204,0,40,31,51,0.290323,9,-0.215686,-11
240,2007,5,2,4,2,5,5,0,0,-0.6,-3,-0.6,-3,36047024000,11204,1,31,37,54,-0.162162,-6,-0.425926,-23
240,2008,0,7,7,5,3,3,0.4,2,1.333333,4,1.333333,4,36047024000,11204,1,46,36,32,0.277778,10,0.4375,14
240,2008,1,3,7,4,2,2,-0.25,-1,0.5,1,0.5,1,36047024000,11204,1,33,36,58,-0.083333,-3,-0.431034,-25
240,2008,2,3,3,2,2,2,0.5,1,0.5,1,0.5,1,36047024000,11204,1,32,40,51,-0.2,-8,-0.372549,-19
240,2008,3,2,3,2,3,3,0,0,-0.333333,-1,-0.333333,-1,36047024000,11204,0,33,51,34,-0.352941,-18,-0.029412,-1
240,2008,4,4,2,4,1,1,0,0,3,3,3,3,36047024000,11204,0,46,40,41,0.15,6,0.121951,5
240,2008,5,4,4,2,7,7,1,2,-0.428571,-3,-0.428571,-3,36047024000,11204,0,35,31,53,0.129032,4,-0.339623,-18
240,2009,0,7,7,7,4,4,0,0,0.75,3,0.75,3,36047024000,11204,0,57,46,37,0.23913,11,0.540541,20
240,2009,1,10,7,3,4,4,2.333333,7,1.5,6,1.5,6,36047024000,11204,0,54,33,33,0.636364,21,0.636364,21
240,2009,2,4,10,3,2,2,0.333333,1,1,2,1,2,36047024000,11204,0,34,32,55,0.0625,2,-0.381818,-21
240,2009,3,3,4,2,4,4,0.5,1,-0.25,-1,-0.25,-1,36047024000,11204,0,32,33,44,-0.030303,-1,-0.272727,-12
240,2009,4,5,3,4,3,3,0.25,1,0.666667,2,0.666667,2,36047024000,11204,0,37,46,31,-0.195652,-9,0.193548,6
240,2009,5,5,5,4,2,2,0.25,1,1.5,3,1.5,3,36047024000,11204,0,40,35,37,0.142857,5,0.081081,3
240,2010,0,11,11,7,5,5,0.571429,4,1.2,6,1.2,6,36047024000,11204,0,72,57,36,0.263158,15,1,36
240,2010,1,7,11,10,4,4,-0.3,-3,0.75,3,0.75,3,36047024000,11204,0,49,54,36,-0.092593,-5,0.361111,13
240,2010,2,10,7,4,2,2,1.5,6,4,8,4,8,36047024000,11204,0,52,34,40,0.529412,18,0.3,12
240,2010,3,4,10,3,2,2,0.333333,1,1,2,1,2,36047024000,11204,0,40,32,51,0.25,8,-0.215686,-11
240,2010,4,3,4,5,4,4,-0.4,-2,-0.25,-1,-0.25,-1,36047024000,11204,0,37,37,40,0,0,-0.075,-3
240,2010,5,3,3,5,2,2,-0.4,-2,0.5,1,0.5,1,36047024000,11204,0,42,40,31,0.05,2,0.354839,11
242,2001,0,7,7,7,7,7,0,0,0,0,0,0,36047024200,11204,0,63,63,63,0,0,0,0
242,2001,1,11,7,11,11,11,0,0,0,0,0,0,36047024200,11204,0,116,116,116,0,0,0,0
242,2001,2,6,11,6,6,6,0,0,0,0,0,0,36047024200,11204,0,92,92,92,0,0,0,0
242,2001,3,8,6,8,8,8,0,0,0,0,0,0,36047024200,11204,0,87,87,87,0,0,0,0
242,2001,4,6,8,6,6,6,0,0,0,0,0,0,36047024200,11204,0,84,84,84,0,0,0,0
242,2001,5,6,6,6,6,6,0,0,0,0,0,0,36047024200,11204,0,92,92,92,0,0,0,0
242,2002,0,6,6,7,6,6,-0.142857,-1,0,0,0,0,36047024200,11204,0,72,63,72,0.142857,9,0,0
242,2002,1,7,6,11,7,7,-0.363636,-4,0,0,0,0,36047024200,11204,0,75,116,75,-0.353448,-41,0,0
242,2002,2,9,7,6,9,9,0.5,3,0,0,0,0,36047024200,11204,0,114,92,114,0.23913,22,0,0
242,2002,3,5,9,8,5,5,-0.375,-3,0,0,0,0,36047024200,11204,0,86,87,86,-0.011494,-1,0,0
242,2002,4,7,5,6,7,7,0.166667,1,0,0,0,0,36047024200,11204,0,92,84,92,0.095238,8,0,0
242,2002,5,9,7,6,9,9,0.5,3,0,0,0,0,36047024200,11204,0,80,92,80,-0.130435,-12,0,0
242,2003,0,5,5,6,5,5,-0.166667,-1,0,0,0,0,36047024200,11204,0,83,72,83,0.152778,11,0,0
242,2003,1,7,5,7,7,7,0,0,0,0,0,0,36047024200,11204,0,79,75,79,0.053333,4,0,0
242,2003,2,8,7,9,8,8,-0.111111,-1,0,0,0,0,36047024200,11204,0,76,114,76,-0.333333,-38,0,0
242,2003,3,7,8,5,7,7,0.4,2,0,0,0,0,36047024200,11204,0,112,86,112,0.302326,26,0,0
242,2003,4,4,7,7,4,4,-0.428571,-3,0,0,0,0,36047024200,11204,0,89,92,89,-0.032609,-3,0,0
242,2003,5,6,4,9,6,6,-0.333333,-3,0,0,0,0,36047024200,11204,0,96,80,96,0.2,16,0,0
242,2004,0,5,5,5,7,7,0,0,-0.285714,-2,-0.285714,-2,36047024200,11204,1,97,83,63,0.168675,14,0.539683,34
242,2004,1,4,5,7,11,11,-0.428571,-3,-0.636364,-7,-0.636364,-7,36047024200,11204,0,90,79,116,0.139241,11,-0.224138,-26
242,2004,2,6,4,8,6,6,-0.25,-2,0,0,0,0,36047024200,11204,0,70,76,92,-0.078947,-6,-0.23913,-22
242,2004,3,4,6,7,8,8,-0.428571,-3,-0.5,-4,-0.5,-4,36047024200,11204,0,71,112,87,-0.366071,-41,-0.183908,-16
242,2004,4,6,4,4,6,6,0.5,2,0,0,0,0,36047024200,11204,0,108,89,84,0.213483,19,0.285714,24
242,2004,5,5,6,6,6,6,-0.166667,-1,-0.166667,-1,-0.166667,-1,36047024200,11204,0,83,96,92,-0.135417,-13,-0.097826,-9
242,2005,0,5,5,5,6,6,0,0,-0.166667,-1,-0.166667,-1,36047024200,11204,0,86,97,72,-0.113402,-11,0.194444,14
242,2005,1,7,5,4,7,7,0.75,3,0,0,0,0,36047024200,11204,0,98,90,75,0.088889,8,0.306667,23
242,2005,2,4,7,6,9,9,-0.333333,-2,-0.555556,-5,-0.555556,-5,36047024200,11204,1,84,70,114,0.2,14,-0.263158,-30
242,2005,3,6,4,4,5,5,0.5,2,0.2,1,0.2,1,36047024200,11204,0,65,71,86,-0.084507,-6,-0.244186,-21
242,2005,4,6,6,6,7,7,0,0,-0.142857,-1,-0.142857,-1,36047024200,11204,0,64,108,92,-0.407407,-44,-0.304348,-28
242,2005,5,5,6,5,9,9,0,0,-0.444444,-4,-0.444444,-4,36047024200,11204,0,106,83,80,0.277108,23,0.325,26
242,2006,0,9,9,5,5,5,0.8,4,0.8,4,0.8,4,36047024200,11204,0,68,86,83,-0.209302,-18,-0.180723,-15
242,2006,1,4,9,7,7,7,-0.428571,-3,-0.428571,-3,-0.428571,-3,36047024200,11204,0,90,98,79,-0.081633,-8,0.139241,11
242,2006,2,7,4,4,8,8,0.75,3,-0.125,-1,-0.125,-1,36047024200,11204,0,89,84,76,0.059524,5,0.171053,13
242,2006,3,2,7,6,7,7,-0.666667,-4,-0.714286,-5,-0.714286,-5,36047024200,11204,1,75,65,112,0.153846,10,-0.330357,-37
242,2006,4,6,2,6,4,4,0,0,0.5,2,0.5,2,36047024200,11204,0,59,64,89,-0.078125,-5,-0.337079,-30
242,2006,5,5,6,5,6,6,0,0,-0.166667,-1,-0.166667,-1,36047024200,11204,0,62,106,96,-0.415094,-44,-0.354167,-34
242,2007,0,6,6,9,5,5,-0.333333,-3,0.2,1,0.2,1,36047024200,11204,0,60,68,97,-0.117647,-8,-0.381443,-37
242,2007,1,6,6,4,4,4,0.5,2,0.5,2,0.5,2,36047024200,11204,0,75,90,90,-0.166667,-15,-0.166667,-15
242,2007,2,7,6,7,6,6,0,0,0.166667,1,0.166667,1,36047024200,11204,0,89,89,70,0,0,0.271429,19
242,2007,3,5,7,2,4,4,1.5,3,0.25,1,0.25,1,36047024200,11204,0,83,75,71,0.106667,8,0.169014,12
242,2007,4,2,5,6,6,6,-0.666667,-4,-0.666667,-4,-0.666667,-4,36047024200,11204,0,70,59,108,0.186441,11,-0.351852,-38
242,2007,5,5,2,5,5,5,0,0,0,0,0,0,36047024200,11204,0,59,62,83,-0.048387,-3,-0.289157,-24
242,2008,0,3,3,6,5,5,-0.5,-3,-0.4,-2,-0.4,-2,36047024200,11204,1,86,60,86,0.433333,26,0,0
242,2008,1,3,3,6,7,7,-0.5,-3,-0.571429,-4,-0.571429,-4,36047024200,11204,0,65,75,98,-0.133333,-10,-0.336735,-33
242,2008,2,2,3,7,4,4,-0.714286,-5,-0.5,-2,-0.5,-2,36047024200,11204,0,78,89,84,-0.123596,-11,-0.071429,-6
242,2008,3,5,2,5,6,6,0,0,-0.166667,-1,-0.166667,-1,36047024200,11204,0,79,83,65,-0.048193,-4,0.215385,14
242,2008,4,4,5,2,6,6,1,2,-0.333333,-2,-0.333333,-2,36047024200,11204,0,81,70,64,0.157143,11,0.265625,17
242,2008,5,2,4,5,5,5,-0.6,-3,-0.6,-3,-0.6,-3,36047024200,11204,0,68,59,106,0.152542,9,-0.358491,-38
242,2009,0,4,4,3,9,9,0.333333,1,-0.555556,-5,-0.555556,-5,36047024200,11204,0,96,86,68,0.116279,10,0.411765,28
242,2009,1,4,4,3,4,4,0.333333,1,0,0,0,0,36047024200,11204,0,108,65,90,0.661538,43,0.2,18
242,2009,2,2,4,2,7,7,0,0,-0.714286,-5,-0.714286,-5,36047024200,11204,0,62,78,89,-0.205128,-16,-0.303371,-27
242,2009,3,3,2,5,2,2,-0.4,-2,0.5,1,0.5,1,36047024200,11204,0,80,79,75,0.012658,1,0.066667,5
242,2009,4,4,3,4,6,6,0,0,-0.333333,-2,-0.333333,-2,36047024200,11204,0,87,81,59,0.074074,6,0.474576,28
242,2009,5,3,4,2,5,5,0.5,1,-0.4,-2,-0.4,-2,36047024200,11204,0,83,68,62,0.220588,15,0.33871,21
242,2010,0,12,12,4,6,6,2,8,1,6,1,6,36047024200,11204,0,109,96,60,0.135417,13,0.816667,49
242,2010,1,2,12,4,6,6,-0.5,-2,-0.666667,-4,-0.666667,-4,36047024200,11204,0,96,108,75,-0.111111,-12,0.28,21
242,2010,2,4,2,2,7,7,1,2,-0.428571,-3,-0.428571,-3,36047024200,11204,0,105,62,89,0.693548,43,0.179775,16
242,2010,3,2,4,3,5,5,-0.333333,-1,-0.6,-3,-0.6,-3,36047024200,11204,0,61,80,83,-0.2375,-19,-0.26506,-22
242,2010,4,3,2,4,2,2,-0.25,-1,0.5,1,0.5,1,36047024200,11204,0,83,87,70,-0.045977,-4,0.185714,13
242,2010,5,4,3,3,5,5,0.333333,1,-0.2,-1,-0.2,-1,36047024200,11204,0,89,83,59,0.072289,6,0.508475,30
244,2001,0,14,14,14,14,14,0,0,0,0,0,0,36047024400,11204,1,76,76,76,0,0,0,0
244,2001,1,21,14,21,21,21,0,0,0,0,0,0,36047024400,11204,0,120,120,120,0,0,0,0
244,2001,2,18,21,18,18,18,0,0,0,0,0,0,36047024400,11204,0,103,103,103,0,0,0,0
244,2001,3,29,18,29,29,29,0,0,0,0,0,0,36047024400,11204,0,97,97,97,0,0,0,0
244,2001,4,19,29,19,19,19,0,0,0,0,0,0,36047024400,11204,1,94,94,94,0,0,0,0
244,2001,5,15,19,15,15,15,0,0,0,0,0,0,36047024400,11204,1,105,105,105,0,0,0,0
244,2002,0,19,19,14,19,19,0.357143,5,0,0,0,0,36047024400,11204,0,85,76,85,0.118421,9,0,0
244,2002,1,15,19,21,15,15,-0.285714,-6,0,0,0,0,36047024400,11204,1,89,120,89,-0.258333,-31,0,0
244,2002,2,19,15,18,19,19,0.055556,1,0,0,0,0,36047024400,11204,0,115,103,115,0.116505,12,0,0
244,2002,3,22,19,29,22,22,-0.241379,-7,0,0,0,0,36047024400,11204,0,94,97,94,-0.030928,-3,0,0
244,2002,4,28,22,19,28,28,0.473684,9,0,0,0,0,36047024400,11204,0,97,94,97,0.031915,3,0,0
244,2002,5,23,28,15,23,23,0.533333,8,0,0,0,0,36047024400,11204,0,92,105,92,-0.12381,-13,0,0
244,2003,0,18,18,19,18,18,-0.052632,-1,0,0,0,0,36047024400,11204,0,91,85,91,0.070588,6,0,0
244,2003,1,20,18,15,20,20,0.333333,5,0,0,0,0,36047024400,11204,0,96,89,96,0.078652,7,0,0
244,2003,2,15,20,19,15,15,-0.210526,-4,0,0,0,0,36047024400,11204,1,96,115,96,-0.165217,-19,0,0
244,2003,3,18,15,22,18,18,-0.181818,-4,0,0,0,0,36047024400,11204,0,109,94,109,0.159574,15,0,0
244,2003,4,23,18,28,23,23,-0.178571,-5,0,0,0,0,36047024400,11204,0,108,97,108,0.113402,11,0,0
244,2003,5,28,23,23,28,28,0.217391,5,0,0,0,0,36047024400,11204,0,95,92,95,0.032609,3,0,0
244,2004,0,17,17,18,14,14,-0.055556,-1,0.214286,3,0.214286,3,36047024400,11204,0,112,91,76,0.230769,21,0.473684,36
244,2004,1,19,17,20,21,21,-0.05,-1,-0.095238,-2,-0.095238,-2,36047024400,11204,0,99,96,120,0.03125,3,-0.175,-21
244,2004,2,14,19,15,18,18,-0.066667,-1,-0.222222,-4,-0.222222,-4,36047024400,11204,1,88,96,103,-0.083333,-8,-0.145631,-15
244,2004,3,13,14,18,29,29,-0.277778,-5,-0.551724,-16,-0.551724,-16,36047024400,11204,1,96,109,97,-0.119266,-13,-0.010309,-1
244,2004,4,16,13,23,19,19,-0.304348,-7,-0.157895,-3,-0.157895,-3,36047024400,11204,0,105,108,94,-0.027778,-3,0.117021,11
244,2004,5,19,16,28,15,15,-0.321429,-9,0.266667,4,0.266667,4,36047024400,11204,0,102,95,105,0.073684,7,-0.028571,-3
244,2005,0,20,20,17,19,19,0.176471,3,0.052632,1,0.052632,1,36047024400,11204,0,92,112,85,-0.178571,-20,0.082353,7
244,2005,1,20,20,19,15,15,0.052632,1,0.333333,5,0.333333,5,36047024400,11204,0,110,99,89,0.111111,11,0.235955,21
244,2005,2,22,20,14,19,19,0.571429,8,0.157895,3,0.157895,3,36047024400,11204,0,94,88,115,0.068182,6,-0.182609,-21
244,2005,3,9,22,13,22,22,-0.307692,-4,-0.590909,-13,-0.590909,-13,36047024400,11204,1,74,96,94,-0.229167,-22,-0.212766,-20
244,2005,4,15,9,16,28,28,-0.0625,-1,-0.464286,-13,-0.464286,-13,36047024400,11204,1,92,105,97,-0.12381,-13,-0.051546,-5
244,2005,5,14,15,19,23,23,-0.263158,-5,-0.391304,-9,-0.391304,-9,36047024400,11204,0,106,102,92,0.039216,4,0.152174,14
244,2006,0,12,12,20,18,18,-0.4,-8,-0.333333,-6,-0.333333,-6,36047024400,11204,0,80,92,91,-0.130435,-12,-0.120879,-11
244,2006,1,21,12,20,20,20,0.05,1,0.05,1,0.05,1,36047024400,11204,0,90,110,96,-0.181818,-20,-0.0625,-6
244,2006,2,19,21,22,15,15,-0.136364,-3,0.266667,4,0.266667,4,36047024400,11204,0,100,94,96,0.06383,6,0.041667,4
244,2006,3,23,19,9,18,18,1.555556,14,0.277778,5,0.277778,5,36047024400,11204,0,81,74,109,0.094595,7,-0.256881,-28
244,2006,4,10,23,15,23,23,-0.333333,-5,-0.565217,-13,-0.565217,-13,36047024400,11204,1,70,92,108,-0.23913,-22,-0.351852,-38
244,2006,5,14,10,14,28,28,0,0,-0.5,-14,-0.5,-14,36047024400,11204,1,86,106,95,-0.188679,-20,-0.094737,-9
244,2007,0,10,10,12,17,17,-0.166667,-2,-0.411765,-7,-0.411765,-7,36047024400,11204,1,69,80,112,-0.1375,-11,-0.383929,-43
244,2007,1,13,10,21,19,19,-0.380952,-8,-0.315789,-6,-0.315789,-6,36047024400,11204,1,86,90,99,-0.044444,-4,-0.131313,-13
244,2007,2,19,13,19,14,14,0,0,0.357143,5,0.357143,5,36047024400,11204,0,93,100,88,-0.07,-7,0.056818,5
244,2007,3,21,19,23,13,13,-0.086957,-2,0.615385,8,0.615385,8,36047024400,11204,0,89,81,96,0.098765,8,-0.072917,-7
244,2007,4,18,21,10,16,16,0.8,8,0.125,2,0.125,2,36047024400,11204,0,79,70,105,0.128571,9,-0.247619,-26
244,2007,5,12,18,14,19,19,-0.142857,-2,-0.368421,-7,-0.368421,-7,36047024400,11204,1,74,86,102,-0.139535,-12,-0.27451,-28
244,2008,0,14,14,10,20,20,0.4,4,-0.3,-6,-0.3,-6,36047024400,11204,1,99,69,92,0.434783,30,0.076087,7
244,2008,1,8,14,13,20,20,-0.384615,-5,-0.6,-12,-0.6,-12,36047024400,11204,1,76,86,110,-0.116279,-10,-0.309091,-34
244,2008,2,17,8,19,22,22,-0.105263,-2,-0.227273,-5,-0.227273,-5,36047024400,11204,0,93,93,94,0,0,-0.010638,-1
244,2008,3,14,17,21,9,9,-0.333333,-7,0.555556,5,0.555556,5,36047024400,11204,1,90,89,74,0.011236,1,0.216216,16
244,2008,4,23,14,18,15,15,0.277778,5,0.533333,8,0.533333,8,36047024400,11204,0,91,79,92,0.151899,12,-0.01087,-1
244,2008,5,19,23,12,14,14,0.583333,7,0.357143,5,0.357143,5,36047024400,11204,0,82,74,106,0.108108,8,-0.226415,-24
244,2009,0,13,13,14,12,12,-0.071429,-1,0.083333,1,0.083333,1,36047024400,11204,0,81,99,80,-0.181818,-18,0.0125,1
244,2009,1,18,13,8,21,21,1.25,10,-0.142857,-3,-0.142857,-3,36047024400,11204,0,116,76,90,0.526316,40,0.288889,26
244,2009,2,13,18,17,19,19,-0.235294,-4,-0.315789,-6,-0.315789,-6,36047024400,11204,0,76,93,100,-0.182796,-17,-0.24,-24
244,2009,3,14,13,14,23,23,0,0,-0.391304,-9,-0.391304,-9,36047024400,11204,0,92,90,81,0.022222,2,0.135802,11
244,2009,4,16,14,23,10,10,-0.304348,-7,0.6,6,0.6,6,36047024400,11204,0,96,91,70,0.054945,5,0.371429,26
244,2009,5,27,16,19,14,14,0.421053,8,0.928571,13,0.928571,13,36047024400,11204,0,88,82,86,0.073171,6,0.023256,2
244,2010,0,19,19,13,10,10,0.461538,6,0.9,9,0.9,9,36047024400,11204,0,113,81,69,0.395062,32,0.637681,44
244,2010,1,13,19,18,13,13,-0.277778,-5,0,0,0,0,36047024400,11204,0,91,116,86,-0.215517,-25,0.05814,5
244,2010,2,17,13,13,19,19,0.307692,4,-0.105263,-2,-0.105263,-2,36047024400,11204,0,108,76,93,0.421053,32,0.16129,15
244,2010,3,17,17,14,21,21,0.214286,3,-0.190476,-4,-0.190476,-4,36047024400,11204,0,72,92,89,-0.217391,-20,-0.191011,-17
244,2010,4,13,17,16,18,18,-0.1875,-3,-0.277778,-5,-0.277778,-5,36047024400,11204,0,89,96,79,-0.072917,-7,0.126582,10
244,2010,5,15,13,27,12,12,-0.444444,-12,0.25,3,0.25,3,36047024400,11204,0,100,88,74,0.136364,12,0.351351,26
246,2001,0,1,1,1,1,1,0,0,0,0,0,0,36047024600,11204,1,75,75,75,0,0,0,0
246,2001,1,3,1,3,3,3,0,0,0,0,0,0,36047024600,11204,0,84,84,84,0,0,0,0
246,2001,2,2,3,2,2,2,0,0,0,0,0,0,36047024600,11204,0,88,88,88,0,0,0,0
246,2001,3,4,2,4,4,4,0,0,0,0,0,0,36047024600,11204,0,81,81,81,0,0,0,0
246,2001,4,1,4,1,1,1,0,0,0,0,0,0,36047024600,11204,1,98,98,98,0,0,0,0
246,2001,5,6,1,6,6,6,0,0,0,0,0,0,36047024600,11204,0,73,73,73,0,0,0,0
246,2002,0,5,5,1,5,5,4,4,0,0,0,0,36047024600,11204,0,80,75,80,0.066667,5,0,0
246,2002,1,2,5,3,2,2,-0.333333,-1,0,0,0,0,36047024600,11204,0,84,84,84,0,0,0,0
246,2002,2,5,2,2,5,5,1.5,3,0,0,0,0,36047024600,11204,0,76,88,76,-0.136364,-12,0,0
246,2002,3,6,5,4,6,6,0.5,2,0,0,0,0,36047024600,11204,0,86,81,86,0.061728,5,0,0
246,2002,4,3,6,1,3,3,2,2,0,0,0,0,36047024600,11204,0,80,98,80,-0.183673,-18,0,0
246,2002,5,1,3,6,1,1,-0.833333,-5,0,0,0,0,36047024600,11204,1,100,73,100,0.369863,27,0,0
246,2003,0,4,4,5,4,4,-0.2,-1,0,0,0,0,36047024600,11204,0,77,80,77,-0.0375,-3,0,0
246,2003,1,4,4,2,4,4,1,2,0,0,0,0,36047024600,11204,0,88,84,88,0.047619,4,0,0
246,2003,2,3,4,5,3,3,-0.4,-2,0,0,0,0,36047024600,11204,0,89,76,89,0.171053,13,0,0
246,2003,3,4,3,6,4,4,-0.333333,-2,0,0,0,0,36047024600,11204,0,73,86,73,-0.151163,-13,0,0
246,2003,4,7,4,3,7,7,1.333333,4,0,0,0,0,36047024600,11204,0,95,80,95,0.1875,15,0,0
246,2003,5,2,7,1,2,2,1,1,0,0,0,0,36047024600,11204,1,81,100,81,-0.19,-19,0,0
246,2004,0,3,3,4,1,1,-0.25,-1,2,2,2,2,36047024600,11204,1,92,77,75,0.194805,15,0.226667,17
246,2004,1,4,3,4,3,3,0,0,0.333333,1,0.333333,1,36047024600,11204,0,79,88,84,-0.102273,-9,-0.059524,-5
246,2004,2,4,4,3,2,2,0.333333,1,1,2,1,2,36047024600,11204,0,75,89,88,-0.157303,-14,-0.147727,-13
246,2004,3,2,4,4,4,4,-0.5,-2,-0.5,-2,-0.5,-2,36047024600,11204,1,95,73,81,0.30137,22,0.17284,14
246,2004,4,5,2,7,1,1,-0.285714,-2,4,4,4,4,36047024600,11204,0,70,95,98,-0.263158,-25,-0.285714,-28
246,2004,5,8,5,2,6,6,3,6,0.333333,2,0.333333,2,36047024600,11204,0,86,81,73,0.061728,5,0.178082,13
246,2005,0,3,3,3,5,5,0,0,-0.4,-2,-0.4,-2,36047024600,11204,0,71,92,80,-0.228261,-21,-0.1125,-9
246,2005,1,1,3,4,2,2,-0.75,-3,-0.5,-1,-0.5,-1,36047024600,11204,1,87,79,84,0.101266,8,0.035714,3
246,2005,2,4,1,4,5,5,0,0,-0.2,-1,-0.2,-1,36047024600,11204,0,83,75,76,0.106667,8,0.092105,7
246,2005,3,3,4,2,6,6,0.5,1,-0.5,-3,-0.5,-3,36047024600,11204,0,63,95,86,-0.336842,-32,-0.267442,-23
246,2005,4,2,3,5,3,3,-0.6,-3,-0.333333,-1,-0.333333,-1,36047024600,11204,1,91,70,80,0.3,21,0.1375,11
246,2005,5,5,2,8,1,1,-0.375,-3,4,4,4,4,36047024600,11204,0,66,86,100,-0.232558,-20,-0.34,-34
246,2006,0,8,8,3,4,4,1.666667,5,1,4,1,4,36047024600,11204,0,81,71,77,0.140845,10,0.051948,4
246,2006,1,5,8,1,4,4,4,4,0.25,1,0.25,1,36047024600,11204,0,72,87,88,-0.172414,-15,-0.181818,-16
246,2006,2,2,5,4,3,3,-0.5,-2,-0.333333,-1,-0.333333,-1,36047024600,11204,1,87,83,89,0.048193,4,-0.022472,-2
246,2006,3,5,2,3,4,4,0.666667,2,0.25,1,0.25,1,36047024600,11204,0,81,63,73,0.285714,18,0.109589,8
246,2006,4,4,5,2,7,7,1,2,-0.428571,-3,-0.428571,-3,36047024600,11204,0,61,91,95,-0.32967,-30,-0.357895,-34
246,2006,5,2,4,5,2,2,-0.6,-3,0,0,0,0,36047024600,11204,0,91,66,81,0.378788,25,0.123457,10
246,2007,0,4,4,8,3,3,-0.5,-4,0.333333,1,0.333333,1,36047024600,11204,0,61,81,92,-0.246914,-20,-0.336957,-31
246,2007,1,8,4,5,4,4,0.6,3,1,4,1,4,36047024600,11204,0,80,72,79,0.111111,8,0.012658,1
246,2007,2,3,8,2,4,4,0.5,1,-0.25,-1,-0.25,-1,36047024600,11204,1,71,87,75,-0.183908,-16,-0.053333,-4
246,2007,3,3,3,5,2,2,-0.4,-2,0.5,1,0.5,1,36047024600,11204,1,81,81,95,0,0,-0.147368,-14
246,2007,4,5,3,4,5,5,0.25,1,0,0,0,0,36047024600,11204,0,75,61,70,0.229508,14,0.071429,5
246,2007,5,3,5,2,8,8,0.5,1,-0.625,-5,-0.625,-5,36047024600,11204,0,67,91,86,-0.263736,-24,-0.22093,-19
246,2008,0,5,5,4,3,3,0.25,1,0.666667,2,0.666667,2,36047024600,11204,0,77,61,71,0.262295,16,0.084507,6
246,2008,1,6,5,8,1,1,-0.25,-2,5,5,5,5,36047024600,11204,0,59,80,87,-0.2625,-21,-0.321839,-28
246,2008,2,9,6,3,4,4,2,6,1.25,5,1.25,5,36047024600,11204,0,84,71,83,0.183099,13,0.012048,1
246,2008,3,2,9,3,3,3,-0.333333,-1,-0.333333,-1,-0.333333,-1,36047024600,11204,1,69,81,63,-0.148148,-12,0.095238,6
246,2008,4,2,2,5,2,2,-0.6,-3,0,0,0,0,36047024600,11204,1,84,75,91,0.12,9,-0.076923,-7
246,2008,5,4,2,3,5,5,0.333333,1,-0.2,-1,-0.2,-1,36047024600,11204,0,77,67,66,0.149254,10,0.166667,11
246,2009,0,3,3,5,8,8,-0.4,-2,-0.625,-5,-0.625,-5,36047024600,11204,0,55,77,81,-0.285714,-22,-0.320988,-26
246,2009,1,7,3,6,5,5,0.166667,1,0.4,2,0.4,2,36047024600,11204,0,90,59,72,0.525424,31,0.25,18
246,2009,2,6,7,9,2,2,-0.333333,-3,2,4,2,4,36047024600,11204,0,67,84,87,-0.202381,-17,-0.229885,-20
246,2009,3,8,6,2,5,5,3,6,0.6,3,0.6,3,36047024600,11204,0,82,69,81,0.188406,13,0.012346,1
246,2009,4,3,8,2,4,4,0.5,1,-0.25,-1,-0.25,-1,36047024600,11204,0,76,84,61,-0.095238,-8,0.245902,15
246,2009,5,1,3,4,2,2,-0.75,-3,-0.5,-1,-0.5,-1,36047024600,11204,0,83,77,91,0.077922,6,-0.087912,-8
246,2010,0,3,3,3,4,4,0,0,-0.25,-1,-0.25,-1,36047024600,11204,0,96,55,61,0.745455,41,0.57377,35
246,2010,1,4,3,7,8,8,-0.428571,-3,-0.5,-4,-0.5,-4,36047024600,11204,0,61,90,80,-0.322222,-29,-0.2375,-19
246,2010,2,7,4,6,3,3,0.166667,1,1.333333,4,1.333333,4,36047024600,11204,0,84,67,71,0.253731,17,0.183099,13
246,2010,3,7,7,8,3,3,-0.125,-1,1.333333,4,1.333333,4,36047024600,11204,0,68,82,81,-0.170732,-14,-0.160494,-13
246,2010,4,8,7,3,5,5,1.666667,5,0.6,3,0.6,3,36047024600,11204,0,76,76,75,0,0,0.013333,1
246,2010,5,5,8,1,3,3,4,4,0.666667,2,0.666667,2,36047024600,11204,0,69,83,67,-0.168675,-14,0.029851,2
248,2001,0,16,16,16,16,16,0,0,0,0,0,0,36047024800,11204,1,89,89,89,0,0,0,0
248,2001,1,33,16,33,33,33,0,0,0,0,0,0,36047024800,11204,0,131,131,131,0,0,0,0
248,2001,2,20,33,20,20,20,0,0,0,0,0,0,36047024800,11204,0,113,113,113,0,0,0,0
248,2001,3,15,20,15,15,15,0,0,0,0,0,0,36047024800,11204,1,126,126,126,0,0,0,0
248,2001,4,27,15,27,27,27,0,0,0,0,0,0,36047024800,11204,0,99,99,99,0,0,0,0
248,2001,5,29,27,29,29,29,0,0,0,0,0,0,36047024800,11204,0,97,97,97,0,0,0,0
248,2002,0,21,21,16,21,21,0.3125,5,0,0,0,0,36047024800,11204,1,96,89,96,0.078652,7,0,0
248,2002,1,20,21,33,20,20,-0.393939,-13,0,0,0,0,36047024800,11204,0,96,131,96,-0.267176,-35,0,0
248,2002,2,35,20,20,35,35,0.75,15,0,0,0,0,36047024800,11204,0,123,113,123,0.088496,10,0,0
248,2002,3,17,35,15,17,17,0.133333,2,0,0,0,0,36047024800,11204,1,114,126,114,-0.095238,-12,0,0
248,2002,4,18,17,27,18,18,-0.333333,-9,0,0,0,0,36047024800,11204,1,127,99,127,0.282828,28,0,0
248,2002,5,24,18,29,24,24,-0.172414,-5,0,0,0,0,36047024800,11204,0,104,97,104,0.072165,7,0,0
248,2003,0,25,25,21,25,25,0.190476,4,0,0,0,0,36047024800,11204,0,100,96,100,0.041667,4,0,0
248,2003,1,21,25,20,21,21,0.05,1,0,0,0,0,36047024800,11204,1,107,96,107,0.114583,11,0,0
248,2003,2,22,21,35,22,22,-0.371429,-13,0,0,0,0,36047024800,11204,0,98,123,98,-0.203252,-25,0,0
248,2003,3,32,22,17,32,32,0.882353,15,0,0,0,0,36047024800,11204,0,123,114,123,0.078947,9,0,0
248,2003,4,21,32,18,21,21,0.166667,3,0,0,0,0,36047024800,11204,0,112,127,112,-0.11811,-15,0,0
248,2003,5,23,21,24,23,23,-0.041667,-1,0,0,0,0,36047024800,11204,1,127,104,127,0.221154,23,0,0
248,2004,0,26,26,25,16,16,0.04,1,0.625,10,0.625,10,36047024800,11204,0,111,100,89,0.11,11,0.247191,22
248,2004,1,22,26,21,33,33,0.047619,1,-0.333333,-11,-0.333333,-11,36047024800,11204,0,110,107,131,0.028037,3,-0.160305,-21
248,2004,2,21,22,22,20,20,-0.045455,-1,0.05,1,0.05,1,36047024800,11204,0,91,98,113,-0.071429,-7,-0.19469,-22
248,2004,3,20,21,32,15,15,-0.375,-12,0.333333,5,0.333333,5,36047024800,11204,0,86,123,126,-0.300813,-37,-0.31746,-40
248,2004,4,31,20,21,27,27,0.47619,10,0.148148,4,0.148148,4,36047024800,11204,0,112,112,99,0,0,0.131313,13
248,2004,5,19,31,23,29,29,-0.173913,-4,-0.344828,-10,-0.344828,-10,36047024800,11204,0,100,127,97,-0.212598,-27,0.030928,3
248,2005,0,25,25,26,21,21,-0.038462,-1,0.190476,4,0.190476,4,36047024800,11204,0,107,111,96,-0.036036,-4,0.114583,11
248,2005,1,27,25,22,20,20,0.227273,5,0.35,7,0.35,7,36047024800,11204,0,122,110,96,0.109091,12,0.270833,26
248,2005,2,22,27,21,35,35,0.047619,1,-0.371429,-13,-0.371429,-13,36047024800,11204,0,110,91,123,0.208791,19,-0.105691,-13
248,2005,3,19,22,20,17,17,-0.05,-1,0.117647,2,0.117647,2,36047024800,11204,1,85,86,114,-0.011628,-1,-0.254386,-29
248,2005,4,18,19,31,18,18,-0.419355,-13,0,0,0,0,36047024800,11204,0,86,112,127,-0.232143,-26,-0.322835,-41
248,2005,5,30,18,19,24,24,0.578947,11,0.25,6,0.25,6,36047024800,11204,0,107,100,104,0.07,7,0.028846,3
248,2006,0,19,19,25,25,25,-0.24,-6,-0.24,-6,-0.24,-6,36047024800,11204,1,94,107,100,-0.121495,-13,-0.06,-6
248,2006,1,20,19,27,21,21,-0.259259,-7,-0.047619,-1,-0.047619,-1,36047024800,11204,0,114,122,107,-0.065574,-8,0.065421,7
248,2006,2,23,20,22,22,22,0.045455,1,0.045455,1,0.045455,1,36047024800,11204,1,121,110,98,0.1,11,0.234694,23
248,2006,3,19,23,19,32,32,0,0,-0.40625,-13,-0.40625,-13,36047024800,11204,0,108,85,123,0.270588,23,-0.121951,-15
248,2006,4,16,19,18,21,21,-0.111111,-2,-0.238095,-5,-0.238095,-5,36047024800,11204,1,85,86,112,-0.011628,-1,-0.241071,-27
248,2006,5,17,16,30,23,23,-0.433333,-13,-0.26087,-6,-0.26087,-6,36047024800,11204,1,84,107,127,-0.214953,-23,-0.338583,-43
248,2007,0,12,12,19,26,26,-0.368421,-7,-0.538462,-14,-0.538462,-14,36047024800,11204,1,91,94,111,-0.031915,-3,-0.18018,-20
248,2007,1,22,12,20,22,22,0.1,2,0,0,0,0,36047024800,11204,1,94,114,110,-0.175439,-20,-0.145455,-16
248,2007,2,22,22,23,21,21,-0.043478,-1,0.047619,1,0.047619,1,36047024800,11204,0,115,121,91,-0.049587,-6,0.263736,24
248,2007,3,23,22,19,20,20,0.210526,4,0.15,3,0.15,3,36047024800,11204,0,112,108,86,0.037037,4,0.302326,26
248,2007,4,20,23,16,31,31,0.25,4,-0.354839,-11,-0.354839,-11,36047024800,11204,0,92,85,112,0.082353,7,-0.178571,-20
248,2007,5,16,20,17,19,19,-0.058824,-1,-0.157895,-3,-0.157895,-3,36047024800,11204,0,85,84,100,0.011905,1,-0.15,-15
248,2008,0,23,23,12,25,25,0.916667,11,-0.08,-2,-0.08,-2,36047024800,11204,0,99,91,107,0.087912,8,-0.074766,-8
248,2008,1,15,23,22,27,27,-0.318182,-7,-0.444444,-12,-0.444444,-12,36047024800,11204,1,89,94,122,-0.053191,-5,-0.270492,-33
248,2008,2,26,15,22,22,22,0.181818,4,0.181818,4,0.181818,4,36047024800,11204,0,94,115,110,-0.182609,-21,-0.145455,-16
248,2008,3,17,26,23,19,19,-0.26087,-6,-0.105263,-2,-0.105263,-2,36047024800,11204,0,106,112,85,-0.053571,-6,0.247059,21
248,2008,4,19,17,20,18,18,-0.05,-1,0.055556,1,0.055556,1,36047024800,11204,1,114,92,86,0.23913,22,0.325581,28
248,2008,5,20,19,16,30,30,0.25,4,-0.333333,-10,-0.333333,-10,36047024800,11204,0,92,85,107,0.082353,7,-0.140187,-15
248,2009,0,21,21,23,19,19,-0.086957,-2,0.105263,2,0.105263,2,36047024800,11204,0,107,99,94,0.080808,8,0.138298,13
248,2009,1,29,21,15,20,20,0.933333,14,0.45,9,0.45,9,36047024800,11204,0,126,89,114,0.41573,37,0.105263,12
248,2009,2,11,29,26,23,23,-0.576923,-15,-0.521739,-12,-0.521739,-12,36047024800,11204,0,90,94,121,-0.042553,-4,-0.256198,-31
248,2009,3,25,11,17,19,19,0.470588,8,0.315789,6,0.315789,6,36047024800,11204,0,102,106,108,-0.037736,-4,-0.055556,-6
248,2009,4,19,25,19,16,16,0,0,0.1875,3,0.1875,3,36047024800,11204,0,115,114,85,0.008772,1,0.352941,30
248,2009,5,16,19,20,17,17,-0.2,-4,-0.058824,-1,-0.058824,-1,36047024800,11204,0,125,92,84,0.358696,33,0.488095,41
248,2010,0,24,24,21,12,12,0.142857,3,1,12,1,12,36047024800,11204,0,125,107,91,0.168224,18,0.373626,34
248,2010,1,24,24,29,22,22,-0.172414,-5,0.090909,2,0.090909,2,36047024800,11204,0,107,126,94,-0.150794,-19,0.138298,13
248,2010,2,22,24,11,22,22,1,11,0,0,0,0,36047024800,11204,0,135,90,115,0.5,45,0.173913,20
248,2010,3,10,22,25,23,23,-0.6,-15,-0.565217,-13,-0.565217,-13,36047024800,11204,0,94,102,112,-0.078431,-8,-0.160714,-18
248,2010,4,23,10,19,20,20,0.210526,4,0.15,3,0.15,3,36047024800,11204,0,107,115,92,-0.069565,-8,0.163043,15
248,2010,5,19,23,16,16,16,0.1875,3,0.1875,3,0.1875,3,36047024800,11204,0,120,125,85,-0.04,-5,0.411765,35
250,2001,0,10,10,10,10,10,0,0,0,0,0,0,36047025000,11204,1,137,137,137,0,0,0,0
250,2001,1,18,10,18,18,18,0,0,0,0,0,0,36047025000,11204,0,164,164,164,0,0,0,0
250,2001,2,11,18,11,11,11,0,0,0,0,0,0,36047025000,11204,0,169,169,169,0,0,0,0
250,2001,3,16,11,16,16,16,0,0,0,0,0,0,36047025000,11204,0,158,158,158,0,0,0,0
250,2001,4,15,16,15,15,15,0,0,0,0,0,0,36047025000,11204,0,145,145,145,0,0,0,0
250,2001,5,16,15,16,16,16,0,0,0,0,0,0,36047025000,11204,1,161,161,161,0,0,0,0
250,2002,0,11,11,10,11,11,0.1,1,0,0,0,0,36047025000,11204,1,139,137,139,0.014599,2,0,0
250,2002,1,11,11,18,11,11,-0.388889,-7,0,0,0,0,36047025000,11204,1,155,164,155,-0.054878,-9,0,0
250,2002,2,15,11,11,15,15,0.363636,4,0,0,0,0,36047025000,11204,0,166,169,166,-0.017751,-3,0,0
250,2002,3,12,15,16,12,12,-0.25,-4,0,0,0,0,36047025000,11204,0,170,158,170,0.075949,12,0,0
250,2002,4,19,12,15,19,19,0.266667,4,0,0,0,0,36047025000,11204,0,148,145,148,0.02069,3,0,0
250,2002,5,13,19,16,13,13,-0.1875,-3,0,0,0,0,36047025000,11204,0,153,161,153,-0.049689,-8,0,0
250,2003,0,13,13,11,13,13,0.181818,2,0,0,0,0,36047025000,11204,0,133,139,133,-0.043165,-6,0,0
250,2003,1,10,13,11,10,10,-0.090909,-1,0,0,0,0,36047025000,11204,1,150,155,150,-0.032258,-5,0,0
250,2003,2,12,10,15,12,12,-0.2,-3,0,0,0,0,36047025000,11204,1,155,166,155,-0.066265,-11,0,0
250,2003,3,17,12,12,17,17,0.416667,5,0,0,0,0,36047025000,11204,0,167,170,167,-0.017647,-3,0,0
250,2003,4,14,17,19,14,14,-0.263158,-5,0,0,0,0,36047025000,11204,0,166,148,166,0.121622,18,0,0
250,2003,5,20,14,13,20,20,0.538462,7,0,0,0,0,36047025000,11204,0,135,153,135,-0.117647,-18,0,0
250,2004,0,17,17,13,10,10,0.307692,4,0.7,7,0.7,7,36047025000,11204,0,152,133,137,0.142857,19,0.109489,15
250,2004,1,16,17,10,18,18,0.6,6,-0.111111,-2,-0.111111,-2,36047025000,11204,0,144,150,164,-0.04,-6,-0.121951,-20
250,2004,2,9,16,12,11,11,-0.25,-3,-0.181818,-2,-0.181818,-2,36047025000,11204,1,141,155,169,-0.090323,-14,-0.16568,-28
250,2004,3,10,9,17,16,16,-0.411765,-7,-0.375,-6,-0.375,-6,36047025000,11204,1,141,167,158,-0.155689,-26,-0.107595,-17
250,2004,4,14,10,14,15,15,0,0,-0.066667,-1,-0.066667,-1,36047025000,11204,0,172,166,145,0.036145,6,0.186207,27
250,2004,5,13,14,20,16,16,-0.35,-7,-0.1875,-3,-0.1875,-3,36047025000,11204,0,168,135,161,0.244444,33,0.043478,7
250,2005,0,12,12,17,11,11,-0.294118,-5,0.090909,1,0.090909,1,36047025000,11204,0,129,152,139,-0.151316,-23,-0.071942,-10
250,2005,1,18,12,16,11,11,0.125,2,0.636364,7,0.636364,7,36047025000,11204,0,148,144,155,0.027778,4,-0.045161,-7
250,2005,2,16,18,9,15,15,0.777778,7,0.066667,1,0.066667,1,36047025000,11204,0,145,141,166,0.028369,4,-0.126506,-21
250,2005,3,12,16,10,12,12,0.2,2,0,0,0,0,36047025000,11204,1,125,141,170,-0.113475,-16,-0.264706,-45
250,2005,4,9,12,14,19,19,-0.357143,-5,-0.526316,-10,-0.526316,-10,36047025000,11204,1,132,172,148,-0.232558,-40,-0.108108,-16
250,2005,5,15,9,13,13,13,0.153846,2,0.153846,2,0.153846,2,36047025000,11204,0,171,168,153,0.017857,3,0.117647,18
250,2006,0,14,14,12,13,13,0.166667,2,0.076923,1,0.076923,1,36047025000,11204,0,134,129,133,0.03876,5,0.007519,1
250,2006,1,14,14,18,10,10,-0.222222,-4,0.4,4,0.4,4,36047025000,11204,0,140,148,150,-0.054054,-8,-0.066667,-10
250,2006,2,19,14,16,12,12,0.1875,3,0.583333,7,0.583333,7,36047025000,11204,0,142,145,155,-0.02069,-3,-0.083871,-13
250,2006,3,15,19,12,17,17,0.25,3,-0.117647,-2,-0.117647,-2,36047025000,11204,0,142,125,167,0.136,17,-0.149701,-25
250,2006,4,10,15,9,14,14,0.111111,1,-0.285714,-4,-0.285714,-4,36047025000,11204,1,125,132,166,-0.05303,-7,-0.246988,-41
250,2006,5,9,10,15,20,20,-0.4,-6,-0.55,-11,-0.55,-11,36047025000,11204,1,124,171,135,-0.274854,-47,-0.081481,-11
250,2007,0,13,13,14,17,17,-0.071429,-1,-0.235294,-4,-0.235294,-4,36047025000,11204,1,138,134,152,0.029851,4,-0.092105,-14
250,2007,1,15,13,14,16,16,0.071429,1,-0.0625,-1,-0.0625,-1,36047025000,11204,0,144,140,144,0.028571,4,0,0
250,2007,2,15,15,19,9,9,-0.210526,-4,0.666667,6,0.666667,6,36047025000,11204,0,147,142,141,0.035211,5,0.042553,6
250,2007,3,18,15,15,10,10,0.2,3,0.8,8,0.8,8,36047025000,11204,0,138,142,141,-0.028169,-4,-0.021277,-3
250,2007,4,15,18,10,14,14,0.5,5,0.071429,1,0.071429,1,36047025000,11204,0,133,125,172,0.064,8,-0.226744,-39
250,2007,5,10,15,9,13,13,0.111111,1,-0.230769,-3,-0.230769,-3,36047025000,11204,1,119,124,168,-0.040323,-5,-0.291667,-49
250,2008,0,8,8,13,12,12,-0.384615,-5,-0.333333,-4,-0.333333,-4,36047025000,11204,1,153,138,129,0.108696,15,0.186047,24
250,2008,1,13,8,15,18,18,-0.133333,-2,-0.277778,-5,-0.277778,-5,36047025000,11204,0,142,144,148,-0.013889,-2,-0.040541,-6
250,2008,2,14,13,15,16,16,-0.066667,-1,-0.125,-2,-0.125,-2,36047025000,11204,0,147,147,145,0,0,0.013793,2
250,2008,3,13,14,18,12,12,-0.277778,-5,0.083333,1,0.083333,1,36047025000,11204,0,148,138,125,0.072464,10,0.184,23
250,2008,4,16,13,15,9,9,0.066667,1,0.777778,7,0.777778,7,36047025000,11204,0,137,133,132,0.030075,4,0.037879,5
250,2008,5,14,16,10,15,15,0.4,4,-0.066667,-1,-0.066667,-1,36047025000,11204,0,137,119,171,0.151261,18,-0.19883,-34
250,2009,0,21,21,8,14,14,1.625,13,0.5,7,0.5,7,36047025000,11204,0,178,153,134,0.163399,25,0.328358,44
250,2009,1,11,21,13,14,14,-0.153846,-2,-0.214286,-3,-0.214286,-3,36047025000,11204,0,170,142,140,0.197183,28,0.214286,30
250,2009,2,12,11,14,19,19,-0.142857,-2,-0.368421,-7,-0.368421,-7,36047025000,11204,0,157,147,142,0.068027,10,0.105634,15
250,2009,3,16,12,13,15,15,0.230769,3,0.066667,1,0.066667,1,36047025000,11204,0,156,148,142,0.054054,8,0.098592,14
250,2009,4,14,16,16,10,10,-0.125,-2,0.4,4,0.4,4,36047025000,11204,0,175,137,125,0.277372,38,0.4,50
250,2009,5,19,14,14,9,9,0.357143,5,1.111111,10,1.111111,10,36047025000,11204,0,154,137,124,0.124088,17,0.241935,30
250,2010,0,16,16,21,13,13,-0.238095,-5,0.230769,3,0.230769,3,36047025000,11204,0,180,178,138,0.011236,2,0.304348,42
250,2010,1,15,16,11,15,15,0.363636,4,0,0,0,0,36047025000,11204,0,181,170,144,0.064706,11,0.256944,37
250,2010,2,11,15,12,15,15,-0.083333,-1,-0.266667,-4,-0.266667,-4,36047025000,11204,0,171,157,147,0.089172,14,0.163265,24
250,2010,3,12,11,16,18,18,-0.25,-4,-0.333333,-6,-0.333333,-6,36047025000,11204,0,171,156,138,0.096154,15,0.23913,33
250,2010,4,17,12,14,15,15,0.214286,3,0.133333,2,0.133333,2,36047025000,11204,0,158,175,133,-0.097143,-17,0.18797,25
250,2010,5,16,17,19,10,10,-0.157895,-3,0.6,6,0.6,6,36047025000,11204,0,181,154,119,0.175325,27,0.521008,62
252,2001,0,31,31,31,31,31,0,0,0,0,0,0,36047025200,11204,1,83,83,83,0,0,0,0
252,2001,1,48,31,48,48,48,0,0,0,0,0,0,36047025200,11204,0,134,134,134,0,0,0,0
252,2001,2,45,48,45,45,45,0,0,0,0,0,0,36047025200,11204,0,103,103,103,0,0,0,0
252,2001,3,47,45,47,47,47,0,0,0,0,0,0,36047025200,11204,1,107,107,107,0,0,0,0
252,2001,4,33,47,33,33,33,0,0,0,0,0,0,36047025200,11204,1,113,113,113,0,0,0,0
252,2001,5,37,33,37,37,37,0,0,0,0,0,0,36047025200,11204,1,102,102,102,0,0,0,0
252,2002,0,32,32,31,32,32,0.032258,1,0,0,0,0,36047025200,11204,1,98,83,98,0.180723,15,0,0
252,2002,1,37,32,48,37,37,-0.229167,-11,0,0,0,0,36047025200,11204,1,87,134,87,-0.350746,-47,0,0
252,2002,2,48,37,45,48,48,0.066667,3,0,0,0,0,36047025200,11204,0,129,103,129,0.252427,26,0,0
252,2002,3,43,48,47,43,43,-0.085106,-4,0,0,0,0,36047025200,11204,0,105,107,105,-0.018692,-2,0,0
252,2002,4,45,43,33,45,45,0.363636,12,0,0,0,0,36047025200,11204,1,118,113,118,0.044248,5,0,0
252,2002,5,33,45,37,33,33,-0.108108,-4,0,0,0,0,36047025200,11204,1,117,102,117,0.147059,15,0,0
252,2003,0,36,36,32,36,36,0.125,4,0,0,0,0,36047025200,11204,1,100,98,100,0.020408,2,0,0
252,2003,1,41,36,37,41,41,0.108108,4,0,0,0,0,36047025200,11204,1,99,87,99,0.137931,12,0,0
252,2003,2,38,41,48,38,38,-0.208333,-10,0,0,0,0,36047025200,11204,1,91,129,91,-0.294574,-38,0,0
252,2003,3,51,38,43,51,51,0.186047,8,0,0,0,0,36047025200,11204,0,126,105,126,0.2,21,0,0
252,2003,4,42,51,45,42,42,-0.066667,-3,0,0,0,0,36047025200,11204,0,105,118,105,-0.110169,-13,0,0
252,2003,5,43,42,33,43,43,0.30303,10,0,0,0,0,36047025200,11204,1,124,117,124,0.059829,7,0,0
252,2004,0,47,47,36,31,31,0.305556,11,0.516129,16,0.516129,16,36047025200,11204,0,101,100,83,0.01,1,0.216867,18
252,2004,1,44,47,41,48,48,0.073171,3,-0.083333,-4,-0.083333,-4,36047025200,11204,1,97,99,134,-0.020202,-2,-0.276119,-37
252,2004,2,35,44,38,45,45,-0.078947,-3,-0.222222,-10,-0.222222,-10,36047025200,11204,1,93,91,103,0.021978,2,-0.097087,-10
252,2004,3,35,35,51,47,47,-0.313725,-16,-0.255319,-12,-0.255319,-12,36047025200,11204,0,80,126,107,-0.365079,-46,-0.252336,-27
252,2004,4,50,35,42,33,33,0.190476,8,0.515152,17,0.515152,17,36047025200,11204,0,116,105,113,0.104762,11,0.026549,3
252,2004,5,38,50,43,37,37,-0.116279,-5,0.027027,1,0.027027,1,36047025200,11204,0,98,124,102,-0.209677,-26,-0.039216,-4
252,2005,0,43,43,47,32,32,-0.085106,-4,0.34375,11,0.34375,11,36047025200,11204,0,101,101,98,0,0,0.030612,3
252,2005,1,47,43,44,37,37,0.068182,3,0.27027,10,0.27027,10,36047025200,11204,0,111,97,87,0.14433,14,0.275862,24
252,2005,2,42,47,35,48,48,0.2,7,-0.125,-6,-0.125,-6,36047025200,11204,1,103,93,129,0.107527,10,-0.20155,-26
252,2005,3,29,42,35,43,43,-0.171429,-6,-0.325581,-14,-0.325581,-14,36047025200,11204,1,91,80,105,0.1375,11,-0.133333,-14
252,2005,4,33,29,50,45,45,-0.34,-17,-0.266667,-12,-0.266667,-12,36047025200,11204,0,80,116,118,-0.310345,-36,-0.322034,-38
252,2005,5,50,33,38,33,33,0.315789,12,0.515152,17,0.515152,17,36047025200,11204,0,112,98,117,0.142857,14,-0.042735,-5
252,2006,0,30,30,43,36,36,-0.302326,-13,-0.166667,-6,-0.166667,-6,36047025200,11204,1,104,101,100,0.029703,3,0.04,4
252,2006,1,48,30,47,41,41,0.021277,1,0.170732,7,0.170732,7,36047025200,11204,0,98,111,99,-0.117117,-13,-0.010101,-1
252,2006,2,41,48,42,38,38,-0.02381,-1,0.078947,3,0.078947,3,36047025200,11204,0,112,103,91,0.087379,9,0.230769,21
252,2006,3,35,41,29,51,51,0.206897,6,-0.313725,-16,-0.313725,-16,36047025200,11204,1,106,91,126,0.164835,15,-0.15873,-20
252,2006,4,29,35,33,42,42,-0.121212,-4,-0.309524,-13,-0.309524,-13,36047025200,11204,1,86,80,105,0.075,6,-0.180952,-19
252,2006,5,33,29,50,43,43,-0.34,-17,-0.232558,-10,-0.232558,-10,36047025200,11204,0,79,112,124,-0.294643,-33,-0.362903,-45
252,2007,0,28,28,30,47,47,-0.066667,-2,-0.404255,-19,-0.404255,-19,36047025200,11204,1,90,104,101,-0.134615,-14,-0.108911,-11
252,2007,1,33,28,48,44,44,-0.3125,-15,-0.25,-11,-0.25,-11,36047025200,11204,1,104,98,97,0.061224,6,0.072165,7
252,2007,2,46,33,41,35,35,0.121951,5,0.314286,11,0.314286,11,36047025200,11204,0,104,112,93,-0.071429,-8,0.11828,11
252,2007,3,37,46,35,35,35,0.057143,2,0.057143,2,0.057143,2,36047025200,11204,0,106,106,80,0,0,0.325,26
252,2007,4,29,37,29,50,50,0,0,-0.42,-21,-0.42,-21,36047025200,11204,1,94,86,116,0.093023,8,-0.189655,-22
252,2007,5,29,29,33,38,38,-0.121212,-4,-0.236842,-9,-0.236842,-9,36047025200,11204,1,86,79,98,0.088608,7,-0.122449,-12
252,2008,0,40,40,28,43,43,0.428571,12,-0.069767,-3,-0.069767,-3,36047025200,11204,1,99,90,101,0.1,9,-0.019802,-2
252,2008,1,33,40,33,47,47,0,0,-0.297872,-14,-0.297872,-14,36047025200,11204,1,86,104,111,-0.173077,-18,-0.225225,-25
252,2008,2,33,33,46,42,42,-0.282609,-13,-0.214286,-9,-0.214286,-9,36047025200,11204,1,110,104,103,0.057692,6,0.067961,7
252,2008,3,46,33,37,29,29,0.243243,9,0.586207,17,0.586207,17,36047025200,11204,0,88,106,91,-0.169811,-18,-0.032967,-3
252,2008,4,40,46,29,33,33,0.37931,11,0.212121,7,0.212121,7,36047025200,11204,0,101,94,80,0.074468,7,0.2625,21
252,2008,5,28,40,29,50,50,-0.034483,-1,-0.44,-22,-0.44,-22,36047025200,11204,1,98,86,112,0.139535,12,-0.125,-14
252,2009,0,40,40,40,30,30,0,0,0.333333,10,0.333333,10,36047025200,11204,0,103,99,104,0.040404,4,-0.009615,-1
252,2009,1,46,40,33,48,48,0.393939,13,-0.041667,-2,-0.041667,-2,36047025200,11204,0,130,86,98,0.511628,44,0.326531,32
252,2009,2,33,46,33,41,41,0,0,-0.195122,-8,-0.195122,-8,36047025200,11204,0,87,110,112,-0.209091,-23,-0.223214,-25
252,2009,3,36,33,46,35,35,-0.217391,-10,0.028571,1,0.028571,1,36047025200,11204,0,114,88,106,0.295455,26,0.075472,8
252,2009,4,47,36,40,29,29,0.175,7,0.62069,18,0.62069,18,36047025200,11204,0,99,101,86,-0.019802,-2,0.151163,13
252,2009,5,43,47,28,33,33,0.535714,15,0.30303,10,0.30303,10,36047025200,11204,0,110,98,79,0.122449,12,0.392405,31
252,2010,0,48,48,40,28,28,0.2,8,0.714286,20,0.714286,20,36047025200,11204,0,114,103,90,0.106796,11,0.266667,24
252,2010,1,44,48,46,33,33,-0.043478,-2,0.333333,11,0.333333,11,36047025200,11204,0,103,130,104,-0.207692,-27,-0.009615,-1
252,2010,2,50,44,33,46,46,0.515152,17,0.086957,4,0.086957,4,36047025200,11204,0,127,87,104,0.45977,40,0.221154,23
252,2010,3,33,50,36,37,37,-0.083333,-3,-0.108108,-4,-0.108108,-4,36047025200,11204,0,96,114,106,-0.157895,-18,-0.09434,-10
252,2010,4,40,33,47,29,29,-0.148936,-7,0.37931,11,0.37931,11,36047025200,11204,0,113,99,94,0.141414,14,0.202128,19
252,2010,5,48,40,43,29,29,0.116279,5,0.655172,19,0.655172,19,36047025200,11204,0,107,110,86,-0.027273,-3,0.244186,21
254,2001,0,28,28,28,28,28,0,0,0,0,0,0,36047025400,11204,0,121,121,121,0,0,0,0
254,2001,1,37,28,37,37,37,0,0,0,0,0,0,36047025400,11204,0,98,98,98,0,0,0,0
254,2001,2,33,37,33,33,33,0,0,0,0,0,0,36047025400,11204,0,115,115,115,0,0,0,0
254,2001,3,30,33,30,30,30,0,0,0,0,0,0,36047025400,11204,0,131,131,131,0,0,0,0
254,2001,4,32,30,32,32,32,0,0,0,0,0,0,36047025400,11204,1,116,116,116,0,0,0,0
254,2001,5,34,32,34,34,34,0,0,0,0,0,0,36047025400,11204,0,116,116,116,0,0,0,0
254,2002,0,29,29,28,29,29,0.035714,1,0,0,0,0,36047025400,11204,1,118,121,118,-0.024793,-3,0,0
254,2002,1,31,29,37,31,31,-0.162162,-6,0,0,0,0,36047025400,11204,0,125,98,125,0.27551,27,0,0
254,2002,2,30,31,33,30,30,-0.090909,-3,0,0,0,0,36047025400,11204,0,107,115,107,-0.069565,-8,0,0
254,2002,3,29,30,30,29,29,-0.033333,-1,0,0,0,0,36047025400,11204,1,119,131,119,-0.091603,-12,0,0
254,2002,4,28,29,32,28,28,-0.125,-4,0,0,0,0,36047025400,11204,0,124,116,124,0.068966,8,0,0
254,2002,5,33,28,34,33,33,-0.029412,-1,0,0,0,0,36047025400,11204,1,120,116,120,0.034483,4,0,0
254,2003,0,28,28,29,28,28,-0.034483,-1,0,0,0,0,36047025400,11204,0,104,118,104,-0.118644,-14,0,0
254,2003,1,31,28,31,31,31,0,0,0,0,0,0,36047025400,11204,0,123,125,123,-0.016,-2,0,0
254,2003,2,35,31,30,35,35,0.166667,5,0,0,0,0,36047025400,11204,0,129,107,129,0.205607,22,0,0
254,2003,3,26,35,29,26,26,-0.103448,-3,0,0,0,0,36047025400,11204,0,104,119,104,-0.12605,-15,0,0
254,2003,4,40,26,28,40,40,0.428571,12,0,0,0,0,36047025400,11204,0,121,124,121,-0.024194,-3,0,0
254,2003,5,26,40,33,26,26,-0.212121,-7,0,0,0,0,36047025400,11204,0,129,120,129,0.075,9,0,0
254,2004,0,36,36,28,28,28,0.285714,8,0.285714,8,0.285714,8,36047025400,11204,0,117,104,121,0.125,13,-0.033058,-4
254,2004,1,32,36,31,37,37,0.032258,1,-0.135135,-5,-0.135135,-5,36047025400,11204,0,112,123,98,-0.089431,-11,0.142857,14
254,2004,2,29,32,35,33,33,-0.171429,-6,-0.121212,-4,-0.121212,-4,36047025400,11204,0,113,129,115,-0.124031,-16,-0.017391,-2
254,2004,3,39,29,26,30,30,0.5,13,0.3,9,0.3,9,36047025400,11204,0,130,104,131,0.25,26,-0.007634,-1
254,2004,4,23,39,40,32,32,-0.425,-17,-0.28125,-9,-0.28125,-9,36047025400,11204,0,113,121,116,-0.066116,-8,-0.025862,-3
254,2004,5,39,23,26,34,34,0.5,13,0.147059,5,0.147059,5,36047025400,11204,0,119,129,116,-0.077519,-10,0.025862,3
254,2005,0,21,21,36,29,29,-0.416667,-15,-0.275862,-8,-0.275862,-8,36047025400,11204,1,131,117,118,0.119658,14,0.110169,13
254,2005,1,33,21,32,31,31,0.03125,1,0.064516,2,0.064516,2,36047025400,11204,0,105,112,125,-0.0625,-7,-0.16,-20
254,2005,2,30,33,29,30,30,0.034483,1,0,0,0,0,36047025400,11204,0,120,113,107,0.061947,7,0.121495,13
254,2005,3,24,30,39,29,29,-0.384615,-15,-0.172414,-5,-0.172414,-5,36047025400,11204,1,110,130,119,-0.153846,-20,-0.07563,-9
254,2005,4,39,24,23,28,28,0.695652,16,0.392857,11,0.392857,11,36047025400,11204,0,122,113,124,0.079646,9,-0.016129,-2
254,2005,5,26,39,39,33,33,-0.333333,-13,-0.212121,-7,-0.212121,-7,36047025400,11204,0,108,119,120,-0.092437,-11,-0.1,-12
254,2006,0,29,29,21,28,28,0.380952,8,0.035714,1,0.035714,1,36047025400,11204,1,121,131,104,-0.076336,-10,0.163462,17
254,2006,1,19,29,33,31,31,-0.424242,-14,-0.387097,-12,-0.387097,-12,36047025400,11204,1,135,105,123,0.285714,30,0.097561,12
254,2006,2,31,19,30,35,35,0.033333,1,-0.114286,-4,-0.114286,-4,36047025400,11204,0,110,120,129,-0.083333,-10,-0.147287,-19
254,2006,3,26,31,24,26,26,0.083333,2,0,0,0,0,36047025400,11204,0,124,110,104,0.127273,14,0.192308,20
254,2006,4,24,26,39,40,40,-0.384615,-15,-0.4,-16,-0.4,-16,36047025400,11204,1,102,122,121,-0.163934,-20,-0.157025,-19
254,2006,5,35,24,26,26,26,0.346154,9,0.346154,9,0.346154,9,36047025400,11204,0,121,108,129,0.12037,13,-0.062016,-8
254,2007,0,28,28,29,36,36,-0.034483,-1,-0.222222,-8,-0.222222,-8,36047025400,11204,0,93,121,117,-0.231405,-28,-0.205128,-24
254,2007,1,29,28,19,32,32,0.526316,10,-0.09375,-3,-0.09375,-3,36047025400,11204,1,121,135,112,-0.103704,-14,0.080357,9
254,2007,2,22,29,31,29,29,-0.290323,-9,-0.241379,-7,-0.241379,-7,36047025400,11204,1,128,110,113,0.163636,18,0.132743,15
254,2007,3,27,22,26,39,39,0.038462,1,-0.307692,-12,-0.307692,-12,36047025400,11204,1,115,124,130,-0.072581,-9,-0.115385,-15
254,2007,4,29,27,24,23,23,0.208333,5,0.26087,6,0.26087,6,36047025400,11204,0,117,102,113,0.147059,15,0.035398,4
254,2007,5,27,29,35,39,39,-0.228571,-8,-0.307692,-12,-0.307692,-12,36047025400,11204,0,102,121,119,-0.157025,-19,-0.142857,-17
254,2008,0,35,35,28,21,21,0.25,7,0.666667,14,0.666667,14,36047025400,11204,0,113,93,131,0.215054,20,-0.137405,-18
254,2008,1,27,35,29,33,33,-0.068966,-2,-0.181818,-6,-0.181818,-6,36047025400,11204,0,99,121,105,-0.181818,-22,-0.057143,-6
254,2008,2,31,27,22,30,30,0.409091,9,0.033333,1,0.033333,1,36047025400,11204,1,127,128,120,-0.007813,-1,0.058333,7
254,2008,3,25,31,27,24,24,-0.074074,-2,0.041667,1,0.041667,1,36047025400,11204,1,119,115,110,0.034783,4,0.081818,9
254,2008,4,30,25,29,39,39,0.034483,1,-0.230769,-9,-0.230769,-9,36047025400,11204,0,125,117,122,0.068376,8,0.02459,3
254,2008,5,33,30,27,26,26,0.222222,6,0.269231,7,0.269231,7,36047025400,11204,0,116,102,108,0.137255,14,0.074074,8
254,2009,0,17,17,35,29,29,-0.514286,-18,-0.413793,-12,-0.413793,-12,36047025400,11204,0,113,113,121,0,0,-0.066116,-8
254,2009,1,39,17,27,19,19,0.444444,12,1.052632,20,1.052632,20,36047025400,11204,0,127,99,135,0.282828,28,-0.059259,-8
254,2009,2,30,39,31,31,31,-0.032258,-1,-0.032258,-1,-0.032258,-1,36047025400,11204,0,112,127,110,-0.11811,-15,0.018182,2
254,2009,3,30,30,25,26,26,0.2,5,0.153846,4,0.153846,4,36047025400,11204,0,120,119,124,0.008403,1,-0.032258,-4
254,2009,4,28,30,30,24,24,-0.066667,-2,0.166667,4,0.166667,4,36047025400,11204,0,124,125,102,-0.008,-1,0.215686,22
254,2009,5,29,28,33,35,35,-0.121212,-4,-0.171429,-6,-0.171429,-6,36047025400,11204,0,117,116,121,0.008621,1,-0.033058,-4
254,2010,0,35,35,17,28,28,1.058824,18,0.25,7,0.25,7,36047025400,11204,0,138,113,93,0.221239,25,0.483871,45
254,2010,1,20,35,39,29,29,-0.487179,-19,-0.310345,-9,-0.310345,-9,36047025400,11204,0,110,127,121,-0.133858,-17,-0.090909,-11
254,2010,2,35,20,30,22,22,0.166667,5,0.590909,13,0.590909,13,36047025400,11204,0,125,112,128,0.116071,13,-0.023438,-3
254,2010,3,28,35,30,27,27,-0.066667,-2,0.037037,1,0.037037,1,36047025400,11204,0,116,120,115,-0.033333,-4,0.008696,1
254,2010,4,25,28,28,29,29,-0.107143,-3,-0.137931,-4,-0.137931,-4,36047025400,11204,0,123,124,117,-0.008065,-1,0.051282,6
254,2010,5,30,25,29,27,27,0.034483,1,0.111111,3,0.111111,3,36047025400,11204,0,117,117,102,0,0,0.147059,15
256,2001,0,33,33,33,33,33,0,0,0,0,0,0,36047025600,11204,0,190,190,190,0,0,0,0
256,2001,1,26,33,26,26,26,0,0,0,0,0,0,36047025600,11204,1,175,175,175,0,0,0,0
256,2001,2,36,26,36,36,36,0,0,0,0,0,0,36047025600,11204,1,172,172,172,0,0,0,0
256,2001,3,21,36,21,21,21,0,0,0,0,0,0,36047025600,11204,1,182,182,182,0,0,0,0
256,2001,4,46,21,46,46,46,0,0,0,0,0,0,36047025600,11204,0,149,149,149,0,0,0,0
256,2001,5,22,46,22,22,22,0,0,0,0,0,0,36047025600,11204,1,180,180,180,0,0,0,0
256,2002,0,31,31,33,31,31,-0.060606,-2,0,0,0,0,36047025600,11204,1,166,190,166,-0.126316,-24,0,0
256,2002,1,38,31,26,38,38,0.461538,12,0,0,0,0,36047025600,11204,0,189,175,189,0.08,14,0,0
256,2002,2,27,38,36,27,27,-0.25,-9,0,0,0,0,36047025600,11204,1,169,172,169,-0.017442,-3,0,0
256,2002,3,34,27,21,34,34,0.619048,13,0,0,0,0,36047025600,11204,1,172,182,172,-0.054945,-10,0,0
256,2002,4,22,34,46,22,22,-0.521739,-24,0,0,0,0,36047025600,11204,1,172,149,172,0.154362,23,0,0
256,2002,5,43,22,22,43,43,0.954545,21,0,0,0,0,36047025600,11204,0,142,180,142,-0.211111,-38,0,0
256,2003,0,30,30,31,30,30,-0.032258,-1,0,0,0,0,36047025600,11204,0,156,166,156,-0.060241,-10,0,0
256,2003,1,35,30,38,35,35,-0.078947,-3,0,0,0,0,36047025600,11204,0,168,189,168,-0.111111,-21,0,0
256,2003,2,39,35,27,39,39,0.444444,12,0,0,0,0,36047025600,11204,0,198,169,198,0.171598,29,0,0
256,2003,3,29,39,34,29,29,-0.147059,-5,0,0,0,0,36047025600,11204,0,169,172,169,-0.017442,-3,0,0
256,2003,4,31,29,22,31,31,0.409091,9,0,0,0,0,36047025600,11204,1,178,172,178,0.034884,6,0,0
256,2003,5,25,31,43,25,25,-0.418605,-18,0,0,0,0,36047025600,11204,0,174,142,174,0.225352,32,0,0
256,2004,0,37,37,30,33,33,0.233333,7,0.121212,4,0.121212,4,36047025600,11204,0,174,156,190,0.115385,18,-0.084211,-16
256,2004,1,28,37,35,26,26,-0.2,-7,0.076923,2,0.076923,2,36047025600,11204,1,174,168,175,0.035714,6,-0.005714,-1
256,2004,2,30,28,39,36,36,-0.230769,-9,-0.166667,-6,-0.166667,-6,36047025600,11204,1,171,198,172,-0.136364,-27,-0.005814,-1
256,2004,3,43,30,29,21,21,0.482759,14,1.047619,22,1.047619,22,36047025600,11204,0,199,169,182,0.177515,30,0.093407,17
256,2004,4,31,43,31,46,46,0,0,-0.326087,-15,-0.326087,-15,36047025600,11204,0,170,178,149,-0.044944,-8,0.14094,21
256,2004,5,27,31,25,22,22,0.08,2,0.227273,5,0.227273,5,36047025600,11204,1,180,174,180,0.034483,6,0,0
256,2005,0,29,29,37,31,31,-0.216216,-8,-0.064516,-2,-0.064516,-2,36047025600,11204,0,182,174,166,0.045977,8,0.096386,16
256,2005,1,32,29,28,38,38,0.142857,4,-0.157895,-6,-0.157895,-6,36047025600,11204,1,173,174,189,-0.005747,-1,-0.084656,-16
256,2005,2,31,32,30,27,27,0.033333,1,0.148148,4,0.148148,4,36047025600,11204,0,172,171,169,0.005848,1,0.017751,3
256,2005,3,29,31,43,34,34,-0.325581,-14,-0.147059,-5,-0.147059,-5,36047025600,11204,0,173,199,172,-0.130653,-26,0.005814,1
256,2005,4,37,29,31,22,22,0.193548,6,0.681818,15,0.681818,15,36047025600,11204,0,210,170,172,0.235294,40,0.22093,38
256,2005,5,26,37,27,43,43,-0.037037,-1,-0.395349,-17,-0.395349,-17,36047025600,11204,0,174,180,142,-0.033333,-6,0.225352,32
256,2006,0,39,39,29,30,30,0.344828,10,0.3,9,0.3,9,36047025600,11204,0,192,182,156,0.054945,10,0.230769,36
256,2006,1,31,39,32,35,35,-0.03125,-1,-0.114286,-4,-0.114286,-4,36047025600,11204,0,175,173,168,0.011561,2,0.041667,7
256,2006,2,34,31,31,39,39,0.096774,3,-0.128205,-5,-0.128205,-5,36047025600,11204,0,180,172,198,0.046512,8,-0.090909,-18
256,2006,3,32,34,29,29,29,0.103448,3,0.103448,3,0.103448,3,36047025600,11204,0,166,173,169,-0.040462,-7,-0.017751,-3
256,2006,4,27,32,37,31,31,-0.27027,-10,-0.129032,-4,-0.129032,-4,36047025600,11204,0,180,210,178,-0.142857,-30,0.011236,2
256,2006,5,42,27,26,25,25,0.615385,16,0.68,17,0.68,17,36047025600,11204,0,190,174,174,0.091954,16,0.091954,16
256,2007,0,23,23,39,37,37,-0.410256,-16,-0.378378,-14,-0.378378,-14,36047025600,11204,0,157,192,174,-0.182292,-35,-0.097701,-17
256,2007,1,37,23,31,28,28,0.193548,6,0.321429,9,0.321429,9,36047025600,11204,0,194,175,174,0.108571,19,0.114943,20
256,2007,2,28,37,34,30,30,-0.176471,-6,-0.066667,-2,-0.066667,-2,36047025600,11204,0,178,180,171,-0.011111,-2,0.040936,7
256,2007,3,31,28,32,43,43,-0.03125,-1,-0.27907,-12,-0.27907,-12,36047025600,11204,1,178,166,199,0.072289,12,-0.105528,-21
256,2007,4,28,31,27,31,31,0.037037,1,-0.096774,-3,-0.096774,-3,36047025600,11204,1,171,180,170,-0.05,-9,0.005882,1
256,2007,5,28,28,42,27,27,-0.333333,-14,0.037037,1,0.037037,1,36047025600,11204,0,184,190,180,-0.031579,-6,0.022222,4
256,2008,0,27,27,23,29,29,0.173913,4,-0.068966,-2,-0.068966,-2,36047025600,11204,1,199,157,182,0.267516,42,0.093407,17
256,2008,1,24,27,37,32,32,-0.351351,-13,-0.25,-8,-0.25,-8,36047025600,11204,1,165,194,173,-0.149485,-29,-0.046243,-8
256,2008,2,35,24,28,31,31,0.25,7,0.129032,4,0.129032,4,36047025600,11204,0,197,178,172,0.106742,19,0.145349,25
256,2008,3,29,35,31,29,29,-0.064516,-2,0,0,0,0,36047025600,11204,0,174,178,173,-0.022472,-4,0.00578,1
256,2008,4,29,29,28,37,37,0.035714,1,-0.216216,-8,-0.216216,-8,36047025600,11204,1,186,171,210,0.087719,15,-0.114286,-24
256,2008,5,25,29,28,26,26,-0.107143,-3,-0.038462,-1,-0.038462,-1,36047025600,11204,0,184,184,174,0,0,0.057471,10
256,2009,0,24,24,27,39,39,-0.111111,-3,-0.384615,-15,-0.384615,-15,36047025600,11204,0,185,199,192,-0.070352,-14,-0.036458,-7
256,2009,1,32,24,24,31,31,0.333333,8,0.032258,1,0.032258,1,36047025600,11204,0,220,165,175,0.333333,55,0.257143,45
256,2009,2,24,32,35,34,34,-0.314286,-11,-0.294118,-10,-0.294118,-10,36047025600,11204,0,190,197,180,-0.035533,-7,0.055556,10
256,2009,3,37,24,29,32,32,0.275862,8,0.15625,5,0.15625,5,36047025600,11204,0,194,174,166,0.114943,20,0.168675,28
256,2009,4,31,37,29,27,27,0.068966,2,0.148148,4,0.148148,4,36047025600,11204,0,182,186,180,-0.021505,-4,0.011111,2
256,2009,5,27,31,25,42,42,0.08,2,-0.357143,-15,-0.357143,-15,36047025600,11204,0,175,184,190,-0.048913,-9,-0.078947,-15
256,2010,0,40,40,24,23,23,0.666667,16,0.73913,17,0.73913,17,36047025600,11204,0,222,185,157,0.2,37,0.414013,65
256,2010,1,27,40,32,37,37,-0.15625,-5,-0.27027,-10,-0.27027,-10,36047025600,11204,0,185,220,194,-0.159091,-35,-0.046392,-9
256,2010,2,32,27,24,28,28,0.333333,8,0.142857,4,0.142857,4,36047025600,11204,0,222,190,178,0.168421,32,0.247191,44
256,2010,3,23,32,37,31,31,-0.378378,-14,-0.258065,-8,-0.258065,-8,36047025600,11204,0,186,194,178,-0.041237,-8,0.044944,8
256,2010,4,37,23,31,28,28,0.193548,6,0.321429,9,0.321429,9,36047025600,11204,0,201,182,171,0.104396,19,0.175439,30
256,2010,5,23,37,27,28,28,-0.148148,-4,-0.178571,-5,-0.178571,-5,36047025600,11204,0,193,175,184,0.102857,18,0.048913,9
258,2001,0,53,53,53,53,53,0,0,0,0,0,0,36047025800,11204,0,195,195,195,0,0,0,0
258,2001,1,39,53,39,39,39,0,0,0,0,0,0,36047025800,11204,1,190,190,190,0,0,0,0
258,2001,2,43,39,43,43,43,0,0,0,0,0,0,36047025800,11204,1,193,193,193,0,0,0,0
258,2001,3,61,43,61,61,61,0,0,0,0,0,0,36047025800,11204,0,161,161,161,0,0,0,0
258,2001,4,35,61,35,35,35,0,0,0,0,0,0,36047025800,11204,1,185,185,185,0,0,0,0
258,2001,5,56,35,56,56,56,0,0,0,0,0,0,36047025800,11204,0,161,161,161,0,0,0,0
258,2002,0,47,47,53,47,47,-0.113208,-6,0,0,0,0,36047025800,11204,1,173,195,173,-0.112821,-22,0,0
258,2002,1,48,47,39,48,48,0.230769,9,0,0,0,0,36047025800,11204,0,202,190,202,0.063158,12,0,0
258,2002,2,43,48,43,43,43,0,0,0,0,0,0,36047025800,11204,1,178,193,178,-0.07772,-15,0,0
258,2002,3,40,43,61,40,40,-0.344262,-21,0,0,0,0,36047025800,11204,1,190,161,190,0.180124,29,0,0
258,2002,4,53,40,35,53,53,0.514286,18,0,0,0,0,36047025800,11204,0,163,185,163,-0.118919,-22,0,0
258,2002,5,33,53,56,33,33,-0.410714,-23,0,0,0,0,36047025800,11204,1,177,161,177,0.099379,16,0,0
258,2003,0,35,35,47,35,35,-0.255319,-12,0,0,0,0,36047025800,11204,1,174,173,174,0.00578,1,0,0
258,2003,1,48,35,48,48,48,0,0,0,0,0,0,36047025800,11204,0,180,202,180,-0.108911,-22,0,0
258,2003,2,51,48,43,51,51,0.186047,8,0,0,0,0,36047025800,11204,0,207,178,207,0.162921,29,0,0
258,2003,3,42,51,40,42,42,0.05,2,0,0,0,0,36047025800,11204,1,182,190,182,-0.042105,-8,0,0
258,2003,4,43,42,53,43,43,-0.188679,-10,0,0,0,0,36047025800,11204,1,186,163,186,0.141104,23,0,0
258,2003,5,57,43,33,57,57,0.727273,24,0,0,0,0,36047025800,11204,0,169,177,169,-0.045198,-8,0,0
258,2004,0,50,50,35,53,53,0.428571,15,-0.056604,-3,-0.056604,-3,36047025800,11204,0,182,174,195,0.045977,8,-0.066667,-13
258,2004,1,42,50,48,39,39,-0.125,-6,0.076923,3,0.076923,3,36047025800,11204,1,182,180,190,0.011111,2,-0.042105,-8
258,2004,2,51,42,51,43,43,0,0,0.186047,8,0.186047,8,36047025800,11204,0,173,207,193,-0.164251,-34,-0.103627,-20
258,2004,3,53,51,42,61,61,0.261905,11,-0.131148,-8,-0.131148,-8,36047025800,11204,0,209,182,161,0.148352,27,0.298137,48
258,2004,4,47,53,43,35,35,0.093023,4,0.342857,12,0.342857,12,36047025800,11204,1,174,186,185,-0.064516,-12,-0.059459,-11
258,2004,5,49,47,57,56,56,-0.140351,-8,-0.125,-7,-0.125,-7,36047025800,11204,0,172,169,161,0.017751,3,0.068323,11
258,2005,0,59,59,50,47,47,0.18,9,0.255319,12,0.255319,12,36047025800,11204,0,175,182,173,-0.038462,-7,0.011561,2
258,2005,1,45,59,42,48,48,0.071429,3,-0.0625,-3,-0.0625,-3,36047025800,11204,1,188,182,202,0.032967,6,-0.069307,-14
258,2005,2,46,45,51,43,43,-0.098039,-5,0.069767,3,0.069767,3,36047025800,11204,1,179,173,178,0.034682,6,0.005618,1
258,2005,3,54,46,53,40,40,0.018868,1,0.35,14,0.35,14,36047025800,11204,0,173,209,190,-0.172249,-36,-0.089474,-17
258,2005,4,54,54,47,53,53,0.148936,7,0.018868,1,0.018868,1,36047025800,11204,0,212,174,163,0.218391,38,0.300613,49
258,2005,5,48,54,49,33,33,-0.020408,-1,0.454545,15,0.454545,15,36047025800,11204,0,170,172,177,-0.011628,-2,-0.039548,-7
258,2006,0,51,51,59,35,35,-0.135593,-8,0.457143,16,0.457143,16,36047025800,11204,0,200,175,174,0.142857,25,0.149425,26
258,2006,1,54,51,45,48,48,0.2,9,0.125,6,0.125,6,36047025800,11204,0,172,188,180,-0.085106,-16,-0.044444,-8
258,2006,2,48,54,46,51,51,0.043478,2,-0.058824,-3,-0.058824,-3,36047025800,11204,1,197,179,207,0.100559,18,-0.048309,-10
258,2006,3,45,48,54,42,42,-0.166667,-9,0.071429,3,0.071429,3,36047025800,11204,1,180,173,182,0.040462,7,-0.010989,-2
258,2006,4,50,45,54,43,43,-0.074074,-4,0.162791,7,0.162791,7,36047025800,11204,1,182,212,186,-0.141509,-30,-0.021505,-4
258,2006,5,50,50,48,57,57,0.041667,2,-0.122807,-7,-0.122807,-7,36047025800,11204,0,202,170,169,0.188235,32,0.195266,33
258,2007,0,37,37,51,50,50,-0.27451,-14,-0.26,-13,-0.26,-13,36047025800,11204,1,172,200,182,-0.14,-28,-0.054945,-10
258,2007,1,51,37,54,42,42,-0.055556,-3,0.214286,9,0.214286,9,36047025800,11204,1,198,172,182,0.151163,26,0.087912,16
258,2007,2,54,51,48,51,51,0.125,6,0.058824,3,0.058824,3,36047025800,11204,0,176,197,173,-0.106599,-21,0.017341,3
258,2007,3,53,54,45,53,53,0.177778,8,0,0,0,0,36047025800,11204,0,184,180,209,0.022222,4,-0.119617,-25
258,2007,4,48,53,50,47,47,-0.04,-2,0.021277,1,0.021277,1,36047025800,11204,1,173,182,174,-0.049451,-9,-0.005747,-1
258,2007,5,48,48,50,49,49,-0.04,-2,-0.020408,-1,-0.020408,-1,36047025800,11204,1,188,202,172,-0.069307,-14,0.093023,16
258,2008,0,50,50,37,59,59,0.351351,13,-0.152542,-9,-0.152542,-9,36047025800,11204,1,205,172,175,0.19186,33,0.171429,30
258,2008,1,43,50,51,45,45,-0.156863,-8,-0.044444,-2,-0.044444,-2,36047025800,11204,1,171,198,188,-0.136364,-27,-0.090426,-17
258,2008,2,52,43,54,46,46,-0.037037,-2,0.130435,6,0.130435,6,36047025800,11204,0,197,176,179,0.119318,21,0.100559,18
258,2008,3,54,52,53,54,54,0.018868,1,0,0,0,0,36047025800,11204,0,174,184,173,-0.054348,-10,0.00578,1
258,2008,4,63,54,48,54,54,0.3125,15,0.166667,9,0.166667,9,36047025800,11204,0,181,173,212,0.046243,8,-0.146226,-31
258,2008,5,51,63,48,48,48,0.0625,3,0.0625,3,0.0625,3,36047025800,11204,1,182,188,170,-0.031915,-6,0.070588,12
258,2009,0,59,59,50,51,51,0.18,9,0.156863,8,0.156863,8,36047025800,11204,0,174,205,200,-0.15122,-31,-0.13,-26
258,2009,1,54,59,43,54,54,0.255814,11,0,0,0,0,36047025800,11204,0,237,171,172,0.385965,66,0.377907,65
258,2009,2,47,54,52,48,48,-0.096154,-5,-0.020833,-1,-0.020833,-1,36047025800,11204,0,190,197,197,-0.035533,-7,-0.035533,-7
258,2009,3,49,47,54,45,45,-0.092593,-5,0.088889,4,0.088889,4,36047025800,11204,0,207,174,180,0.189655,33,0.15,27
258,2009,4,54,49,63,50,50,-0.142857,-9,0.08,4,0.08,4,36047025800,11204,0,189,181,182,0.044199,8,0.038462,7
258,2009,5,54,54,51,50,50,0.058824,3,0.08,4,0.08,4,36047025800,11204,0,180,182,202,-0.010989,-2,-0.108911,-22
258,2010,0,56,56,59,37,37,-0.050847,-3,0.513514,19,0.513514,19,36047025800,11204,0,229,174,172,0.316092,55,0.331395,57
258,2010,1,52,56,54,51,51,-0.037037,-2,0.019608,1,0.019608,1,36047025800,11204,0,187,237,198,-0.21097,-50,-0.055556,-11
258,2010,2,53,52,47,54,54,0.12766,6,-0.018519,-1,-0.018519,-1,36047025800,11204,0,246,190,176,0.294737,56,0.397727,70
258,2010,3,47,53,49,53,53,-0.040816,-2,-0.113208,-6,-0.113208,-6,36047025800,11204,0,184,207,184,-0.111111,-23,0,0
258,2010,4,52,47,54,48,48,-0.037037,-2,0.083333,4,0.083333,4,36047025800,11204,0,212,189,173,0.121693,23,0.225434,39
258,2010,5,57,52,54,48,48,0.055556,3,0.1875,9,0.1875,9,36047025800,11204,0,189,180,188,0.05,9,0.005319,1
260,2001,0,26,26,26,26,26,0,0,0,0,0,0,36047026000,11204,0,185,185,185,0,0,0,0
260,2001,1,31,26,31,31,31,0,0,0,0,0,0,36047026000,11204,0,217,217,217,0,0,0,0
260,2001,2,30,31,30,30,30,0,0,0,0,0,0,36047026000,11204,0,194,194,194,0,0,0,0
260,2001,3,23,30,23,23,23,0,0,0,0,0,0,36047026000,11204,1,203,203,203,0,0,0,0
260,2001,4,26,23,26,26,26,0,0,0,0,0,0,36047026000,11204,0,185,185,185,0,0,0,0
260,2001,5,21,26,21,21,21,0,0,0,0,0,0,36047026000,11204,1,208,208,208,0,0,0,0
260,2002,0,28,28,26,28,28,0.076923,2,0,0,0,0,36047026000,11204,0,190,185,190,0.027027,5,0,0
260,2002,1,25,28,31,25,25,-0.193548,-6,0,0,0,0,36047026000,11204,0,188,217,188,-0.133641,-29,0,0
260,2002,2,30,25,30,30,30,0,0,0,0,0,0,36047026000,11204,0,221,194,221,0.139175,27,0,0
260,2002,3,30,30,23,30,30,0.304348,7,0,0,0,0,36047026000,11204,0,181,203,181,-0.108374,-22,0,0
260,2002,4,25,30,26,25,25,-0.038462,-1,0,0,0,0,36047026000,11204,0,206,185,206,0.113514,21,0,0
260,2002,5,26,25,21,26,26,0.238095,5,0,0,0,0,36047026000,11204,0,183,208,183,-0.120192,-25,0,0
260,2003,0,27,27,28,27,27,-0.035714,-1,0,0,0,0,36047026000,11204,0,189,190,189,-0.005263,-1,0,0
260,2003,1,29,27,25,29,29,0.16,4,0,0,0,0,36047026000,11204,0,203,188,203,0.079787,15,0,0
260,2003,2,24,29,30,24,24,-0.2,-6,0,0,0,0,36047026000,11204,0,198,221,198,-0.104072,-23,0,0
260,2003,3,30,24,30,30,30,0,0,0,0,0,0,36047026000,11204,0,231,181,231,0.276243,50,0,0
260,2003,4,27,30,25,27,27,0.08,2,0,0,0,0,36047026000,11204,0,179,206,179,-0.131068,-27,0,0
260,2003,5,29,27,26,29,29,0.115385,3,0,0,0,0,36047026000,11204,0,211,183,211,0.153005,28,0,0
260,2004,0,24,24,27,26,26,-0.111111,-3,-0.076923,-2,-0.076923,-2,36047026000,11204,1,192,189,185,0.015873,3,0.037838,7
260,2004,1,26,24,29,31,31,-0.103448,-3,-0.16129,-5,-0.16129,-5,36047026000,11204,0,206,203,217,0.014778,3,-0.050691,-11
260,2004,2,27,26,24,30,30,0.125,3,-0.1,-3,-0.1,-3,36047026000,11204,1,209,198,194,0.055556,11,0.07732,15
260,2004,3,22,27,30,23,23,-0.266667,-8,-0.043478,-1,-0.043478,-1,36047026000,11204,1,192,231,203,-0.168831,-39,-0.054187,-11
260,2004,4,25,22,27,26,26,-0.074074,-2,-0.038462,-1,-0.038462,-1,36047026000,11204,1,235,179,185,0.312849,56,0.27027,50
260,2004,5,22,25,29,21,21,-0.241379,-7,0.047619,1,0.047619,1,36047026000,11204,0,187,211,208,-0.113744,-24,-0.100962,-21
260,2005,0,26,26,24,28,28,0.083333,2,-0.071429,-2,-0.071429,-2,36047026000,11204,1,213,192,190,0.109375,21,0.121053,23
260,2005,1,29,26,26,25,25,0.115385,3,0.16,4,0.16,4,36047026000,11204,0,190,206,188,-0.07767,-16,0.010638,2
260,2005,2,26,29,27,30,30,-0.037037,-1,-0.133333,-4,-0.133333,-4,36047026000,11204,0,201,209,221,-0.038278,-8,-0.090498,-20
260,2005,3,28,26,22,30,30,0.272727,6,-0.066667,-2,-0.066667,-2,36047026000,11204,1,207,192,181,0.078125,15,0.143646,26
260,2005,4,21,28,25,25,25,-0.16,-4,-0.16,-4,-0.16,-4,36047026000,11204,1,193,235,206,-0.178723,-42,-0.063107,-13
260,2005,5,23,21,22,26,26,0.045455,1,-0.115385,-3,-0.115385,-3,36047026000,11204,1,237,187,183,0.26738,50,0.295082,54
260,2006,0,28,28,26,27,27,0.076923,2,0.037037,1,0.037037,1,36047026000,11204,1,195,213,189,-0.084507,-18,0.031746,6
260,2006,1,25,28,29,29,29,-0.137931,-4,-0.137931,-4,-0.137931,-4,36047026000,11204,1,212,190,203,0.115789,22,0.044335,9
260,2006,2,33,25,26,24,24,0.269231,7,0.375,9,0.375,9,36047026000,11204,0,179,201,198,-0.109453,-22,-0.09596,-19
260,2006,3,32,33,28,30,30,0.142857,4,0.066667,2,0.066667,2,36047026000,11204,0,193,207,231,-0.067633,-14,-0.164502,-38
260,2006,4,29,32,21,27,27,0.380952,8,0.074074,2,0.074074,2,36047026000,11204,0,196,193,179,0.015544,3,0.094972,17
260,2006,5,22,29,23,29,29,-0.043478,-1,-0.241379,-7,-0.241379,-7,36047026000,11204,1,178,237,211,-0.248945,-59,-0.156398,-33
260,2007,0,33,33,28,24,24,0.178571,5,0.375,9,0.375,9,36047026000,11204,0,163,195,192,-0.164103,-32,-0.151042,-29
260,2007,1,26,33,25,26,26,0.04,1,0,0,0,0,36047026000,11204,1,210,212,206,-0.009434,-2,0.019417,4
260,2007,2,27,26,33,27,27,-0.181818,-6,0,0,0,0,36047026000,11204,0,215,179,209,0.201117,36,0.028708,6
260,2007,3,31,27,32,22,22,-0.03125,-1,0.409091,9,0.409091,9,36047026000,11204,0,174,193,192,-0.098446,-19,-0.09375,-18
260,2007,4,27,31,29,25,25,-0.068966,-2,0.08,2,0.08,2,36047026000,11204,1,187,196,235,-0.045918,-9,-0.204255,-48
260,2007,5,27,27,22,22,22,0.227273,5,0.227273,5,0.227273,5,36047026000,11204,1,199,178,187,0.117978,21,0.064171,12
260,2008,0,34,34,33,26,26,0.030303,1,0.307692,8,0.307692,8,36047026000,11204,0,193,163,213,0.184049,30,-0.093897,-20
260,2008,1,31,34,26,29,29,0.192308,5,0.068966,2,0.068966,2,36047026000,11204,0,177,210,190,-0.157143,-33,-0.068421,-13
260,2008,2,26,31,27,26,26,-0.037037,-1,0,0,0,0,36047026000,11204,1,217,215,201,0.009302,2,0.079602,16
260,2008,3,27,26,31,28,28,-0.129032,-4,-0.035714,-1,-0.035714,-1,36047026000,11204,0,200,174,207,0.149425,26,-0.033816,-7
260,2008,4,31,27,27,21,21,0.148148,4,0.47619,10,0.47619,10,36047026000,11204,1,184,187,193,-0.016043,-3,-0.046632,-9
260,2008,5,28,31,27,23,23,0.037037,1,0.217391,5,0.217391,5,36047026000,11204,1,193,199,237,-0.030151,-6,-0.185654,-44
260,2009,0,27,27,34,28,28,-0.205882,-7,-0.035714,-1,-0.035714,-1,36047026000,11204,0,223,193,195,0.15544,30,0.14359,28
260,2009,1,46,27,31,25,25,0.483871,15,0.84,21,0.84,21,36047026000,11204,0,216,177,212,0.220339,39,0.018868,4
260,2009,2,29,46,26,33,33,0.115385,3,-0.121212,-4,-0.121212,-4,36047026000,11204,0,183,217,179,-0.156682,-34,0.022346,4
260,2009,3,33,29,27,32,32,0.222222,6,0.03125,1,0.03125,1,36047026000,11204,0,209,200,193,0.045,9,0.082902,16
260,2009,4,33,33,31,29,29,0.064516,2,0.137931,4,0.137931,4,36047026000,11204,0,205,184,196,0.11413,21,0.045918,9
260,2009,5,33,33,28,22,22,0.178571,5,0.5,11,0.5,11,36047026000,11204,0,186,193,178,-0.036269,-7,0.044944,8
260,2010,0,26,26,27,33,33,-0.037037,-1,-0.212121,-7,-0.212121,-7,36047026000,11204,0,235,223,163,0.053812,12,0.441718,72
260,2010,1,31,26,46,26,26,-0.326087,-15,0.192308,5,0.192308,5,36047026000,11204,0,230,216,210,0.064815,14,0.095238,20
260,2010,2,52,31,29,27,27,0.793103,23,0.925926,25,0.925926,25,36047026000,11204,0,216,183,215,0.180328,33,0.004651,1
260,2010,3,29,52,33,31,31,-0.121212,-4,-0.064516,-2,-0.064516,-2,36047026000,11204,0,193,209,174,-0.076555,-16,0.109195,19
260,2010,4,34,29,33,27,27,0.030303,1,0.259259,7,0.259259,7,36047026000,11204,0,215,205,187,0.04878,10,0.149733,28
260,2010,5,35,34,33,27,27,0.060606,2,0.296296,8,0.296296,8,36047026000,11204,0,218,186,199,0.172043,32,0.095477,19
262,2001,0,10,10,10,10,10,0,0,0,0,0,0,36047026200,11204,0,155,155,155,0,0,0,0
262,2001,1,20,10,20,20,20,0,0,0,0,0,0,36047026200,11204,0,194,194,194,0,0,0,0
262,2001,2,18,20,18,18,18,0,0,0,0,0,0,36047026200,11204,0,192,192,192,0,0,0,0
262,2001,3,16,18,16,16,16,0,0,0,0,0,0,36047026200,11204,1,180,180,180,0,0,0,0
262,2001,4,20,16,20,20,20,0,0,0,0,0,0,36047026200,11204,0,169,169,169,0,0,0,0
262,2001,5,15,20,15,15,15,0,0,0,0,0,0,36047026200,11204,1,189,189,189,0,0,0,0
262,2002,0,13,13,10,13,13,0.3,3,0,0,0,0,36047026200,11204,0,152,155,152,-0.019355,-3,0,0
262,2002,1,9,13,20,9,9,-0.55,-11,0,0,0,0,36047026200,11204,0,172,194,172,-0.113402,-22,0,0
262,2002,2,21,9,18,21,21,0.166667,3,0,0,0,0,36047026200,11204,0,195,192,195,0.015625,3,0,0
262,2002,3,19,21,16,19,19,0.1875,3,0,0,0,0,36047026200,11204,0,184,180,184,0.022222,4,0,0
262,2002,4,21,19,20,21,21,0.05,1,0,0,0,0,36047026200,11204,1,177,169,177,0.047337,8,0,0
262,2002,5,22,21,15,22,22,0.466667,7,0,0,0,0,36047026200,11204,0,175,189,175,-0.074074,-14,0,0
262,2003,0,12,12,13,12,12,-0.076923,-1,0,0,0,0,36047026200,11204,0,168,152,168,0.105263,16,0,0
262,2003,1,12,12,9,12,12,0.333333,3,0,0,0,0,36047026200,11204,0,167,172,167,-0.02907,-5,0,0
262,2003,2,10,12,21,10,10,-0.52381,-11,0,0,0,0,36047026200,11204,1,171,195,171,-0.123077,-24,0,0
262,2003,3,22,10,19,22,22,0.157895,3,0,0,0,0,36047026200,11204,0,215,184,215,0.168478,31,0,0
262,2003,4,16,22,21,16,16,-0.238095,-5,0,0,0,0,36047026200,11204,0,179,177,179,0.011299,2,0,0
262,2003,5,18,16,22,18,18,-0.181818,-4,0,0,0,0,36047026200,11204,1,181,175,181,0.034286,6,0,0
262,2004,0,12,12,12,10,10,0,0,0.2,2,0.2,2,36047026200,11204,1,171,168,155,0.017857,3,0.103226,16
262,2004,1,10,12,12,20,20,-0.166667,-2,-0.5,-10,-0.5,-10,36047026200,11204,1,189,167,194,0.131737,22,-0.025773,-5
262,2004,2,16,10,10,18,18,0.6,6,-0.111111,-2,-0.111111,-2,36047026200,11204,0,159,171,192,-0.070175,-12,-0.171875,-33
262,2004,3,11,16,22,16,16,-0.5,-11,-0.3125,-5,-0.3125,-5,36047026200,11204,1,176,215,180,-0.181395,-39,-0.022222,-4
262,2004,4,24,11,16,20,20,0.5,8,0.2,4,0.2,4,36047026200,11204,0,210,179,169,0.173184,31,0.242604,41
262,2004,5,20,24,18,15,15,0.111111,2,0.333333,5,0.333333,5,36047026200,11204,0,175,181,189,-0.033149,-6,-0.074074,-14
262,2005,0,13,13,12,13,13,0.083333,1,0,0,0,0,36047026200,11204,1,180,171,152,0.052632,9,0.184211,28
262,2005,1,10,13,10,9,9,0,0,0.111111,1,0.111111,1,36047026200,11204,1,171,189,172,-0.095238,-18,-0.005814,-1
262,2005,2,13,10,16,21,21,-0.1875,-3,-0.380952,-8,-0.380952,-8,36047026200,11204,0,183,159,195,0.150943,24,-0.061538,-12
262,2005,3,17,13,11,19,19,0.545455,6,-0.105263,-2,-0.105263,-2,36047026200,11204,0,154,176,184,-0.125,-22,-0.163043,-30
262,2005,4,11,17,24,21,21,-0.541667,-13,-0.47619,-10,-0.47619,-10,36047026200,11204,0,165,210,177,-0.214286,-45,-0.067797,-12
262,2005,5,25,11,20,22,22,0.25,5,0.136364,3,0.136364,3,36047026200,11204,0,194,175,175,0.108571,19,0.108571,19
262,2006,0,22,22,13,12,12,0.692308,9,0.833333,10,0.833333,10,36047026200,11204,0,166,180,168,-0.077778,-14,-0.011905,-2
262,2006,1,14,22,10,12,12,0.4,4,0.166667,2,0.166667,2,36047026200,11204,0,195,171,167,0.140351,24,0.167665,28
262,2006,2,11,14,13,10,10,-0.153846,-2,0.1,1,0.1,1,36047026200,11204,1,171,183,171,-0.065574,-12,0,0
262,2006,3,15,11,17,22,22,-0.117647,-2,-0.318182,-7,-0.318182,-7,36047026200,11204,0,181,154,215,0.175325,27,-0.15814,-34
262,2006,4,15,15,11,16,16,0.363636,4,-0.0625,-1,-0.0625,-1,36047026200,11204,0,153,165,179,-0.072727,-12,-0.145251,-26
262,2006,5,12,15,25,18,18,-0.52,-13,-0.333333,-6,-0.333333,-6,36047026200,11204,1,156,194,181,-0.195876,-38,-0.138122,-25
262,2007,0,16,16,22,12,12,-0.272727,-6,0.333333,4,0.333333,4,36047026200,11204,0,187,166,171,0.126506,21,0.093567,16
262,2007,1,22,16,14,10,10,0.571429,8,1.2,12,1.2,12,36047026200,11204,0,183,195,189,-0.061538,-12,-0.031746,-6
262,2007,2,14,22,11,16,16,0.272727,3,-0.125,-2,-0.125,-2,36047026200,11204,1,201,171,159,0.175439,30,0.264151,42
262,2007,3,8,14,15,11,11,-0.466667,-7,-0.272727,-3,-0.272727,-3,36047026200,11204,1,164,181,176,-0.093923,-17,-0.068182,-12
262,2007,4,12,8,15,24,24,-0.2,-3,-0.5,-12,-0.5,-12,36047026200,11204,0,176,153,210,0.150327,23,-0.161905,-34
262,2007,5,16,12,12,20,20,0.333333,4,-0.2,-4,-0.2,-4,36047026200,11204,0,150,156,175,-0.038462,-6,-0.142857,-25
262,2008,0,17,17,16,13,13,0.0625,1,0.307692,4,0.307692,4,36047026200,11204,0,166,187,180,-0.112299,-21,-0.077778,-14
262,2008,1,16,17,22,10,10,-0.272727,-6,0.6,6,0.6,6,36047026200,11204,0,192,183,171,0.04918,9,0.122807,21
262,2008,2,25,16,14,13,13,0.785714,11,0.923077,12,0.923077,12,36047026200,11204,0,186,201,183,-0.074627,-15,0.016393,3
262,2008,3,12,25,8,17,17,0.5,4,-0.294118,-5,-0.294118,-5,36047026200,11204,1,200,164,154,0.219512,36,0.298701,46
262,2008,4,8,12,12,11,11,-0.333333,-4,-0.272727,-3,-0.272727,-3,36047026200,11204,1,163,176,165,-0.073864,-13,-0.012121,-2
262,2008,5,15,8,16,25,25,-0.0625,-1,-0.4,-10,-0.4,-10,36047026200,11204,1,174,150,194,0.16,24,-0.103093,-20
262,2009,0,17,17,17,22,22,0,0,-0.227273,-5,-0.227273,-5,36047026200,11204,0,192,166,166,0.156627,26,0.156627,26
262,2009,1,22,17,16,14,14,0.375,6,0.571429,8,0.571429,8,36047026200,11204,0,200,192,195,0.041667,8,0.025641,5
262,2009,2,20,22,25,11,11,-0.2,-5,0.818182,9,0.818182,9,36047026200,11204,0,199,186,171,0.069892,13,0.163743,28
262,2009,3,23,20,12,15,15,0.916667,11,0.533333,8,0.533333,8,36047026200,11204,0,204,200,181,0.02,4,0.127072,23
262,2009,4,13,23,8,15,15,0.625,5,-0.133333,-2,-0.133333,-2,36047026200,11204,0,220,163,153,0.349693,57,0.437908,67
262,2009,5,12,13,15,12,12,-0.2,-3,0,0,0,0,36047026200,11204,0,186,174,156,0.068966,12,0.192308,30
262,2010,0,17,17,17,16,16,0,0,0.0625,1,0.0625,1,36047026200,11204,0,221,192,187,0.151042,29,0.181818,34
262,2010,1,18,17,22,22,22,-0.181818,-4,-0.181818,-4,-0.181818,-4,36047026200,11204,0,204,200,183,0.02,4,0.114754,21
262,2010,2,21,18,20,14,14,0.05,1,0.5,7,0.5,7,36047026200,11204,0,209,199,201,0.050251,10,0.039801,8
262,2010,3,26,21,23,8,8,0.130435,3,2.25,18,2.25,18,36047026200,11204,0,213,204,164,0.044118,9,0.29878,49
262,2010,4,23,26,13,12,12,0.769231,10,0.916667,11,0.916667,11,36047026200,11204,0,198,220,176,-0.1,-22,0.125,22
262,2010,5,18,23,12,16,16,0.5,6,0.125,2,0.125,2,36047026200,11204,0,218,186,150,0.172043,32,0.453333,68
264,2001,0,32,32,32,32,32,0,0,0,0,0,0,36047026400,11204,1,135,135,135,0,0,0,0
264,2001,1,33,32,33,33,33,0,0,0,0,0,0,36047026400,11204,0,164,164,164,0,0,0,0
264,2001,2,36,33,36,36,36,0,0,0,0,0,0,36047026400,11204,0,158,158,158,0,0,0,0
264,2001,3,32,36,32,32,32,0,0,0,0,0,0,36047026400,11204,1,133,133,133,0,0,0,0
264,2001,4,36,32,36,36,36,0,0,0,0,0,0,36047026400,11204,0,126,126,126,0,0,0,0
264,2001,5,39,36,39,39,39,0,0,0,0,0,0,36047026400,11204,0,140,140,140,0,0,0,0
264,2002,0,33,33,32,33,33,0.03125,1,0,0,0,0,36047026400,11204,0,131,135,131,-0.02963,-4,0,0
264,2002,1,31,33,33,31,31,-0.060606,-2,0,0,0,0,36047026400,11204,1,146,164,146,-0.109756,-18,0,0
264,2002,2,36,31,36,36,36,0,0,0,0,0,0,36047026400,11204,1,164,158,164,0.037975,6,0,0
264,2002,3,31,36,32,31,31,-0.03125,-1,0,0,0,0,36047026400,11204,1,157,133,157,0.180451,24,0,0
264,2002,4,36,31,36,36,36,0,0,0,0,0,0,36047026400,11204,1,137,126,137,0.087302,11,0,0
264,2002,5,39,36,39,39,39,0,0,0,0,0,0,36047026400,11204,0,133,140,133,-0.05,-7,0,0
264,2003,0,41,41,33,41,41,0.242424,8,0,0,0,0,36047026400,11204,0,127,131,127,-0.030534,-4,0,0
264,2003,1,35,41,31,35,35,0.129032,4,0,0,0,0,36047026400,11204,0,136,146,136,-0.068493,-10,0,0
264,2003,2,32,35,36,32,32,-0.111111,-4,0,0,0,0,36047026400,11204,1,148,164,148,-0.097561,-16,0,0
264,2003,3,44,32,31,44,44,0.419355,13,0,0,0,0,36047026400,11204,0,163,157,163,0.038217,6,0,0
264,2003,4,30,44,36,30,30,-0.166667,-6,0,0,0,0,36047026400,11204,1,145,137,145,0.058394,8,0,0
264,2003,5,37,30,39,37,37,-0.051282,-2,0,0,0,0,36047026400,11204,1,139,133,139,0.045113,6,0,0
264,2004,0,27,27,41,32,32,-0.341463,-14,-0.15625,-5,-0.15625,-5,36047026400,11204,1,139,127,135,0.094488,12,0.02963,4
264,2004,1,46,27,35,33,33,0.314286,11,0.393939,13,0.393939,13,36047026400,11204,0,138,136,164,0.014706,2,-0.158537,-26
264,2004,2,40,46,32,36,36,0.25,8,0.111111,4,0.111111,4,36047026400,11204,0,132,148,158,-0.108108,-16,-0.164557,-26
264,2004,3,35,40,44,32,32,-0.204545,-9,0.09375,3,0.09375,3,36047026400,11204,1,150,163,133,-0.079755,-13,0.12782,17
264,2004,4,47,35,30,36,36,0.566667,17,0.305556,11,0.305556,11,36047026400,11204,0,160,145,126,0.103448,15,0.269841,34
264,2004,5,31,47,37,39,39,-0.162162,-6,-0.205128,-8,-0.205128,-8,36047026400,11204,1,148,139,140,0.064748,9,0.057143,8
264,2005,0,37,37,27,33,33,0.37037,10,0.121212,4,0.121212,4,36047026400,11204,0,151,139,131,0.086331,12,0.152672,20
264,2005,1,25,37,46,31,31,-0.456522,-21,-0.193548,-6,-0.193548,-6,36047026400,11204,1,146,138,146,0.057971,8,0,0
264,2005,2,42,25,40,36,36,0.05,2,0.166667,6,0.166667,6,36047026400,11204,0,153,132,164,0.159091,21,-0.067073,-11
264,2005,3,45,42,35,31,31,0.285714,10,0.451613,14,0.451613,14,36047026400,11204,0,140,150,157,-0.066667,-10,-0.10828,-17
264,2005,4,37,45,47,36,36,-0.212766,-10,0.027778,1,0.027778,1,36047026400,11204,1,155,160,137,-0.03125,-5,0.131387,18
264,2005,5,43,37,31,39,39,0.387097,12,0.102564,4,0.102564,4,36047026400,11204,0,162,148,133,0.094595,14,0.218045,29
264,2006,0,35,35,37,41,41,-0.054054,-2,-0.146341,-6,-0.146341,-6,36047026400,11204,0,155,151,127,0.02649,4,0.220472,28
264,2006,1,38,35,25,35,35,0.52,13,0.085714,3,0.085714,3,36047026400,11204,0,153,146,136,0.047945,7,0.125,17
264,2006,2,23,38,42,32,32,-0.452381,-19,-0.28125,-9,-0.28125,-9,36047026400,11204,1,155,153,148,0.013072,2,0.047297,7
264,2006,3,41,23,45,44,44,-0.088889,-4,-0.068182,-3,-0.068182,-3,36047026400,11204,0,161,140,163,0.15,21,-0.01227,-2
264,2006,4,38,41,37,30,30,0.027027,1,0.266667,8,0.266667,8,36047026400,11204,0,150,155,145,-0.032258,-5,0.034483,5
264,2006,5,34,38,43,37,37,-0.209302,-9,-0.081081,-3,-0.081081,-3,36047026400,11204,1,158,162,139,-0.024691,-4,0.136691,19
264,2007,0,37,37,35,27,27,0.057143,2,0.37037,10,0.37037,10,36047026400,11204,1,146,155,139,-0.058065,-9,0.05036,7
264,2007,1,43,37,38,46,46,0.131579,5,-0.065217,-3,-0.065217,-3,36047026400,11204,0,158,153,138,0.03268,5,0.144928,20
264,2007,2,41,43,23,40,40,0.782609,18,0.025,1,0.025,1,36047026400,11204,0,158,155,132,0.019355,3,0.19697,26
264,2007,3,24,41,41,35,35,-0.414634,-17,-0.314286,-11,-0.314286,-11,36047026400,11204,1,153,161,150,-0.049689,-8,0.02,3
264,2007,4,41,24,38,47,47,0.078947,3,-0.12766,-6,-0.12766,-6,36047026400,11204,0,153,150,160,0.02,3,-0.04375,-7
264,2007,5,42,41,34,31,31,0.235294,8,0.354839,11,0.354839,11,36047026400,11204,0,146,158,148,-0.075949,-12,-0.013514,-2
264,2008,0,27,27,37,37,37,-0.27027,-10,-0.27027,-10,-0.27027,-10,36047026400,11204,1,151,146,151,0.034247,5,0,0
264,2008,1,40,27,43,25,25,-0.069767,-3,0.6,15,0.6,15,36047026400,11204,1,166,158,146,0.050633,8,0.136986,20
264,2008,2,46,40,41,42,42,0.121951,5,0.095238,4,0.095238,4,36047026400,11204,0,164,158,153,0.037975,6,0.071895,11
264,2008,3,39,46,24,45,45,0.625,15,-0.133333,-6,-0.133333,-6,36047026400,11204,1,162,153,140,0.058824,9,0.157143,22
264,2008,4,25,39,41,37,37,-0.390244,-16,-0.324324,-12,-0.324324,-12,36047026400,11204,1,152,153,155,-0.006536,-1,-0.019355,-3
264,2008,5,40,25,42,43,43,-0.047619,-2,-0.069767,-3,-0.069767,-3,36047026400,11204,0,157,146,162,0.075342,11,-0.030864,-5
264,2009,0,40,40,27,35,35,0.481481,13,0.142857,5,0.142857,5,36047026400,11204,0,169,151,155,0.119205,18,0.090323,14
264,2009,1,31,40,40,38,38,-0.225,-9,-0.184211,-7,-0.184211,-7,36047026400,11204,0,184,166,153,0.108434,18,0.202614,31
264,2009,2,38,31,46,23,23,-0.173913,-8,0.652174,15,0.652174,15,36047026400,11204,0,177,164,155,0.079268,13,0.141935,22
264,2009,3,44,38,39,41,41,0.128205,5,0.073171,3,0.073171,3,36047026400,11204,0,177,162,161,0.092593,15,0.099379,16
264,2009,4,41,44,25,38,38,0.64,16,0.078947,3,0.078947,3,36047026400,11204,0,169,152,150,0.111842,17,0.126667,19
264,2009,5,31,41,40,34,34,-0.225,-9,-0.088235,-3,-0.088235,-3,36047026400,11204,0,161,157,158,0.025478,4,0.018987,3
264,2010,0,46,46,40,37,37,0.15,6,0.243243,9,0.243243,9,36047026400,11204,0,195,169,146,0.153846,26,0.335616,49
264,2010,1,45,46,31,43,43,0.451613,14,0.046512,2,0.046512,2,36047026400,11204,0,185,184,158,0.005435,1,0.170886,27
264,2010,2,39,45,38,41,41,0.026316,1,-0.04878,-2,-0.04878,-2,36047026400,11204,0,193,177,158,0.090395,16,0.221519,35
264,2010,3,44,39,44,24,24,0,0,0.833333,20,0.833333,20,36047026400,11204,0,195,177,153,0.101695,18,0.27451,42
264,2010,4,39,44,41,41,41,-0.04878,-2,-0.04878,-2,-0.04878,-2,36047026400,11204,0,178,169,153,0.053254,9,0.163399,25
264,2010,5,37,39,31,42,42,0.193548,6,-0.119048,-5,-0.119048,-5,36047026400,11204,0,182,161,146,0.130435,21,0.246575,36
266,2001,0,43,43,43,43,43,0,0,0,0,0,0,36047026600,11204,0,185,185,185,0,0,0,0
266,2001,1,44,43,44,44,44,0,0,0,0,0,0,36047026600,11204,0,179,179,179,0,0,0,0
266,2001,2,32,44,32,32,32,0,0,0,0,0,0,36047026600,11204,1,202,202,202,0,0,0,0
266,2001,3,32,32,32,32,32,0,0,0,0,0,0,36047026600,11204,1,188,188,188,0,0,0,0
266,2001,4,34,32,34,34,34,0,0,0,0,0,0,36047026600,11204,0,163,163,163,0,0,0,0
266,2001,5,32,34,32,32,32,0,0,0,0,0,0,36047026600,11204,0,187,187,187,0,0,0,0
266,2002,0,44,44,43,44,44,0.023256,1,0,0,0,0,36047026600,11204,0,172,185,172,-0.07027,-13,0,0
266,2002,1,43,44,44,43,43,-0.022727,-1,0,0,0,0,36047026600,11204,0,196,179,196,0.094972,17,0,0
266,2002,2,38,43,32,38,38,0.1875,6,0,0,0,0,36047026600,11204,1,185,202,185,-0.084158,-17,0,0
266,2002,3,31,38,32,31,31,-0.03125,-1,0,0,0,0,36047026600,11204,1,193,188,193,0.026596,5,0,0
266,2002,4,33,31,34,33,33,-0.029412,-1,0,0,0,0,36047026600,11204,1,189,163,189,0.159509,26,0,0
266,2002,5,32,33,32,32,32,0,0,0,0,0,0,36047026600,11204,0,153,187,153,-0.181818,-34,0,0
266,2003,0,40,40,44,40,40,-0.090909,-4,0,0,0,0,36047026600,11204,0,165,172,165,-0.040698,-7,0,0
266,2003,1,46,40,43,46,46,0.069767,3,0,0,0,0,36047026600,11204,0,174,196,174,-0.112245,-22,0,0
266,2003,2,45,46,38,45,45,0.184211,7,0,0,0,0,36047026600,11204,0,205,185,205,0.108108,20,0,0
266,2003,3,40,45,31,40,40,0.290323,9,0,0,0,0,36047026600,11204,1,183,193,183,-0.051813,-10,0,0
266,2003,4,27,40,33,27,27,-0.181818,-6,0,0,0,0,36047026600,11204,1,190,189,190,0.005291,1,0,0
266,2003,5,33,27,32,33,33,0.03125,1,0,0,0,0,36047026600,11204,1,194,153,194,0.267974,41,0,0
266,2004,0,30,30,40,43,43,-0.25,-10,-0.302326,-13,-0.302326,-13,36047026600,11204,1,190,165,185,0.151515,25,0.027027,5
266,2004,1,42,30,46,44,44,-0.086957,-4,-0.045455,-2,-0.045455,-2,36047026600,11204,0,184,174,179,0.057471,10,0.027933,5
266,2004,2,46,42,45,32,32,0.022222,1,0.4375,14,0.4375,14,36047026600,11204,0,172,205,202,-0.160976,-33,-0.148515,-30
266,2004,3,38,46,40,32,32,-0.05,-2,0.1875,6,0.1875,6,36047026600,11204,0,211,183,188,0.153005,28,0.12234,23
266,2004,4,36,38,27,34,34,0.333333,9,0.058824,2,0.058824,2,36047026600,11204,1,190,190,163,0,0,0.165644,27
266,2004,5,30,36,33,32,32,-0.090909,-3,-0.0625,-2,-0.0625,-2,36047026600,11204,0,184,194,187,-0.051546,-10,-0.016043,-3
266,2005,0,36,36,30,44,44,0.2,6,-0.181818,-8,-0.181818,-8,36047026600,11204,0,209,190,172,0.1,19,0.215116,37
266,2005,1,36,36,42,43,43,-0.142857,-6,-0.162791,-7,-0.162791,-7,36047026600,11204,1,186,184,196,0.01087,2,-0.05102,-10
266,2005,2,36,36,46,38,38,-0.217391,-10,-0.052632,-2,-0.052632,-2,36047026600,11204,0,193,172,185,0.122093,21,0.043243,8
266,2005,3,43,36,38,31,31,0.131579,5,0.387097,12,0.387097,12,36047026600,11204,0,189,211,193,-0.104265,-22,-0.020725,-4
266,2005,4,40,43,36,33,33,0.111111,4,0.212121,7,0.212121,7,36047026600,11204,0,207,190,189,0.089474,17,0.095238,18
266,2005,5,41,40,30,32,32,0.366667,11,0.28125,9,0.28125,9,36047026600,11204,1,188,184,153,0.021739,4,0.228758,35
266,2006,0,38,38,36,40,40,0.055556,2,-0.05,-2,-0.05,-2,36047026600,11204,0,209,209,165,0,0,0.266667,44
266,2006,1,38,38,36,46,46,0.055556,2,-0.173913,-8,-0.173913,-8,36047026600,11204,0,204,186,174,0.096774,18,0.172414,30
266,2006,2,33,38,36,45,45,-0.083333,-3,-0.266667,-12,-0.266667,-12,36047026600,11204,0,214,193,205,0.108808,21,0.043902,9
266,2006,3,38,33,43,40,40,-0.116279,-5,-0.05,-2,-0.05,-2,36047026600,11204,0,198,189,183,0.047619,9,0.081967,15
266,2006,4,48,38,40,27,27,0.2,8,0.777778,21,0.777778,21,36047026600,11204,0,189,207,190,-0.086957,-18,-0.005263,-1
266,2006,5,32,48,41,33,33,-0.219512,-9,-0.030303,-1,-0.030303,-1,36047026600,11204,1,206,188,194,0.095745,18,0.061856,12
266,2007,0,33,33,38,30,30,-0.131579,-5,0.1,3,0.1,3,36047026600,11204,1,176,209,190,-0.157895,-33,-0.073684,-14
266,2007,1,39,33,38,42,42,0.026316,1,-0.071429,-3,-0.071429,-3,36047026600,11204,0,204,204,184,0,0,0.108696,20
266,2007,2,38,39,33,46,46,0.151515,5,-0.173913,-8,-0.173913,-8,36047026600,11204,0,203,214,172,-0.051402,-11,0.180233,31
266,2007,3,29,38,38,38,38,-0.236842,-9,-0.236842,-9,-0.236842,-9,36047026600,11204,1,210,198,211,0.060606,12,-0.004739,-1
266,2007,4,37,29,48,36,36,-0.229167,-11,0.027778,1,0.027778,1,36047026600,11204,0,189,189,190,0,0,-0.005263,-1
266,2007,5,48,37,32,30,30,0.5,16,0.6,18,0.6,18,36047026600,11204,0,187,206,184,-0.092233,-19,0.016304,3
266,2008,0,36,36,33,36,36,0.090909,3,0,0,0,0,36047026600,11204,1,207,176,209,0.176136,31,-0.009569,-2
266,2008,1,30,36,39,36,36,-0.230769,-9,-0.166667,-6,-0.166667,-6,36047026600,11204,1,191,204,186,-0.063725,-13,0.026882,5
266,2008,2,35,30,38,36,36,-0.078947,-3,-0.027778,-1,-0.027778,-1,36047026600,11204,0,204,203,193,0.004926,1,0.056995,11
266,2008,3,32,35,29,43,43,0.103448,3,-0.255814,-11,-0.255814,-11,36047026600,11204,0,209,210,189,-0.004762,-1,0.10582,20
266,2008,4,29,32,37,40,40,-0.216216,-8,-0.275,-11,-0.275,-11,36047026600,11204,1,221,189,207,0.169312,32,0.067633,14
266,2008,5,39,29,48,41,41,-0.1875,-9,-0.04878,-2,-0.04878,-2,36047026600,11204,0,185,187,188,-0.010695,-2,-0.015957,-3
266,2009,0,46,46,36,38,38,0.277778,10,0.210526,8,0.210526,8,36047026600,11204,0,201,207,209,-0.028986,-6,-0.038278,-8
266,2009,1,34,46,30,38,38,0.133333,4,-0.105263,-4,-0.105263,-4,36047026600,11204,0,239,191,204,0.251309,48,0.171569,35
266,2009,2,34,34,35,33,33,-0.028571,-1,0.030303,1,0.030303,1,36047026600,11204,0,205,204,214,0.004902,1,-0.042056,-9
266,2009,3,32,34,32,38,38,0,0,-0.157895,-6,-0.157895,-6,36047026600,11204,0,214,209,198,0.023923,5,0.080808,16
266,2009,4,31,32,29,48,48,0.068966,2,-0.354167,-17,-0.354167,-17,36047026600,11204,0,219,221,189,-0.00905,-2,0.15873,30
266,2009,5,30,31,39,32,32,-0.230769,-9,-0.0625,-2,-0.0625,-2,36047026600,11204,0,217,185,206,0.172973,32,0.053398,11
266,2010,0,44,44,46,33,33,-0.043478,-2,0.333333,11,0.333333,11,36047026600,11204,0,238,201,176,0.18408,37,0.352273,62
266,2010,1,47,44,34,39,39,0.382353,13,0.205128,8,0.205128,8,36047026600,11204,0,205,239,204,-0.142259,-34,0.004902,1
266,2010,2,31,47,34,38,38,-0.088235,-3,-0.184211,-7,-0.184211,-7,36047026600,11204,0,255,205,203,0.243902,50,0.256158,52
266,2010,3,33,31,32,29,29,0.03125,1,0.137931,4,0.137931,4,36047026600,11204,0,206,214,210,-0.037383,-8,-0.019048,-4
266,2010,4,38,33,31,37,37,0.225806,7,0.027027,1,0.027027,1,36047026600,11204,0,228,219,189,0.041096,9,0.206349,39
266,2010,5,39,38,30,48,48,0.3,9,-0.1875,-9,-0.1875,-9,36047026600,11204,0,224,217,187,0.032258,7,0.197861,37
268,2001,0,36,36,36,36,36,0,0,0,0,0,0,36047026800,11204,0,164,164,164,0,0,0,0
268,2001,1,25,36,25,25,25,0,0,0,0,0,0,36047026800,11204,0,180,180,180,0,0,0,0
268,2001,2,33,25,33,33,33,0,0,0,0,0,0,36047026800,11204,1,170,170,170,0,0,0,0
268,2001,3,25,33,25,25,25,0,0,0,0,0,0,36047026800,11204,1,186,186,186,0,0,0,0
268,2001,4,21,25,21,21,21,0,0,0,0,0,0,36047026800,11204,1,133,133,133,0,0,0,0
268,2001,5,30,21,30,30,30,0,0,0,0,0,0,36047026800,11204,0,176,176,176,0,0,0,0
268,2002,0,24,24,36,24,24,-0.333333,-12,0,0,0,0,36047026800,11204,1,158,164,158,-0.036585,-6,0,0
268,2002,1,36,24,25,36,36,0.44,11,0,0,0,0,36047026800,11204,0,171,180,171,-0.05,-9,0,0
268,2002,2,29,36,33,29,29,-0.121212,-4,0,0,0,0,36047026800,11204,0,172,170,172,0.011765,2,0,0
268,2002,3,37,29,25,37,37,0.48,12,0,0,0,0,36047026800,11204,1,158,186,158,-0.150538,-28,0,0
268,2002,4,29,37,21,29,29,0.380952,8,0,0,0,0,36047026800,11204,1,179,133,179,0.345865,46,0,0
268,2002,5,17,29,30,17,17,-0.433333,-13,0,0,0,0,36047026800,11204,1,128,176,128,-0.272727,-48,0,0
268,2003,0,30,30,24,30,30,0.25,6,0,0,0,0,36047026800,11204,1,141,158,141,-0.107595,-17,0,0
268,2003,1,19,30,36,19,19,-0.472222,-17,0,0,0,0,36047026800,11204,1,166,171,166,-0.02924,-5,0,0
268,2003,2,39,19,29,39,39,0.344828,10,0,0,0,0,36047026800,11204,0,175,172,175,0.017442,3,0,0
268,2003,3,33,39,37,33,33,-0.108108,-4,0,0,0,0,36047026800,11204,0,165,158,165,0.044304,7,0,0
268,2003,4,32,33,29,32,32,0.103448,3,0,0,0,0,36047026800,11204,1,163,179,163,-0.089385,-16,0,0
268,2003,5,28,32,17,28,28,0.647059,11,0,0,0,0,36047026800,11204,1,181,128,181,0.414063,53,0,0
268,2004,0,31,31,30,36,36,0.033333,1,-0.138889,-5,-0.138889,-5,36047026800,11204,1,156,141,164,0.106383,15,-0.04878,-8
268,2004,1,37,31,19,25,25,0.947368,18,0.48,12,0.48,12,36047026800,11204,0,156,166,180,-0.060241,-10,-0.133333,-24
268,2004,2,20,37,39,33,33,-0.487179,-19,-0.393939,-13,-0.393939,-13,36047026800,11204,1,170,175,170,-0.028571,-5,0,0
268,2004,3,45,20,33,25,25,0.363636,12,0.8,20,0.8,20,36047026800,11204,0,163,165,186,-0.012121,-2,-0.123656,-23
268,2004,4,34,45,32,21,21,0.0625,2,0.619048,13,0.619048,13,36047026800,11204,0,170,163,133,0.042945,7,0.278195,37
268,2004,5,28,34,28,30,30,0,0,-0.066667,-2,-0.066667,-2,36047026800,11204,1,170,181,176,-0.060773,-11,-0.034091,-6
268,2005,0,38,38,31,24,24,0.225806,7,0.583333,14,0.583333,14,36047026800,11204,0,180,156,158,0.153846,24,0.139241,22
268,2005,1,33,38,37,36,36,-0.108108,-4,-0.083333,-3,-0.083333,-3,36047026800,11204,1,158,156,171,0.012821,2,-0.076023,-13
268,2005,2,35,33,20,29,29,0.75,15,0.206897,6,0.206897,6,36047026800,11204,1,161,170,172,-0.052941,-9,-0.063953,-11
268,2005,3,28,35,45,37,37,-0.377778,-17,-0.243243,-9,-0.243243,-9,36047026800,11204,1,176,163,158,0.079755,13,0.113924,18
268,2005,4,48,28,34,29,29,0.411765,14,0.655172,19,0.655172,19,36047026800,11204,0,171,170,179,0.005882,1,-0.044693,-8
268,2005,5,33,48,28,17,17,0.178571,5,0.941176,16,0.941176,16,36047026800,11204,0,176,170,128,0.035294,6,0.375,48
268,2006,0,47,47,38,30,30,0.236842,9,0.566667,17,0.566667,17,36047026800,11204,0,157,180,141,-0.127778,-23,0.113475,16
268,2006,1,39,47,33,19,19,0.181818,6,1.052632,20,1.052632,20,36047026800,11204,0,172,158,166,0.088608,14,0.036145,6
268,2006,2,41,39,35,39,39,0.171429,6,0.051282,2,0.051282,2,36047026800,11204,1,169,161,175,0.049689,8,-0.034286,-6
268,2006,3,36,41,28,33,33,0.285714,8,0.090909,3,0.090909,3,36047026800,11204,0,155,176,165,-0.119318,-21,-0.060606,-10
268,2006,4,33,36,48,32,32,-0.3125,-15,0.03125,1,0.03125,1,36047026800,11204,1,180,171,163,0.052632,9,0.104294,17
268,2006,5,44,33,33,28,28,0.333333,11,0.571429,16,0.571429,16,36047026800,11204,0,161,176,181,-0.085227,-15,-0.110497,-20
268,2007,0,38,38,47,31,31,-0.191489,-9,0.225806,7,0.225806,7,36047026800,11204,0,135,157,156,-0.140127,-22,-0.134615,-21
268,2007,1,46,38,39,37,37,0.179487,7,0.243243,9,0.243243,9,36047026800,11204,1,161,172,156,-0.063953,-11,0.032051,5
268,2007,2,39,46,41,20,20,-0.04878,-2,0.95,19,0.95,19,36047026800,11204,1,172,169,170,0.017751,3,0.011765,2
268,2007,3,43,39,36,45,45,0.194444,7,-0.044444,-2,-0.044444,-2,36047026800,11204,1,161,155,163,0.03871,6,-0.01227,-2
268,2007,4,35,43,33,34,34,0.060606,2,0.029412,1,0.029412,1,36047026800,11204,1,156,180,170,-0.133333,-24,-0.082353,-14
268,2007,5,35,35,44,28,28,-0.204545,-9,0.25,7,0.25,7,36047026800,11204,1,176,161,170,0.093168,15,0.035294,6
268,2008,0,44,44,38,38,38,0.157895,6,0.157895,6,0.157895,6,36047026800,11204,1,168,135,180,0.244444,33,-0.066667,-12
268,2008,1,39,44,46,33,33,-0.152174,-7,0.181818,6,0.181818,6,36047026800,11204,0,150,161,158,-0.068323,-11,-0.050633,-8
268,2008,2,49,39,39,35,35,0.25641,10,0.4,14,0.4,14,36047026800,11204,1,154,172,161,-0.104651,-18,-0.043478,-7
268,2008,3,37,49,43,28,28,-0.139535,-6,0.321429,9,0.321429,9,36047026800,11204,1,177,161,176,0.099379,16,0.005682,1
268,2008,4,40,37,35,48,48,0.142857,5,-0.166667,-8,-0.166667,-8,36047026800,11204,1,176,156,171,0.128205,20,0.02924,5
268,2008,5,38,40,35,33,33,0.085714,3,0.151515,5,0.151515,5,36047026800,11204,1,155,176,176,-0.119318,-21,-0.119318,-21
268,2009,0,40,40,44,47,47,-0.090909,-4,-0.148936,-7,-0.148936,-7,36047026800,11204,0,185,168,157,0.10119,17,0.178344,28
268,2009,1,53,40,39,39,39,0.358974,14,0.358974,14,0.358974,14,36047026800,11204,0,176,150,172,0.173333,26,0.023256,4
268,2009,2,48,53,49,41,41,-0.020408,-1,0.170732,7,0.170732,7,36047026800,11204,0,167,154,169,0.084416,13,-0.011834,-2
268,2009,3,52,48,37,36,36,0.405405,15,0.444444,16,0.444444,16,36047026800,11204,0,153,177,155,-0.135593,-24,-0.012903,-2
268,2009,4,42,52,40,33,33,0.05,2,0.272727,9,0.272727,9,36047026800,11204,0,175,176,180,-0.005682,-1,-0.027778,-5
268,2009,5,39,42,38,44,44,0.026316,1,-0.113636,-5,-0.113636,-5,36047026800,11204,0,175,155,161,0.129032,20,0.086957,14
268,2010,0,55,55,40,38,38,0.375,15,0.447368,17,0.447368,17,36047026800,11204,0,199,185,135,0.075676,14,0.474074,64
268,2010,1,40,55,53,46,46,-0.245283,-13,-0.130435,-6,-0.130435,-6,36047026800,11204,0,186,176,161,0.056818,10,0.15528,25
268,2010,2,61,40,48,39,39,0.270833,13,0.564103,22,0.564103,22,36047026800,11204,0,179,167,172,0.071856,12,0.040698,7
268,2010,3,46,61,52,43,43,-0.115385,-6,0.069767,3,0.069767,3,36047026800,11204,0,170,153,161,0.111111,17,0.055901,9
268,2010,4,55,46,42,35,35,0.309524,13,0.571429,20,0.571429,20,36047026800,11204,0,169,175,156,-0.034286,-6,0.083333,13
268,2010,5,44,55,39,35,35,0.128205,5,0.257143,9,0.257143,9,36047026800,11204,0,185,175,176,0.057143,10,0.051136,9
270,2001,0,2,2,2,2,2,0,0,0,0,0,0,36047027000,11214,0,69,69,69,0,0,0,0
270,2001,1,12,2,12,12,12,0,0,0,0,0,0,36047027000,11214,0,80,80,80,0,0,0,0
270,2001,2,6,12,6,6,6,0,0,0,0,0,0,36047027000,11214,0,90,90,90,0,0,0,0
270,2001,3,5,6,5,5,5,0,0,0,0,0,0,36047027000,11214,1,77,77,77,0,0,0,0
270,2001,4,3,5,3,3,3,0,0,0,0,0,0,36047027000,11214,1,57,57,57,0,0,0,0
270,2001,5,8,3,8,8,8,0,0,0,0,0,0,36047027000,11214,0,85,85,85,0,0,0,0
270,2002,0,8,8,2,8,8,3,6,0,0,0,0,36047027000,11214,0,64,69,64,-0.072464,-5,0,0
270,2002,1,2,8,12,2,2,-0.833333,-10,0,0,0,0,36047027000,11214,0,81,80,81,0.0125,1,0,0
270,2002,2,11,2,6,11,11,0.833333,5,0,0,0,0,36047027000,11214,0,74,90,74,-0.177778,-16,0,0
270,2002,3,6,11,5,6,6,0.2,1,0,0,0,0,36047027000,11214,0,83,77,83,0.077922,6,0,0
270,2002,4,7,6,3,7,7,1.333333,4,0,0,0,0,36047027000,11214,0,80,57,80,0.403509,23,0,0
270,2002,5,3,7,8,3,3,-0.625,-5,0,0,0,0,36047027000,11214,1,51,85,51,-0.4,-34,0,0
270,2003,0,4,4,8,4,4,-0.5,-4,0,0,0,0,36047027000,11214,0,73,64,73,0.140625,9,0,0
270,2003,1,9,4,2,9,9,3.5,7,0,0,0,0,36047027000,11214,0,60,81,60,-0.259259,-21,0,0
270,2003,2,2,9,11,2,2,-0.818182,-9,0,0,0,0,36047027000,11214,0,88,74,88,0.189189,14,0,0
270,2003,3,10,2,6,10,10,0.666667,4,0,0,0,0,36047027000,11214,0,81,83,81,-0.024096,-2,0,0
270,2003,4,7,10,7,7,7,0,0,0,0,0,0,36047027000,11214,0,87,80,87,0.0875,7,0,0
270,2003,5,8,7,3,8,8,1.666667,5,0,0,0,0,36047027000,11214,0,76,51,76,0.490196,25,0,0
270,2004,0,4,4,4,2,2,0,0,1,2,1,2,36047027000,11214,0,80,73,69,0.09589,7,0.15942,11
270,2004,1,4,4,9,12,12,-0.555556,-5,-0.666667,-8,-0.666667,-8,36047027000,11214,0,84,60,80,0.4,24,0.05,4
270,2004,2,8,4,2,6,6,3,6,0.333333,2,0.333333,2,36047027000,11214,0,57,88,90,-0.352273,-31,-0.366667,-33
270,2004,3,2,8,10,5,5,-0.8,-8,-0.6,-3,-0.6,-3,36047027000,11214,0,92,81,77,0.135802,11,0.194805,15
270,2004,4,9,2,7,3,3,0.285714,2,2,6,2,6,36047027000,11214,0,85,87,57,-0.022989,-2,0.491228,28
270,2004,5,7,9,8,8,8,-0.125,-1,-0.125,-1,-0.125,-1,36047027000,11214,0,80,76,85,0.052632,4,-0.058824,-5
270,2005,0,3,3,4,8,8,-0.25,-1,-0.625,-5,-0.625,-5,36047027000,11214,0,78,80,64,-0.025,-2,0.21875,14
270,2005,1,5,3,4,2,2,0.25,1,1.5,3,1.5,3,36047027000,11214,0,79,84,81,-0.059524,-5,-0.024691,-2
270,2005,2,3,5,8,11,11,-0.625,-5,-0.727273,-8,-0.727273,-8,36047027000,11214,0,78,57,74,0.368421,21,0.054054,4
270,2005,3,8,3,2,6,6,3,6,0.333333,2,0.333333,2,36047027000,11214,0,66,92,83,-0.282609,-26,-0.204819,-17
270,2005,4,3,8,9,7,7,-0.666667,-6,-0.571429,-4,-0.571429,-4,36047027000,11214,0,89,85,80,0.047059,4,0.1125,9
270,2005,5,8,3,7,3,3,0.142857,1,1.666667,5,1.666667,5,36047027000,11214,0,81,80,51,0.0125,1,0.588235,30
270,2006,0,5,5,3,4,4,0.666667,2,0.25,1,0.25,1,36047027000,11214,0,94,78,73,0.205128,16,0.287671,21
270,2006,1,5,5,5,9,9,0,0,-0.444444,-4,-0.444444,-4,36047027000,11214,0,83,79,60,0.050633,4,0.383333,23
270,2006,2,5,5,3,2,2,0.666667,2,1.5,3,1.5,3,36047027000,11214,0,85,78,88,0.089744,7,-0.034091,-3
270,2006,3,3,5,8,10,10,-0.625,-5,-0.7,-7,-0.7,-7,36047027000,11214,0,78,66,81,0.181818,12,-0.037037,-3
270,2006,4,11,3,3,7,7,2.666667,8,0.571429,4,0.571429,4,36047027000,11214,0,71,89,87,-0.202247,-18,-0.183908,-16
270,2006,5,4,11,8,8,8,-0.5,-4,-0.5,-4,-0.5,-4,36047027000,11214,0,82,81,76,0.012346,1,0.078947,6
270,2007,0,3,3,5,4,4,-0.4,-2,-0.25,-1,-0.25,-1,36047027000,11214,1,83,94,80,-0.117021,-11,0.0375,3
270,2007,1,6,3,5,4,4,0.2,1,0.5,2,0.5,2,36047027000,11214,0,92,83,84,0.108434,9,0.095238,8
270,2007,2,3,6,5,8,8,-0.4,-2,-0.625,-5,-0.625,-5,36047027000,11214,0,82,85,57,-0.035294,-3,0.438596,25
270,2007,3,4,3,3,2,2,0.333333,1,1,2,1,2,36047027000,11214,0,85,78,92,0.089744,7,-0.076087,-7
270,2007,4,3,4,11,9,9,-0.727273,-8,-0.666667,-6,-0.666667,-6,36047027000,11214,1,82,71,85,0.15493,11,-0.035294,-3
270,2007,5,8,3,4,7,7,1,4,0.142857,1,0.142857,1,36047027000,11214,0,75,82,80,-0.085366,-7,-0.0625,-5
270,2008,0,1,1,3,3,3,-0.666667,-2,-0.666667,-2,-0.666667,-2,36047027000,11214,1,84,83,78,0.012048,1,0.076923,6
270,2008,1,3,1,6,5,5,-0.5,-3,-0.4,-2,-0.4,-2,36047027000,11214,1,84,92,79,-0.086957,-8,0.063291,5
270,2008,2,4,3,3,3,3,0.333333,1,0.333333,1,0.333333,1,36047027000,11214,0,91,82,78,0.109756,9,0.166667,13
270,2008,3,5,4,4,8,8,0.25,1,-0.375,-3,-0.375,-3,36047027000,11214,0,80,85,66,-0.058824,-5,0.212121,14
270,2008,4,4,5,3,3,3,0.333333,1,0.333333,1,0.333333,1,36047027000,11214,0,81,82,89,-0.012195,-1,-0.089888,-8
270,2008,5,3,4,8,8,8,-0.625,-5,-0.625,-5,-0.625,-5,36047027000,11214,1,80,75,81,0.066667,5,-0.012346,-1
270,2009,0,9,9,1,5,5,8,8,0.8,4,0.8,4,36047027000,11214,0,85,84,94,0.011905,1,-0.095745,-9
270,2009,1,1,9,3,5,5,-0.666667,-2,-0.8,-4,-0.8,-4,36047027000,11214,0,101,84,83,0.202381,17,0.216867,18
270,2009,2,4,1,4,5,5,0,0,-0.2,-1,-0.2,-1,36047027000,11214,0,95,91,85,0.043956,4,0.117647,10
270,2009,3,6,4,5,3,3,0.2,1,1,3,1,3,36047027000,11214,0,98,80,78,0.225,18,0.25641,20
270,2009,4,7,6,4,11,11,0.75,3,-0.363636,-4,-0.363636,-4,36047027000,11214,0,86,81,71,0.061728,5,0.211268,15
270,2009,5,5,7,3,4,4,0.666667,2,0.25,1,0.25,1,36047027000,11214,0,89,80,82,0.1125,9,0.085366,7
270,2010,0,9,9,9,3,3,0,0,2,6,2,6,36047027000,11214,0,112,85,83,0.317647,27,0.349398,29
270,2010,1,10,9,1,6,6,9,9,0.666667,4,0.666667,4,36047027000,11214,0,93,101,92,-0.079208,-8,0.01087,1
270,2010,2,3,10,4,3,3,-0.25,-1,0,0,0,0,36047027000,11214,0,105,95,82,0.105263,10,0.280488,23
270,2010,3,4,3,6,4,4,-0.333333,-2,0,0,0,0,36047027000,11214,0,94,98,85,-0.040816,-4,0.105882,9
270,2010,4,6,4,7,3,3,-0.142857,-1,1,3,1,3,36047027000,11214,0,103,86,82,0.197674,17,0.256098,21
270,2010,5,6,6,5,8,8,0.2,1,-0.25,-2,-0.25,-2,36047027000,11214,0,89,89,75,0,0,0.186667,14
272,2001,0,19,19,19,19,19,0,0,0,0,0,0,36047027200,11214,1,122,122,122,0,0,0,0
272,2001,1,36,19,36,36,36,0,0,0,0,0,0,36047027200,11214,0,126,126,126,0,0,0,0
272,2001,2,37,36,37,37,37,0,0,0,0,0,0,36047027200,11214,0,108,108,108,0,0,0,0
272,2001,3,29,37,29,29,29,0,0,0,0,0,0,36047027200,11214,0,110,110,110,0,0,0,0
272,2001,4,20,29,20,20,20,0,0,0,0,0,0,36047027200,11214,1,91,91,91,0,0,0,0
272,2001,5,34,20,34,34,34,0,0,0,0,0,0,36047027200,11214,0,115,115,115,0,0,0,0
272,2002,0,22,22,19,22,22,0.157895,3,0,0,0,0,36047027200,11214,1,124,122,124,0.016393,2,0,0
272,2002,1,27,22,36,27,27,-0.25,-9,0,0,0,0,36047027200,11214,0,133,126,133,0.055556,7,0,0
272,2002,2,31,27,37,31,31,-0.162162,-6,0,0,0,0,36047027200,11214,0,124,108,124,0.148148,16,0,0
272,2002,3,32,31,29,32,32,0.103448,3,0,0,0,0,36047027200,11214,0,109,110,109,-0.009091,-1,0,0
272,2002,4,33,32,20,33,33,0.65,13,0,0,0,0,36047027200,11214,0,114,91,114,0.252747,23,0,0
272,2002,5,17,33,34,17,17,-0.5,-17,0,0,0,0,36047027200,11214,1,91,115,91,-0.208696,-24,0,0
272,2003,0,24,24,22,24,24,0.090909,2,0,0,0,0,36047027200,11214,0,112,124,112,-0.096774,-12,0,0
272,2003,1,20,24,27,20,20,-0.259259,-7,0,0,0,0,36047027200,11214,1,129,133,129,-0.030075,-4,0,0
272,2003,2,30,20,31,30,30,-0.032258,-1,0,0,0,0,36047027200,11214,0,137,124,137,0.104839,13,0,0
272,2003,3,29,30,32,29,29,-0.09375,-3,0,0,0,0,36047027200,11214,0,129,109,129,0.183486,20,0,0
272,2003,4,37,29,33,37,37,0.121212,4,0,0,0,0,36047027200,11214,0,104,114,104,-0.087719,-10,0,0
272,2003,5,29,37,17,29,29,0.705882,12,0,0,0,0,36047027200,11214,0,114,91,114,0.252747,23,0,0
272,2004,0,25,25,24,19,19,0.041667,1,0.315789,6,0.315789,6,36047027200,11214,0,113,112,122,0.008929,1,-0.07377,-9
272,2004,1,26,25,20,36,36,0.3,6,-0.277778,-10,-0.277778,-10,36047027200,11214,0,122,129,126,-0.054264,-7,-0.031746,-4
272,2004,2,18,26,30,37,37,-0.4,-12,-0.513514,-19,-0.513514,-19,36047027200,11214,1,133,137,108,-0.029197,-4,0.231481,25
272,2004,3,31,18,29,29,29,0.068966,2,0.068966,2,0.068966,2,36047027200,11214,0,128,129,110,-0.007752,-1,0.163636,18
272,2004,4,32,31,37,20,20,-0.135135,-5,0.6,12,0.6,12,36047027200,11214,0,126,104,91,0.211538,22,0.384615,35
272,2004,5,33,32,29,34,34,0.137931,4,-0.029412,-1,-0.029412,-1,36047027200,11214,0,107,114,115,-0.061404,-7,-0.069565,-8
272,2005,0,24,24,25,22,22,-0.04,-1,0.090909,2,0.090909,2,36047027200,11214,0,127,113,124,0.123894,14,0.024194,3
272,2005,1,23,24,26,27,27,-0.115385,-3,-0.148148,-4,-0.148148,-4,36047027200,11214,0,125,122,133,0.02459,3,-0.06015,-8
272,2005,2,22,23,18,31,31,0.222222,4,-0.290323,-9,-0.290323,-9,36047027200,11214,1,122,133,124,-0.082707,-11,-0.016129,-2
272,2005,3,21,22,31,32,32,-0.322581,-10,-0.34375,-11,-0.34375,-11,36047027200,11214,0,137,128,109,0.070313,9,0.256881,28
272,2005,4,27,21,32,33,33,-0.15625,-5,-0.181818,-6,-0.181818,-6,36047027200,11214,0,138,126,114,0.095238,12,0.210526,24
272,2005,5,30,27,33,17,17,-0.090909,-3,0.764706,13,0.764706,13,36047027200,11214,0,137,107,91,0.280374,30,0.505495,46
272,2006,0,17,17,24,24,24,-0.291667,-7,-0.291667,-7,-0.291667,-7,36047027200,11214,1,147,127,112,0.15748,20,0.3125,35
272,2006,1,27,17,23,20,20,0.173913,4,0.35,7,0.35,7,36047027200,11214,0,133,125,129,0.064,8,0.031008,4
272,2006,2,26,27,22,30,30,0.181818,4,-0.133333,-4,-0.133333,-4,36047027200,11214,0,132,122,137,0.081967,10,-0.036496,-5
272,2006,3,22,26,21,29,29,0.047619,1,-0.241379,-7,-0.241379,-7,36047027200,11214,1,124,137,129,-0.094891,-13,-0.03876,-5
272,2006,4,20,22,27,37,37,-0.259259,-7,-0.459459,-17,-0.459459,-17,36047027200,11214,1,149,138,104,0.07971,11,0.432692,45
272,2006,5,27,20,30,29,29,-0.1,-3,-0.068966,-2,-0.068966,-2,36047027200,11214,0,125,137,114,-0.087591,-12,0.096491,11
272,2007,0,21,21,17,25,25,0.235294,4,-0.16,-4,-0.16,-4,36047027200,11214,1,129,147,113,-0.122449,-18,0.141593,16
272,2007,1,18,21,27,26,26,-0.333333,-9,-0.307692,-8,-0.307692,-8,36047027200,11214,1,145,133,122,0.090226,12,0.188525,23
272,2007,2,26,18,26,18,18,0,0,0.444444,8,0.444444,8,36047027200,11214,0,133,132,133,0.007576,1,0,0
272,2007,3,23,26,22,31,31,0.045455,1,-0.258065,-8,-0.258065,-8,36047027200,11214,0,123,124,128,-0.008065,-1,-0.039063,-5
272,2007,4,23,23,20,32,32,0.15,3,-0.28125,-9,-0.28125,-9,36047027200,11214,1,121,149,126,-0.187919,-28,-0.039683,-5
272,2007,5,22,23,27,33,33,-0.185185,-5,-0.333333,-11,-0.333333,-11,36047027200,11214,1,144,125,107,0.152,19,0.345794,37
272,2008,0,26,26,21,24,24,0.238095,5,0.083333,2,0.083333,2,36047027200,11214,1,131,129,127,0.015504,2,0.031496,4
272,2008,1,21,26,18,23,23,0.166667,3,-0.086957,-2,-0.086957,-2,36047027200,11214,1,136,145,125,-0.062069,-9,0.088,11
272,2008,2,17,21,26,22,22,-0.346154,-9,-0.227273,-5,-0.227273,-5,36047027200,11214,1,139,133,122,0.045113,6,0.139344,17
272,2008,3,27,17,23,21,21,0.173913,4,0.285714,6,0.285714,6,36047027200,11214,0,131,123,137,0.065041,8,-0.043796,-6
272,2008,4,24,27,23,27,27,0.043478,1,-0.111111,-3,-0.111111,-3,36047027200,11214,0,127,121,138,0.049587,6,-0.07971,-11
272,2008,5,19,24,22,30,30,-0.136364,-3,-0.366667,-11,-0.366667,-11,36047027200,11214,1,125,144,137,-0.131944,-19,-0.087591,-12
272,2009,0,24,24,26,17,17,-0.076923,-2,0.411765,7,0.411765,7,36047027200,11214,0,142,131,147,0.083969,11,-0.034014,-5
272,2009,1,28,24,21,27,27,0.333333,7,0.037037,1,0.037037,1,36047027200,11214,0,145,136,133,0.066176,9,0.090226,12
272,2009,2,24,28,17,26,26,0.411765,7,-0.076923,-2,-0.076923,-2,36047027200,11214,0,151,139,132,0.086331,12,0.143939,19
272,2009,3,20,24,27,22,22,-0.259259,-7,-0.090909,-2,-0.090909,-2,36047027200,11214,0,140,131,124,0.068702,9,0.129032,16
272,2009,4,29,20,24,20,20,0.208333,5,0.45,9,0.45,9,36047027200,11214,0,129,127,149,0.015748,2,-0.134228,-20
272,2009,5,29,29,19,27,27,0.526316,10,0.074074,2,0.074074,2,36047027200,11214,0,125,125,125,0,0,0,0
272,2010,0,30,30,24,21,21,0.25,6,0.428571,9,0.428571,9,36047027200,11214,0,173,142,129,0.21831,31,0.341085,44
272,2010,1,24,30,28,18,18,-0.142857,-4,0.333333,6,0.333333,6,36047027200,11214,0,156,145,145,0.075862,11,0.075862,11
272,2010,2,25,24,24,26,26,0.041667,1,-0.038462,-1,-0.038462,-1,36047027200,11214,0,158,151,133,0.046358,7,0.18797,25
272,2010,3,24,25,20,23,23,0.2,4,0.043478,1,0.043478,1,36047027200,11214,0,147,140,123,0.05,7,0.195122,24
272,2010,4,22,24,29,23,23,-0.241379,-7,-0.043478,-1,-0.043478,-1,36047027200,11214,0,155,129,121,0.20155,26,0.280992,34
272,2010,5,30,22,29,22,22,0.034483,1,0.363636,8,0.363636,8,36047027200,11214,0,142,125,144,0.136,17,-0.013889,-2
274,2001,0,18,18,18,18,18,0,0,0,0,0,0,36047027400,11204,0,198,198,198,0,0,0,0
274,2001,1,22,18,22,22,22,0,0,0,0,0,0,36047027400,11204,0,198,198,198,0,0,0,0
274,2001,2,23,22,23,23,23,0,0,0,0,0,0,36047027400,11204,0,206,206,206,0,0,0,0
274,2001,3,29,23,29,29,29,0,0,0,0,0,0,36047027400,11204,0,170,170,170,0,0,0,0
274,2001,4,15,29,15,15,15,0,0,0,0,0,0,36047027400,11204,1,164,164,164,0,0,0,0
274,2001,5,24,15,24,24,24,0,0,0,0,0,0,36047027400,11204,0,199,199,199,0,0,0,0
274,2002,0,20,20,18,20,20,0.111111,2,0,0,0,0,36047027400,11204,1,176,198,176,-0.111111,-22,0,0
274,2002,1,22,20,22,22,22,0,0,0,0,0,0,36047027400,11204,1,208,198,208,0.050505,10,0,0
274,2002,2,25,22,23,25,25,0.086957,2,0,0,0,0,36047027400,11204,0,191,206,191,-0.072816,-15,0,0
274,2002,3,20,25,29,20,20,-0.310345,-9,0,0,0,0,36047027400,11204,0,197,170,197,0.158824,27,0,0
274,2002,4,27,20,15,27,27,0.8,12,0,0,0,0,36047027400,11204,0,184,164,184,0.121951,20,0,0
274,2002,5,17,27,24,17,17,-0.291667,-7,0,0,0,0,36047027400,11204,1,158,199,158,-0.20603,-41,0,0
274,2003,0,19,19,20,19,19,-0.05,-1,0,0,0,0,36047027400,11204,1,190,176,190,0.079545,14,0,0
274,2003,1,23,19,22,23,23,0.045455,1,0,0,0,0,36047027400,11204,0,181,208,181,-0.129808,-27,0,0
274,2003,2,22,23,25,22,22,-0.12,-3,0,0,0,0,36047027400,11204,1,215,191,215,0.125654,24,0,0
274,2003,3,20,22,20,20,20,0,0,0,0,0,0,36047027400,11204,1,202,197,202,0.025381,5,0,0
274,2003,4,20,20,27,20,20,-0.259259,-7,0,0,0,0,36047027400,11204,0,187,184,187,0.016304,3,0,0
274,2003,5,26,20,17,26,26,0.529412,9,0,0,0,0,36047027400,11204,0,178,158,178,0.126582,20,0,0
274,2004,0,23,23,19,18,18,0.210526,4,0.277778,5,0.277778,5,36047027400,11204,1,191,190,198,0.005263,1,-0.035354,-7
274,2004,1,25,23,23,22,22,0.086957,2,0.136364,3,0.136364,3,36047027400,11204,1,213,181,198,0.176796,32,0.075758,15
274,2004,2,26,25,22,23,23,0.181818,4,0.130435,3,0.130435,3,36047027400,11204,1,178,215,206,-0.172093,-37,-0.135922,-28
274,2004,3,17,26,20,29,29,-0.15,-3,-0.413793,-12,-0.413793,-12,36047027400,11204,1,217,202,170,0.074257,15,0.276471,47
274,2004,4,21,17,20,15,15,0.05,1,0.4,6,0.4,6,36047027400,11204,1,206,187,164,0.101604,19,0.256098,42
274,2004,5,25,21,26,24,24,-0.038462,-1,0.041667,1,0.041667,1,36047027400,11204,0,185,178,199,0.039326,7,-0.070352,-14
274,2005,0,33,33,23,20,20,0.434783,10,0.65,13,0.65,13,36047027400,11204,0,204,191,176,0.068063,13,0.159091,28
274,2005,1,24,33,25,22,22,-0.04,-1,0.090909,2,0.090909,2,36047027400,11204,0,191,213,208,-0.103286,-22,-0.081731,-17
274,2005,2,33,24,26,25,25,0.269231,7,0.32,8,0.32,8,36047027400,11204,0,190,178,191,0.067416,12,-0.005236,-1
274,2005,3,29,33,17,20,20,0.705882,12,0.45,9,0.45,9,36047027400,11204,0,197,217,197,-0.092166,-20,0,0
274,2005,4,20,29,21,27,27,-0.047619,-1,-0.259259,-7,-0.259259,-7,36047027400,11204,1,227,206,184,0.101942,21,0.233696,43
274,2005,5,28,20,25,17,17,0.12,3,0.647059,11,0.647059,11,36047027400,11204,0,203,185,158,0.097297,18,0.28481,45
274,2006,0,27,27,33,19,19,-0.181818,-6,0.421053,8,0.421053,8,36047027400,11204,0,199,204,190,-0.02451,-5,0.047368,9
274,2006,1,28,27,24,23,23,0.166667,4,0.217391,5,0.217391,5,36047027400,11204,1,219,191,181,0.146597,28,0.209945,38
274,2006,2,32,28,33,22,22,-0.030303,-1,0.454545,10,0.454545,10,36047027400,11204,0,194,190,215,0.021053,4,-0.097674,-21
274,2006,3,31,32,29,20,20,0.068966,2,0.55,11,0.55,11,36047027400,11204,1,192,197,202,-0.025381,-5,-0.049505,-10
274,2006,4,30,31,20,20,20,0.5,10,0.5,10,0.5,10,36047027400,11204,1,199,227,187,-0.123348,-28,0.064171,12
274,2006,5,21,30,28,26,26,-0.25,-7,-0.192308,-5,-0.192308,-5,36047027400,11204,1,213,203,178,0.049261,10,0.196629,35
274,2007,0,24,24,27,23,23,-0.111111,-3,0.043478,1,0.043478,1,36047027400,11204,1,185,199,191,-0.070352,-14,-0.031414,-6
274,2007,1,26,24,28,25,25,-0.071429,-2,0.04,1,0.04,1,36047027400,11204,0,217,219,213,-0.009132,-2,0.018779,4
274,2007,2,29,26,32,26,26,-0.09375,-3,0.115385,3,0.115385,3,36047027400,11204,1,219,194,178,0.128866,25,0.230337,41
274,2007,3,29,29,31,17,17,-0.064516,-2,0.705882,12,0.705882,12,36047027400,11204,0,188,192,217,-0.020833,-4,-0.133641,-29
274,2007,4,28,29,30,21,21,-0.066667,-2,0.333333,7,0.333333,7,36047027400,11204,0,191,199,206,-0.040201,-8,-0.072816,-15
274,2007,5,27,28,21,25,25,0.285714,6,0.08,2,0.08,2,36047027400,11204,1,216,213,185,0.014085,3,0.167568,31
274,2008,0,26,26,24,33,33,0.083333,2,-0.212121,-7,-0.212121,-7,36047027400,11204,1,208,185,204,0.124324,23,0.019608,4
274,2008,1,33,26,26,24,24,0.269231,7,0.375,9,0.375,9,36047027400,11204,0,196,217,191,-0.096774,-21,0.026178,5
274,2008,2,25,33,29,33,33,-0.137931,-4,-0.242424,-8,-0.242424,-8,36047027400,11204,1,220,219,190,0.004566,1,0.157895,30
274,2008,3,35,25,29,29,29,0.206897,6,0.206897,6,0.206897,6,36047027400,11204,0,214,188,197,0.138298,26,0.086294,17
274,2008,4,34,35,28,20,20,0.214286,6,0.7,14,0.7,14,36047027400,11204,0,181,191,227,-0.052356,-10,-0.202643,-46
274,2008,5,24,34,27,28,28,-0.111111,-3,-0.142857,-4,-0.142857,-4,36047027400,11204,1,195,216,203,-0.097222,-21,-0.039409,-8
274,2009,0,27,27,26,27,27,0.038462,1,0,0,0,0,36047027400,11204,0,236,208,199,0.134615,28,0.18593,37
274,2009,1,26,27,33,28,28,-0.212121,-7,-0.071429,-2,-0.071429,-2,36047027400,11204,0,235,196,219,0.19898,39,0.073059,16
274,2009,2,33,26,25,32,32,0.32,8,0.03125,1,0.03125,1,36047027400,11204,0,211,220,194,-0.040909,-9,0.087629,17
274,2009,3,23,33,35,31,31,-0.342857,-12,-0.258065,-8,-0.258065,-8,36047027400,11204,0,220,214,192,0.028037,6,0.145833,28
274,2009,4,30,23,34,30,30,-0.117647,-4,0,0,0,0,36047027400,11204,0,225,181,199,0.243094,44,0.130653,26
274,2009,5,35,30,24,21,21,0.458333,11,0.666667,14,0.666667,14,36047027400,11204,0,195,195,213,0,0,-0.084507,-18
274,2010,0,31,31,27,24,24,0.148148,4,0.291667,7,0.291667,7,36047027400,11204,0,275,236,185,0.165254,39,0.486486,90
274,2010,1,31,31,26,26,26,0.192308,5,0.192308,5,0.192308,5,36047027400,11204,0,252,235,217,0.07234,17,0.16129,35
274,2010,2,32,31,33,29,29,-0.030303,-1,0.103448,3,0.103448,3,36047027400,11204,0,245,211,219,0.161137,34,0.118721,26
274,2010,3,37,32,23,29,29,0.608696,14,0.275862,8,0.275862,8,36047027400,11204,0,209,220,188,-0.05,-11,0.111702,21
274,2010,4,28,37,30,28,28,-0.066667,-2,0,0,0,0,36047027400,11204,0,238,225,191,0.057778,13,0.246073,47
274,2010,5,35,28,35,27,27,0,0,0.296296,8,0.296296,8,36047027400,11204,0,228,195,216,0.169231,33,0.055556,12
276,2001,0,36,36,36,36,36,0,0,0,0,0,0,36047027600,11214,0,163,163,163,0,0,0,0
276,2001,1,37,36,37,37,37,0,0,0,0,0,0,36047027600,11214,0,157,157,157,0,0,0,0
276,2001,2,30,37,30,30,30,0,0,0,0,0,0,36047027600,11214,1,174,174,174,0,0,0,0
276,2001,3,25,30,25,25,25,0,0,0,0,0,0,36047027600,11214,1,160,160,160,0,0,0,0
276,2001,4,27,25,27,27,27,0,0,0,0,0,0,36047027600,11214,0,143,143,143,0,0,0,0
276,2001,5,33,27,33,33,33,0,0,0,0,0,0,36047027600,11214,0,161,161,161,0,0,0,0
276,2002,0,23,23,36,23,23,-0.361111,-13,0,0,0,0,36047027600,11214,1,170,163,170,0.042945,7,0,0
276,2002,1,41,23,37,41,41,0.108108,4,0,0,0,0,36047027600,11214,0,160,157,160,0.019108,3,0,0
276,2002,2,32,41,30,32,32,0.066667,2,0,0,0,0,36047027600,11214,0,171,174,171,-0.017241,-3,0,0
276,2002,3,27,32,25,27,27,0.08,2,0,0,0,0,36047027600,11214,1,175,160,175,0.09375,15,0,0
276,2002,4,22,27,27,22,22,-0.185185,-5,0,0,0,0,36047027600,11214,1,163,143,163,0.13986,20,0,0
276,2002,5,27,22,33,27,27,-0.181818,-6,0,0,0,0,36047027600,11214,0,148,161,148,-0.080745,-13,0,0
276,2003,0,23,23,23,23,23,0,0,0,0,0,0,36047027600,11214,1,157,170,157,-0.076471,-13,0,0
276,2003,1,26,23,41,26,26,-0.365854,-15,0,0,0,0,36047027600,11214,1,176,160,176,0.1,16,0,0
276,2003,2,43,26,32,43,43,0.34375,11,0,0,0,0,36047027600,11214,0,146,171,146,-0.146199,-25,0,0
276,2003,3,30,43,27,30,30,0.111111,3,0,0,0,0,36047027600,11214,0,180,175,180,0.028571,5,0,0
276,2003,4,27,30,22,27,27,0.227273,5,0,0,0,0,36047027600,11214,1,160,163,160,-0.018405,-3,0,0
276,2003,5,18,27,27,18,18,-0.333333,-9,0,0,0,0,36047027600,11214,1,168,148,168,0.135135,20,0,0
276,2004,0,40,40,23,36,36,0.73913,17,0.111111,4,0.111111,4,36047027600,11214,0,155,157,163,-0.012739,-2,-0.04908,-8
276,2004,1,27,40,26,37,37,0.038462,1,-0.27027,-10,-0.27027,-10,36047027600,11214,1,171,176,157,-0.028409,-5,0.089172,14
276,2004,2,24,27,43,30,30,-0.44186,-19,-0.2,-6,-0.2,-6,36047027600,11214,1,172,146,174,0.178082,26,-0.011494,-2
276,2004,3,40,24,30,25,25,0.333333,10,0.6,15,0.6,15,36047027600,11214,0,153,180,160,-0.15,-27,-0.04375,-7
276,2004,4,29,40,27,27,27,0.074074,2,0.074074,2,0.074074,2,36047027600,11214,0,186,160,143,0.1625,26,0.300699,43
276,2004,5,29,29,18,33,33,0.611111,11,-0.121212,-4,-0.121212,-4,36047027600,11214,1,160,168,161,-0.047619,-8,-0.006211,-1
276,2005,0,32,32,40,23,23,-0.2,-8,0.391304,9,0.391304,9,36047027600,11214,0,160,155,170,0.032258,5,-0.058824,-10
276,2005,1,40,32,27,41,41,0.481481,13,-0.02439,-1,-0.02439,-1,36047027600,11214,0,153,171,160,-0.105263,-18,-0.04375,-7
276,2005,2,29,40,24,32,32,0.208333,5,-0.09375,-3,-0.09375,-3,36047027600,11214,1,173,172,171,0.005814,1,0.011696,2
276,2005,3,26,29,40,27,27,-0.35,-14,-0.037037,-1,-0.037037,-1,36047027600,11214,1,184,153,175,0.202614,31,0.051429,9
276,2005,4,41,26,29,22,22,0.413793,12,0.863636,19,0.863636,19,36047027600,11214,0,167,186,163,-0.102151,-19,0.02454,4
276,2005,5,28,41,29,27,27,-0.034483,-1,0.037037,1,0.037037,1,36047027600,11214,1,188,160,148,0.175,28,0.27027,40
276,2006,0,29,29,32,23,23,-0.09375,-3,0.26087,6,0.26087,6,36047027600,11214,1,166,160,157,0.0375,6,0.057325,9
276,2006,1,33,29,40,26,26,-0.175,-7,0.269231,7,0.269231,7,36047027600,11214,0,181,153,176,0.183007,28,0.028409,5
276,2006,2,40,33,29,43,43,0.37931,11,-0.069767,-3,-0.069767,-3,36047027600,11214,0,147,173,146,-0.150289,-26,0.006849,1
276,2006,3,32,40,26,30,30,0.230769,6,0.066667,2,0.066667,2,36047027600,11214,0,176,184,180,-0.043478,-8,-0.022222,-4
276,2006,4,29,32,41,27,27,-0.292683,-12,0.074074,2,0.074074,2,36047027600,11214,1,173,167,160,0.035928,6,0.08125,13
276,2006,5,44,29,28,18,18,0.571429,16,1.444444,26,1.444444,26,36047027600,11214,0,162,188,168,-0.138298,-26,-0.035714,-6
276,2007,0,22,22,29,40,40,-0.241379,-7,-0.45,-18,-0.45,-18,36047027600,11214,1,165,166,155,-0.006024,-1,0.064516,10
276,2007,1,33,22,33,27,27,0,0,0.222222,6,0.222222,6,36047027600,11214,1,183,181,171,0.01105,2,0.070175,12
276,2007,2,32,33,40,24,24,-0.2,-8,0.333333,8,0.333333,8,36047027600,11214,0,182,147,172,0.238095,35,0.05814,10
276,2007,3,39,32,32,40,40,0.21875,7,-0.025,-1,-0.025,-1,36047027600,11214,0,150,176,153,-0.147727,-26,-0.019608,-3
276,2007,4,30,39,29,29,29,0.034483,1,0.034483,1,0.034483,1,36047027600,11214,1,176,173,186,0.017341,3,-0.053763,-10
276,2007,5,35,30,44,29,29,-0.204545,-9,0.206897,6,0.206897,6,36047027600,11214,0,175,162,160,0.080247,13,0.09375,15
276,2008,0,37,37,22,32,32,0.681818,15,0.15625,5,0.15625,5,36047027600,11214,1,161,165,160,-0.024242,-4,0.00625,1
276,2008,1,32,37,33,40,40,-0.030303,-1,-0.2,-8,-0.2,-8,36047027600,11214,1,181,183,153,-0.010929,-2,0.183007,28
276,2008,2,37,32,32,29,29,0.15625,5,0.275862,8,0.275862,8,36047027600,11214,1,181,182,173,-0.005495,-1,0.046243,8
276,2008,3,33,37,39,26,26,-0.153846,-6,0.269231,7,0.269231,7,36047027600,11214,0,191,150,184,0.273333,41,0.038043,7
276,2008,4,34,33,30,41,41,0.133333,4,-0.170732,-7,-0.170732,-7,36047027600,11214,1,153,176,167,-0.130682,-23,-0.083832,-14
276,2008,5,34,34,35,28,28,-0.028571,-1,0.214286,6,0.214286,6,36047027600,11214,0,166,175,188,-0.051429,-9,-0.117021,-22
276,2009,0,46,46,37,29,29,0.243243,9,0.586207,17,0.586207,17,36047027600,11214,0,191,161,166,0.186335,30,0.150602,25
276,2009,1,43,46,32,33,33,0.34375,11,0.30303,10,0.30303,10,36047027600,11214,0,183,181,181,0.01105,2,0.01105,2
276,2009,2,34,43,37,40,40,-0.081081,-3,-0.15,-6,-0.15,-6,36047027600,11214,0,181,181,147,0,0,0.231293,34
276,2009,3,37,34,33,32,32,0.121212,4,0.15625,5,0.15625,5,36047027600,11214,0,184,191,176,-0.036649,-7,0.045455,8
276,2009,4,34,37,34,29,29,0,0,0.172414,5,0.172414,5,36047027600,11214,0,192,153,173,0.254902,39,0.109827,19
276,2009,5,34,34,34,44,44,0,0,-0.227273,-10,-0.227273,-10,36047027600,11214,0,170,166,162,0.024096,4,0.049383,8
276,2010,0,51,51,46,22,22,0.108696,5,1.318182,29,1.318182,29,36047027600,11214,0,239,191,165,0.251309,48,0.448485,74
276,2010,1,49,51,43,33,33,0.139535,6,0.484848,16,0.484848,16,36047027600,11214,0,214,183,183,0.169399,31,0.169399,31
276,2010,2,44,49,34,32,32,0.294118,10,0.375,12,0.375,12,36047027600,11214,0,195,181,182,0.077348,14,0.071429,13
276,2010,3,31,44,37,39,39,-0.162162,-6,-0.205128,-8,-0.205128,-8,36047027600,11214,0,192,184,150,0.043478,8,0.28,42
276,2010,4,39,31,34,30,30,0.147059,5,0.3,9,0.3,9,36047027600,11214,0,187,192,176,-0.026042,-5,0.0625,11
276,2010,5,31,39,34,35,35,-0.088235,-3,-0.114286,-4,-0.114286,-4,36047027600,11214,0,197,170,175,0.158824,27,0.125714,22
278,2001,0,20,20,20,20,20,0,0,0,0,0,0,36047027800,11214,0,173,173,173,0,0,0,0
278,2001,1,24,20,24,24,24,0,0,0,0,0,0,36047027800,11214,1,152,152,152,0,0,0,0
278,2001,2,20,24,20,20,20,0,0,0,0,0,0,36047027800,11214,0,160,160,160,0,0,0,0
278,2001,3,21,20,21,21,21,0,0,0,0,0,0,36047027800,11214,1,132,132,132,0,0,0,0
278,2001,4,27,21,27,27,27,0,0,0,0,0,0,36047027800,11214,0,128,128,128,0,0,0,0
278,2001,5,23,27,23,23,23,0,0,0,0,0,0,36047027800,11214,0,143,143,143,0,0,0,0
278,2002,0,29,29,20,29,29,0.45,9,0,0,0,0,36047027800,11214,0,156,173,156,-0.098266,-17,0,0
278,2002,1,20,29,24,20,20,-0.166667,-4,0,0,0,0,36047027800,11214,1,175,152,175,0.151316,23,0,0
278,2002,2,27,20,20,27,27,0.35,7,0,0,0,0,36047027800,11214,0,156,160,156,-0.025,-4,0,0
278,2002,3,22,27,21,22,22,0.047619,1,0,0,0,0,36047027800,11214,0,166,132,166,0.257576,34,0,0
278,2002,4,22,22,27,22,22,-0.185185,-5,0,0,0,0,36047027800,11214,1,132,128,132,0.03125,4,0,0
278,2002,5,27,22,23,27,27,0.173913,4,0,0,0,0,36047027800,11214,0,132,143,132,-0.076923,-11,0,0
278,2003,0,22,22,29,22,22,-0.241379,-7,0,0,0,0,36047027800,11214,0,139,156,139,-0.108974,-17,0,0
278,2003,1,29,22,20,29,29,0.45,9,0,0,0,0,36047027800,11214,0,164,175,164,-0.062857,-11,0,0
278,2003,2,18,29,27,18,18,-0.333333,-9,0,0,0,0,36047027800,11214,1,167,156,167,0.070513,11,0,0
278,2003,3,30,18,22,30,30,0.363636,8,0,0,0,0,36047027800,11214,0,158,166,158,-0.048193,-8,0,0
278,2003,4,21,30,22,21,21,-0.045455,-1,0,0,0,0,36047027800,11214,0,158,132,158,0.19697,26,0,0
278,2003,5,21,21,27,21,21,-0.222222,-6,0,0,0,0,36047027800,11214,1,131,132,131,-0.007576,-1,0,0
278,2004,0,25,25,22,20,20,0.136364,3,0.25,5,0.25,5,36047027800,11214,0,154,139,173,0.107914,15,-0.109827,-19
278,2004,1,23,25,29,24,24,-0.206897,-6,-0.041667,-1,-0.041667,-1,36047027800,11214,0,143,164,152,-0.128049,-21,-0.059211,-9
278,2004,2,27,23,18,20,20,0.5,9,0.35,7,0.35,7,36047027800,11214,0,154,167,160,-0.077844,-13,-0.0375,-6
278,2004,3,14,27,30,21,21,-0.533333,-16,-0.333333,-7,-0.333333,-7,36047027800,11214,1,173,158,132,0.094937,15,0.310606,41
278,2004,4,33,14,21,27,27,0.571429,12,0.222222,6,0.222222,6,36047027800,11214,0,161,158,128,0.018987,3,0.257813,33
278,2004,5,21,33,21,23,23,0,0,-0.086957,-2,-0.086957,-2,36047027800,11214,0,156,131,143,0.19084,25,0.090909,13
278,2005,0,13,13,25,29,29,-0.48,-12,-0.551724,-16,-0.551724,-16,36047027800,11214,1,148,154,156,-0.038961,-6,-0.051282,-8
278,2005,1,27,13,23,20,20,0.173913,4,0.35,7,0.35,7,36047027800,11214,0,152,143,175,0.062937,9,-0.131429,-23
278,2005,2,26,27,27,27,27,-0.037037,-1,-0.037037,-1,-0.037037,-1,36047027800,11214,0,137,154,156,-0.11039,-17,-0.121795,-19
278,2005,3,29,26,14,22,22,1.071429,15,0.318182,7,0.318182,7,36047027800,11214,0,157,173,166,-0.092486,-16,-0.054217,-9
278,2005,4,19,29,33,22,22,-0.424242,-14,-0.136364,-3,-0.136364,-3,36047027800,11214,1,183,161,132,0.136646,22,0.386364,51
278,2005,5,30,19,21,27,27,0.428571,9,0.111111,3,0.111111,3,36047027800,11214,0,168,156,132,0.076923,12,0.272727,36
278,2006,0,19,19,13,22,22,0.461538,6,-0.136364,-3,-0.136364,-3,36047027800,11214,1,148,148,139,0,0,0.064748,9
278,2006,1,25,19,27,29,29,-0.074074,-2,-0.137931,-4,-0.137931,-4,36047027800,11214,1,163,152,164,0.072368,11,-0.006098,-1
278,2006,2,21,25,26,18,18,-0.192308,-5,0.166667,3,0.166667,3,36047027800,11214,1,147,137,167,0.072993,10,-0.11976,-20
278,2006,3,27,21,29,30,30,-0.068966,-2,-0.1,-3,-0.1,-3,36047027800,11214,0,143,157,158,-0.089172,-14,-0.094937,-15
278,2006,4,27,27,19,21,21,0.421053,8,0.285714,6,0.285714,6,36047027800,11214,0,150,183,158,-0.180328,-33,-0.050633,-8
278,2006,5,19,27,30,21,21,-0.366667,-11,-0.095238,-2,-0.095238,-2,36047027800,11214,1,180,168,131,0.071429,12,0.374046,49
278,2007,0,26,26,19,25,25,0.368421,7,0.04,1,0.04,1,36047027800,11214,1,137,148,154,-0.074324,-11,-0.11039,-17
278,2007,1,21,26,25,23,23,-0.16,-4,-0.086957,-2,-0.086957,-2,36047027800,11214,1,157,163,143,-0.03681,-6,0.097902,14
278,2007,2,22,21,21,27,27,0.047619,1,-0.185185,-5,-0.185185,-5,36047027800,11214,1,159,147,154,0.081633,12,0.032468,5
278,2007,3,21,22,27,14,14,-0.222222,-6,0.5,7,0.5,7,36047027800,11214,1,144,143,173,0.006993,1,-0.16763,-29
278,2007,4,25,21,27,33,33,-0.074074,-2,-0.242424,-8,-0.242424,-8,36047027800,11214,0,148,150,161,-0.013333,-2,-0.080745,-13
278,2007,5,21,25,19,21,21,0.105263,2,0,0,0,0,36047027800,11214,1,159,180,156,-0.116667,-21,0.019231,3
278,2008,0,35,35,26,13,13,0.346154,9,1.692308,22,1.692308,22,36047027800,11214,1,152,137,148,0.109489,15,0.027027,4
278,2008,1,30,35,21,27,27,0.428571,9,0.111111,3,0.111111,3,36047027800,11214,0,141,157,152,-0.101911,-16,-0.072368,-11
278,2008,2,25,30,22,26,26,0.136364,3,-0.038462,-1,-0.038462,-1,36047027800,11214,1,153,159,137,-0.037736,-6,0.116788,16
278,2008,3,26,25,21,29,29,0.238095,5,-0.103448,-3,-0.103448,-3,36047027800,11214,0,161,144,157,0.118056,17,0.025478,4
278,2008,4,22,26,25,19,19,-0.12,-3,0.157895,3,0.157895,3,36047027800,11214,1,141,148,183,-0.047297,-7,-0.229508,-42
278,2008,5,22,22,21,30,30,0.047619,1,-0.266667,-8,-0.266667,-8,36047027800,11214,1,153,159,168,-0.037736,-6,-0.089286,-15
278,2009,0,32,32,35,19,19,-0.085714,-3,0.684211,13,0.684211,13,36047027800,11214,0,169,152,148,0.111842,17,0.141892,21
278,2009,1,34,32,30,25,25,0.133333,4,0.36,9,0.36,9,36047027800,11214,0,187,141,163,0.326241,46,0.147239,24
278,2009,2,31,34,25,21,21,0.24,6,0.47619,10,0.47619,10,36047027800,11214,0,147,153,147,-0.039216,-6,0,0
278,2009,3,26,31,26,27,27,0,0,-0.037037,-1,-0.037037,-1,36047027800,11214,0,160,161,143,-0.006211,-1,0.118881,17
278,2009,4,26,26,22,27,27,0.181818,4,-0.037037,-1,-0.037037,-1,36047027800,11214,0,165,141,150,0.170213,24,0.1,15
278,2009,5,24,26,22,19,19,0.090909,2,0.263158,5,0.263158,5,36047027800,11214,0,150,153,180,-0.019608,-3,-0.166667,-30
278,2010,0,46,46,32,26,26,0.4375,14,0.769231,20,0.769231,20,36047027800,11214,0,214,169,137,0.266272,45,0.562044,77
278,2010,1,32,46,34,21,21,-0.058824,-2,0.52381,11,0.52381,11,36047027800,11214,0,186,187,157,-0.005348,-1,0.184713,29
278,2010,2,32,32,31,22,22,0.032258,1,0.454545,10,0.454545,10,36047027800,11214,0,189,147,159,0.285714,42,0.188679,30
278,2010,3,27,32,26,21,21,0.038462,1,0.285714,6,0.285714,6,36047027800,11214,0,143,160,144,-0.10625,-17,-0.006944,-1
278,2010,4,25,27,26,25,25,-0.038462,-1,0,0,0,0,36047027800,11214,0,163,165,148,-0.012121,-2,0.101351,15
278,2010,5,25,25,24,21,21,0.041667,1,0.190476,4,0.190476,4,36047027800,11214,0,166,150,159,0.106667,16,0.044025,7
280,2001,0,10,10,10,10,10,0,0,0,0,0,0,36047028000,11214,1,168,168,168,0,0,0,0
280,2001,1,13,10,13,13,13,0,0,0,0,0,0,36047028000,11214,0,152,152,152,0,0,0,0
280,2001,2,14,13,14,14,14,0,0,0,0,0,0,36047028000,11214,1,155,155,155,0,0,0,0
280,2001,3,9,14,9,9,9,0,0,0,0,0,0,36047028000,11214,1,142,142,142,0,0,0,0
280,2001,4,11,9,11,11,11,0,0,0,0,0,0,36047028000,11214,0,138,138,138,0,0,0,0
280,2001,5,8,11,8,8,8,0,0,0,0,0,0,36047028000,11214,0,134,134,134,0,0,0,0
280,2002,0,9,9,10,9,9,-0.1,-1,0,0,0,0,36047028000,11214,0,158,168,158,-0.059524,-10,0,0
280,2002,1,14,9,13,14,14,0.076923,1,0,0,0,0,36047028000,11214,0,170,152,170,0.118421,18,0,0
280,2002,2,13,14,14,13,13,-0.071429,-1,0,0,0,0,36047028000,11214,0,155,155,155,0,0,0,0
280,2002,3,12,13,9,12,12,0.333333,3,0,0,0,0,36047028000,11214,1,159,142,159,0.119718,17,0,0
280,2002,4,7,12,11,7,7,-0.363636,-4,0,0,0,0,36047028000,11214,1,139,138,139,0.007246,1,0,0
280,2002,5,11,7,8,11,11,0.375,3,0,0,0,0,36047028000,11214,0,136,134,136,0.014925,2,0,0
280,2003,0,16,16,9,16,16,0.777778,7,0,0,0,0,36047028000,11214,0,153,158,153,-0.031646,-5,0,0
280,2003,1,13,16,14,13,13,-0.071429,-1,0,0,0,0,36047028000,11214,0,158,170,158,-0.070588,-12,0,0
280,2003,2,20,13,13,20,20,0.538462,7,0,0,0,0,36047028000,11214,0,163,155,163,0.051613,8,0,0
280,2003,3,15,20,12,15,15,0.25,3,0,0,0,0,36047028000,11214,0,153,159,153,-0.037736,-6,0,0
280,2003,4,13,15,7,13,13,0.857143,6,0,0,0,0,36047028000,11214,1,154,139,154,0.107914,15,0,0
280,2003,5,7,13,11,7,7,-0.363636,-4,0,0,0,0,36047028000,11214,1,130,136,130,-0.044118,-6,0,0
280,2004,0,11,11,16,10,10,-0.3125,-5,0.1,1,0.1,1,36047028000,11214,0,143,153,168,-0.065359,-10,-0.14881,-25
280,2004,1,15,11,13,13,13,0.153846,2,0.153846,2,0.153846,2,36047028000,11214,0,161,158,152,0.018987,3,0.059211,9
280,2004,2,10,15,20,14,14,-0.5,-10,-0.285714,-4,-0.285714,-4,36047028000,11214,1,157,163,155,-0.03681,-6,0.012903,2
280,2004,3,17,10,15,9,9,0.133333,2,0.888889,8,0.888889,8,36047028000,11214,0,160,153,142,0.045752,7,0.126761,18
280,2004,4,10,17,13,11,11,-0.230769,-3,-0.090909,-1,-0.090909,-1,36047028000,11214,0,137,154,138,-0.11039,-17,-0.007246,-1
280,2004,5,11,10,7,8,8,0.571429,4,0.375,3,0.375,3,36047028000,11214,0,146,130,134,0.123077,16,0.089552,12
280,2005,0,12,12,11,9,9,0.090909,1,0.333333,3,0.333333,3,36047028000,11214,0,142,143,158,-0.006993,-1,-0.101266,-16
280,2005,1,10,12,15,14,14,-0.333333,-5,-0.285714,-4,-0.285714,-4,36047028000,11214,0,140,161,170,-0.130435,-21,-0.176471,-30
280,2005,2,13,10,10,13,13,0.3,3,0,0,0,0,36047028000,11214,0,164,157,155,0.044586,7,0.058065,9
280,2005,3,8,13,17,12,12,-0.529412,-9,-0.333333,-4,-0.333333,-4,36047028000,11214,1,133,160,159,-0.16875,-27,-0.163522,-26
280,2005,4,16,8,10,7,7,0.6,6,1.285714,9,1.285714,9,36047028000,11214,0,158,137,139,0.153285,21,0.136691,19
280,2005,5,10,16,11,11,11,-0.090909,-1,-0.090909,-1,-0.090909,-1,36047028000,11214,0,131,146,136,-0.10274,-15,-0.036765,-5
280,2006,0,8,8,12,16,16,-0.333333,-4,-0.5,-8,-0.5,-8,36047028000,11214,1,111,142,153,-0.21831,-31,-0.27451,-42
280,2006,1,11,8,10,13,13,0.1,1,-0.153846,-2,-0.153846,-2,36047028000,11214,1,146,140,158,0.042857,6,-0.075949,-12
280,2006,2,13,11,13,20,20,0,0,-0.35,-7,-0.35,-7,36047028000,11214,0,144,164,163,-0.121951,-20,-0.116564,-19
280,2006,3,13,13,8,15,15,0.625,5,-0.133333,-2,-0.133333,-2,36047028000,11214,0,159,133,153,0.195489,26,0.039216,6
280,2006,4,8,13,16,13,13,-0.5,-8,-0.384615,-5,-0.384615,-5,36047028000,11214,1,123,158,154,-0.221519,-35,-0.201299,-31
280,2006,5,12,8,10,7,7,0.2,2,0.714286,5,0.714286,5,36047028000,11214,1,148,131,130,0.129771,17,0.138462,18
280,2007,0,13,13,8,11,11,0.625,5,0.181818,2,0.181818,2,36047028000,11214,1,138,111,143,0.243243,27,-0.034965,-5
280,2007,1,10,13,11,15,15,-0.090909,-1,-0.333333,-5,-0.333333,-5,36047028000,11214,0,120,146,161,-0.178082,-26,-0.254658,-41
280,2007,2,10,10,13,10,10,-0.230769,-3,0,0,0,0,36047028000,11214,1,135,144,157,-0.0625,-9,-0.140127,-22
280,2007,3,12,10,13,17,17,-0.076923,-1,-0.294118,-5,-0.294118,-5,36047028000,11214,0,134,159,160,-0.157233,-25,-0.1625,-26
280,2007,4,14,12,8,10,10,0.75,6,0.4,4,0.4,4,36047028000,11214,0,157,123,137,0.276423,34,0.145985,20
280,2007,5,10,14,12,11,11,-0.166667,-2,-0.090909,-1,-0.090909,-1,36047028000,11214,0,125,148,146,-0.155405,-23,-0.143836,-21
280,2008,0,13,13,13,12,12,0,0,0.083333,1,0.083333,1,36047028000,11214,0,116,138,142,-0.15942,-22,-0.183099,-26
280,2008,1,17,13,10,10,10,0.7,7,0.7,7,0.7,7,36047028000,11214,0,138,120,140,0.15,18,-0.014286,-2
280,2008,2,11,17,10,13,13,0.1,1,-0.153846,-2,-0.153846,-2,36047028000,11214,0,115,135,164,-0.148148,-20,-0.29878,-49
280,2008,3,11,11,12,8,8,-0.083333,-1,0.375,3,0.375,3,36047028000,11214,1,138,134,133,0.029851,4,0.037594,5
280,2008,4,13,11,14,16,16,-0.071429,-1,-0.1875,-3,-0.1875,-3,36047028000,11214,0,124,157,158,-0.210191,-33,-0.21519,-34
280,2008,5,15,13,10,10,10,0.5,5,0.5,5,0.5,5,36047028000,11214,0,149,125,131,0.192,24,0.137405,18
280,2009,0,20,20,13,8,8,0.538462,7,1.5,12,1.5,12,36047028000,11214,0,140,116,111,0.206897,24,0.261261,29
280,2009,1,11,20,17,11,11,-0.352941,-6,0,0,0,0,36047028000,11214,0,143,138,146,0.036232,5,-0.020548,-3
280,2009,2,18,11,11,13,13,0.636364,7,0.384615,5,0.384615,5,36047028000,11214,0,153,115,144,0.330435,38,0.0625,9
280,2009,3,13,18,11,13,13,0.181818,2,0,0,0,0,36047028000,11214,0,124,138,159,-0.101449,-14,-0.220126,-35
280,2009,4,13,13,13,8,8,0,0,0.625,5,0.625,5,36047028000,11214,0,141,124,123,0.137097,17,0.146341,18
280,2009,5,10,13,15,12,12,-0.333333,-5,-0.166667,-2,-0.166667,-2,36047028000,11214,0,121,149,148,-0.187919,-28,-0.182432,-27
280,2010,0,13,13,20,13,13,-0.35,-7,0,0,0,0,36047028000,11214,0,175,140,138,0.25,35,0.268116,37
280,2010,1,16,13,11,10,10,0.454545,5,0.6,6,0.6,6,36047028000,11214,0,150,143,120,0.048951,7,0.25,30
280,2010,2,9,16,18,10,10,-0.5,-9,-0.1,-1,-0.1,-1,36047028000,11214,0,144,153,135,-0.058824,-9,0.066667,9
280,2010,3,16,9,13,12,12,0.230769,3,0.333333,4,0.333333,4,36047028000,11214,0,142,124,134,0.145161,18,0.059701,8
280,2010,4,14,16,13,14,14,0.076923,1,0,0,0,0,36047028000,11214,0,127,141,157,-0.099291,-14,-0.191083,-30
280,2010,5,12,14,10,10,10,0.2,2,0.2,2,0.2,2,36047028000,11214,0,139,121,125,0.14876,18,0.112,14
282,2001,0,31,31,31,31,31,0,0,0,0,0,0,36047028200,11214,0,146,146,146,0,0,0,0
282,2001,1,22,31,22,22,22,0,0,0,0,0,0,36047028200,11214,1,138,138,138,0,0,0,0
282,2001,2,19,22,19,19,19,0,0,0,0,0,0,36047028200,11214,1,153,153,153,0,0,0,0
282,2001,3,20,19,20,20,20,0,0,0,0,0,0,36047028200,11214,0,135,135,135,0,0,0,0
282,2001,4,27,20,27,27,27,0,0,0,0,0,0,36047028200,11214,0,123,123,123,0,0,0,0
282,2001,5,25,27,25,25,25,0,0,0,0,0,0,36047028200,11214,0,118,118,118,0,0,0,0
282,2002,0,27,27,31,27,27,-0.129032,-4,0,0,0,0,36047028200,11214,0,139,146,139,-0.047945,-7,0,0
282,2002,1,36,27,22,36,36,0.636364,14,0,0,0,0,36047028200,11214,0,148,138,148,0.072464,10,0,0
282,2002,2,19,36,19,19,19,0,0,0,0,0,0,36047028200,11214,1,139,153,139,-0.091503,-14,0,0
282,2002,3,20,19,20,20,20,0,0,0,0,0,0,36047028200,11214,1,150,135,150,0.111111,15,0,0
282,2002,4,17,20,27,17,17,-0.37037,-10,0,0,0,0,36047028200,11214,0,130,123,130,0.056911,7,0,0
282,2002,5,25,17,25,25,25,0,0,0,0,0,0,36047028200,11214,0,123,118,123,0.042373,5,0,0
282,2003,0,27,27,27,27,27,0,0,0,0,0,0,36047028200,11214,1,136,139,136,-0.021583,-3,0,0
282,2003,1,30,27,36,30,30,-0.166667,-6,0,0,0,0,36047028200,11214,0,142,148,142,-0.040541,-6,0,0
282,2003,2,34,30,19,34,34,0.789474,15,0,0,0,0,36047028200,11214,0,142,139,142,0.021583,3,0,0
282,2003,3,14,34,20,14,14,-0.3,-6,0,0,0,0,36047028200,11214,1,146,150,146,-0.026667,-4,0,0
282,2003,4,17,14,17,17,17,0,0,0,0,0,0,36047028200,11214,1,142,130,142,0.092308,12,0,0
282,2003,5,15,17,25,15,15,-0.4,-10,0,0,0,0,36047028200,11214,0,129,123,129,0.04878,6,0,0
282,2004,0,26,26,27,31,31,-0.037037,-1,-0.16129,-5,-0.16129,-5,36047028200,11214,0,133,136,146,-0.022059,-3,-0.089041,-13
282,2004,1,25,26,30,22,22,-0.166667,-5,0.136364,3,0.136364,3,36047028200,11214,1,147,142,138,0.035211,5,0.065217,9
282,2004,2,29,25,34,19,19,-0.147059,-5,0.526316,10,0.526316,10,36047028200,11214,0,135,142,153,-0.049296,-7,-0.117647,-18
282,2004,3,32,29,14,20,20,1.285714,18,0.6,12,0.6,12,36047028200,11214,0,138,146,135,-0.054795,-8,0.022222,3
282,2004,4,10,32,17,27,27,-0.411765,-7,-0.62963,-17,-0.62963,-17,36047028200,11214,1,126,142,123,-0.112676,-16,0.02439,3
282,2004,5,16,10,15,25,25,0.066667,1,-0.36,-9,-0.36,-9,36047028200,11214,1,131,129,118,0.015504,2,0.110169,13
282,2005,0,31,31,26,27,27,0.192308,5,0.148148,4,0.148148,4,36047028200,11214,0,124,133,139,-0.067669,-9,-0.107914,-15
282,2005,1,28,31,25,36,36,0.12,3,-0.222222,-8,-0.222222,-8,36047028200,11214,0,129,147,148,-0.122449,-18,-0.128378,-19
282,2005,2,33,28,29,19,19,0.137931,4,0.736842,14,0.736842,14,36047028200,11214,0,144,135,139,0.066667,9,0.035971,5
282,2005,3,23,33,32,20,20,-0.28125,-9,0.15,3,0.15,3,36047028200,11214,1,118,138,150,-0.144928,-20,-0.213333,-32
282,2005,4,34,23,10,17,17,2.4,24,1,17,1,17,36047028200,11214,0,127,126,130,0.007937,1,-0.023077,-3
282,2005,5,11,34,16,25,25,-0.3125,-5,-0.56,-14,-0.56,-14,36047028200,11214,1,112,131,123,-0.145038,-19,-0.089431,-11
282,2006,0,20,20,31,27,27,-0.354839,-11,-0.259259,-7,-0.259259,-7,36047028200,11214,0,103,124,136,-0.169355,-21,-0.242647,-33
282,2006,1,33,20,28,30,30,0.178571,5,0.1,3,0.1,3,36047028200,11214,0,132,129,142,0.023256,3,-0.070423,-10
282,2006,2,29,33,33,34,34,-0.121212,-4,-0.147059,-5,-0.147059,-5,36047028200,11214,0,129,144,142,-0.104167,-15,-0.091549,-13
282,2006,3,27,29,23,14,14,0.173913,4,0.928571,13,0.928571,13,36047028200,11214,0,146,118,146,0.237288,28,0,0
282,2006,4,24,27,34,17,17,-0.294118,-10,0.411765,7,0.411765,7,36047028200,11214,0,106,127,142,-0.165354,-21,-0.253521,-36
282,2006,5,31,24,11,15,15,1.818182,20,1.066667,16,1.066667,16,36047028200,11214,0,117,112,129,0.044643,5,-0.093023,-12
282,2007,0,27,27,20,26,26,0.35,7,0.038462,1,0.038462,1,36047028200,11214,0,121,103,133,0.174757,18,-0.090226,-12
282,2007,1,23,27,33,25,25,-0.30303,-10,-0.08,-2,-0.08,-2,36047028200,11214,0,114,132,147,-0.136364,-18,-0.22449,-33
282,2007,2,31,23,29,29,29,0.068966,2,0.068966,2,0.068966,2,36047028200,11214,1,120,129,135,-0.069767,-9,-0.111111,-15
282,2007,3,27,31,27,32,32,0,0,-0.15625,-5,-0.15625,-5,36047028200,11214,1,119,146,138,-0.184932,-27,-0.137681,-19
282,2007,4,24,27,24,10,10,0,0,1.4,14,1.4,14,36047028200,11214,0,143,106,126,0.349057,37,0.134921,17
282,2007,5,24,24,31,16,16,-0.225806,-7,0.5,8,0.5,8,36047028200,11214,0,115,117,131,-0.017094,-2,-0.122137,-16
282,2008,0,20,20,27,31,31,-0.259259,-7,-0.354839,-11,-0.354839,-11,36047028200,11214,1,110,121,124,-0.090909,-11,-0.112903,-14
282,2008,1,33,20,23,28,28,0.434783,10,0.178571,5,0.178571,5,36047028200,11214,0,129,114,129,0.131579,15,0,0
282,2008,2,25,33,31,33,33,-0.193548,-6,-0.242424,-8,-0.242424,-8,36047028200,11214,0,111,120,144,-0.075,-9,-0.229167,-33
282,2008,3,29,25,27,23,23,0.074074,2,0.26087,6,0.26087,6,36047028200,11214,1,120,119,118,0.008403,1,0.016949,2
282,2008,4,23,29,24,34,34,-0.041667,-1,-0.323529,-11,-0.323529,-11,36047028200,11214,1,112,143,127,-0.216783,-31,-0.11811,-15
282,2008,5,22,23,24,11,11,-0.083333,-2,1,11,1,11,36047028200,11214,1,136,115,112,0.182609,21,0.214286,24
282,2009,0,22,22,20,20,20,0.1,2,0.1,2,0.1,2,36047028200,11214,0,140,110,103,0.272727,30,0.359223,37
282,2009,1,23,22,33,33,33,-0.30303,-10,-0.30303,-10,-0.30303,-10,36047028200,11214,0,133,129,132,0.031008,4,0.007576,1
282,2009,2,37,23,25,29,29,0.48,12,0.275862,8,0.275862,8,36047028200,11214,0,141,111,129,0.27027,30,0.093023,12
282,2009,3,30,37,29,27,27,0.034483,1,0.111111,3,0.111111,3,36047028200,11214,0,117,120,146,-0.025,-3,-0.19863,-29
282,2009,4,26,30,23,24,24,0.130435,3,0.083333,2,0.083333,2,36047028200,11214,0,128,112,106,0.142857,16,0.207547,22
282,2009,5,21,26,22,31,31,-0.045455,-1,-0.322581,-10,-0.322581,-10,36047028200,11214,0,111,136,117,-0.183824,-25,-0.051282,-6
282,2010,0,25,25,22,27,27,0.136364,3,-0.074074,-2,-0.074074,-2,36047028200,11214,0,161,140,121,0.15,21,0.330579,40
282,2010,1,29,25,23,23,23,0.26087,6,0.26087,6,0.26087,6,36047028200,11214,0,146,133,114,0.097744,13,0.280702,32
282,2010,2,20,29,37,31,31,-0.459459,-17,-0.354839,-11,-0.354839,-11,36047028200,11214,0,136,141,120,-0.035461,-5,0.133333,16
282,2010,3,36,20,30,27,27,0.2,6,0.333333,9,0.333333,9,36047028200,11214,0,130,117,119,0.111111,13,0.092437,11
282,2010,4,29,36,26,24,24,0.115385,3,0.208333,5,0.208333,5,36047028200,11214,0,124,128,143,-0.03125,-4,-0.132867,-19
282,2010,5,33,29,21,24,24,0.571429,12,0.375,9,0.375,9,36047028200,11214,0,118,111,115,0.063063,7,0.026087,3
284,2001,0,32,32,32,32,32,0,0,0,0,0,0,36047028400,11214,0,124,124,124,0,0,0,0
284,2001,1,23,32,23,23,23,0,0,0,0,0,0,36047028400,11214,1,126,126,126,0,0,0,0
284,2001,2,38,23,38,38,38,0,0,0,0,0,0,36047028400,11214,0,115,115,115,0,0,0,0
284,2001,3,27,38,27,27,27,0,0,0,0,0,0,36047028400,11214,0,124,124,124,0,0,0,0
284,2001,4,26,27,26,26,26,0,0,0,0,0,0,36047028400,11214,1,104,104,104,0,0,0,0
284,2001,5,31,26,31,31,31,0,0,0,0,0,0,36047028400,11214,0,120,120,120,0,0,0,0
284,2002,0,30,30,32,30,30,-0.0625,-2,0,0,0,0,36047028400,11214,1,123,124,123,-0.008065,-1,0,0
284,2002,1,30,30,23,30,30,0.304348,7,0,0,0,0,36047028400,11214,1,138,126,138,0.095238,12,0,0
284,2002,2,25,30,38,25,25,-0.342105,-13,0,0,0,0,36047028400,11214,1,128,115,128,0.113043,13,0,0
284,2002,3,39,25,27,39,39,0.444444,12,0,0,0,0,36047028400,11214,0,115,124,115,-0.072581,-9,0,0
284,2002,4,31,39,26,31,31,0.192308,5,0,0,0,0,36047028400,11214,0,113,104,113,0.086538,9,0,0
284,2002,5,26,31,31,26,26,-0.16129,-5,0,0,0,0,36047028400,11214,1,111,120,111,-0.075,-9,0,0
284,2003,0,32,32,30,32,32,0.066667,2,0,0,0,0,36047028400,11214,1,98,123,98,-0.203252,-25,0,0
284,2003,1,35,32,30,35,35,0.166667,5,0,0,0,0,36047028400,11214,0,131,138,131,-0.050725,-7,0,0
284,2003,2,26,35,25,26,26,0.04,1,0,0,0,0,36047028400,11214,0,130,128,130,0.015625,2,0,0
284,2003,3,26,26,39,26,26,-0.333333,-13,0,0,0,0,36047028400,11214,1,130,115,130,0.130435,15,0,0
284,2003,4,34,26,31,34,34,0.096774,3,0,0,0,0,36047028400,11214,0,113,113,113,0,0,0,0
284,2003,5,33,34,26,33,33,0.269231,7,0,0,0,0,36047028400,11214,0,110,111,110,-0.009009,-1,0,0
284,2004,0,38,38,32,32,32,0.1875,6,0.1875,6,0.1875,6,36047028400,11214,0,131,98,124,0.336735,33,0.056452,7
284,2004,1,35,38,35,23,23,0,0,0.521739,12,0.521739,12,36047028400,11214,1,102,131,126,-0.221374,-29,-0.190476,-24
284,2004,2,30,35,26,38,38,0.153846,4,-0.210526,-8,-0.210526,-8,36047028400,11214,0,130,130,115,0,0,0.130435,15
284,2004,3,28,30,26,27,27,0.076923,2,0.037037,1,0.037037,1,36047028400,11214,0,122,130,124,-0.061538,-8,-0.016129,-2
284,2004,4,28,28,34,26,26,-0.176471,-6,0.076923,2,0.076923,2,36047028400,11214,1,130,113,104,0.150442,17,0.25,26
284,2004,5,34,28,33,31,31,0.030303,1,0.096774,3,0.096774,3,36047028400,11214,0,116,110,120,0.054545,6,-0.033333,-4
284,2005,0,37,37,38,30,30,-0.026316,-1,0.233333,7,0.233333,7,36047028400,11214,0,109,131,123,-0.167939,-22,-0.113821,-14
284,2005,1,34,37,35,30,30,-0.028571,-1,0.133333,4,0.133333,4,36047028400,11214,1,135,102,138,0.323529,33,-0.021739,-3
284,2005,2,26,34,30,25,25,-0.133333,-4,0.04,1,0.04,1,36047028400,11214,1,117,130,128,-0.1,-13,-0.085938,-11
284,2005,3,34,26,28,39,39,0.214286,6,-0.128205,-5,-0.128205,-5,36047028400,11214,0,129,122,115,0.057377,7,0.121739,14
284,2005,4,34,34,28,31,31,0.214286,6,0.096774,3,0.096774,3,36047028400,11214,0,126,130,113,-0.030769,-4,0.115044,13
284,2005,5,28,34,34,26,26,-0.176471,-6,0.076923,2,0.076923,2,36047028400,11214,1,134,116,111,0.155172,18,0.207207,23
284,2006,0,33,33,37,32,32,-0.108108,-4,0.03125,1,0.03125,1,36047028400,11214,1,126,109,98,0.155963,17,0.285714,28
284,2006,1,44,33,34,35,35,0.294118,10,0.257143,9,0.257143,9,36047028400,11214,0,127,135,131,-0.059259,-8,-0.030534,-4
284,2006,2,31,44,26,26,26,0.192308,5,0.192308,5,0.192308,5,36047028400,11214,1,131,117,130,0.119658,14,0.007692,1
284,2006,3,23,31,34,26,26,-0.323529,-11,-0.115385,-3,-0.115385,-3,36047028400,11214,1,126,129,130,-0.023256,-3,-0.030769,-4
284,2006,4,31,23,34,34,34,-0.088235,-3,-0.088235,-3,-0.088235,-3,36047028400,11214,0,129,126,113,0.02381,3,0.141593,16
284,2006,5,32,31,28,33,33,0.142857,4,-0.030303,-1,-0.030303,-1,36047028400,11214,0,127,134,110,-0.052239,-7,0.154545,17
284,2007,0,34,34,33,38,38,0.030303,1,-0.105263,-4,-0.105263,-4,36047028400,11214,1,118,126,131,-0.063492,-8,-0.099237,-13
284,2007,1,38,34,44,35,35,-0.136364,-6,0.085714,3,0.085714,3,36047028400,11214,1,131,127,102,0.031496,4,0.284314,29
284,2007,2,43,38,31,30,30,0.387097,12,0.433333,13,0.433333,13,36047028400,11214,0,125,131,130,-0.045802,-6,-0.038462,-5
284,2007,3,30,43,23,28,28,0.304348,7,0.071429,2,0.071429,2,36047028400,11214,1,123,126,122,-0.02381,-3,0.008197,1
284,2007,4,25,30,31,28,28,-0.193548,-6,-0.107143,-3,-0.107143,-3,36047028400,11214,1,123,129,130,-0.046512,-6,-0.053846,-7
284,2007,5,34,25,32,34,34,0.0625,2,0,0,0,0,36047028400,11214,0,132,127,116,0.03937,5,0.137931,16
284,2008,0,38,38,34,37,37,0.117647,4,0.027027,1,0.027027,1,36047028400,11214,1,137,118,109,0.161017,19,0.256881,28
284,2008,1,34,38,38,34,34,-0.105263,-4,0,0,0,0,36047028400,11214,1,139,131,135,0.061069,8,0.02963,4
284,2008,2,36,34,43,26,26,-0.162791,-7,0.384615,10,0.384615,10,36047028400,11214,1,130,125,117,0.04,5,0.111111,13
284,2008,3,46,36,30,34,34,0.533333,16,0.352941,12,0.352941,12,36047028400,11214,0,133,123,129,0.081301,10,0.031008,4
284,2008,4,29,46,25,34,34,0.16,4,-0.147059,-5,-0.147059,-5,36047028400,11214,1,124,123,126,0.00813,1,-0.015873,-2
284,2008,5,25,29,34,28,28,-0.264706,-9,-0.107143,-3,-0.107143,-3,36047028400,11214,1,122,132,134,-0.075758,-10,-0.089552,-12
284,2009,0,40,40,38,33,33,0.052632,2,0.212121,7,0.212121,7,36047028400,11214,0,144,137,126,0.051095,7,0.142857,18
284,2009,1,46,40,34,44,44,0.352941,12,0.045455,2,0.045455,2,36047028400,11214,0,153,139,127,0.100719,14,0.204724,26
284,2009,2,33,46,36,31,31,-0.083333,-3,0.064516,2,0.064516,2,36047028400,11214,0,144,130,131,0.107692,14,0.099237,13
284,2009,3,35,33,46,23,23,-0.23913,-11,0.521739,12,0.521739,12,36047028400,11214,0,130,133,126,-0.022556,-3,0.031746,4
284,2009,4,48,35,29,31,31,0.655172,19,0.548387,17,0.548387,17,36047028400,11214,0,125,124,129,0.008065,1,-0.031008,-4
284,2009,5,32,48,25,32,32,0.28,7,0,0,0,0,36047028400,11214,0,126,122,127,0.032787,4,-0.007874,-1
284,2010,0,49,49,40,34,34,0.225,9,0.441176,15,0.441176,15,36047028400,11214,0,192,144,118,0.333333,48,0.627119,74
284,2010,1,47,49,46,38,38,0.021739,1,0.236842,9,0.236842,9,36047028400,11214,0,162,153,131,0.058824,9,0.236641,31
284,2010,2,45,47,33,43,43,0.363636,12,0.046512,2,0.046512,2,36047028400,11214,0,157,144,125,0.090278,13,0.256,32
284,2010,3,31,45,35,30,30,-0.114286,-4,0.033333,1,0.033333,1,36047028400,11214,0,135,130,123,0.038462,5,0.097561,12
284,2010,4,45,31,48,25,25,-0.0625,-3,0.8,20,0.8,20,36047028400,11214,0,135,125,123,0.08,10,0.097561,12
284,2010,5,47,45,32,34,34,0.46875,15,0.382353,13,0.382353,13,36047028400,11214,0,123,126,132,-0.02381,-3,-0.068182,-9
286,2001,0,51,51,51,51,51,0,0,0,0,0,0,36047028600,11214,1,123,123,123,0,0,0,0
286,2001,1,51,51,51,51,51,0,0,0,0,0,0,36047028600,11214,1,112,112,112,0,0,0,0
286,2001,2,58,51,58,58,58,0,0,0,0,0,0,36047028600,11214,0,119,119,119,0,0,0,0
286,2001,3,39,58,39,39,39,0,0,0,0,0,0,36047028600,11214,1,119,119,119,0,0,0,0
286,2001,4,46,39,46,46,46,0,0,0,0,0,0,36047028600,11214,1,115,115,115,0,0,0,0
286,2001,5,45,46,45,45,45,0,0,0,0,0,0,36047028600,11214,0,110,110,110,0,0,0,0
286,2002,0,53,53,51,53,53,0.039216,2,0,0,0,0,36047028600,11214,1,116,123,116,-0.056911,-7,0,0
286,2002,1,55,53,51,55,55,0.078431,4,0,0,0,0,36047028600,11214,1,127,112,127,0.133929,15,0,0
286,2002,2,46,55,58,46,46,-0.206897,-12,0,0,0,0,36047028600,11214,1,112,119,112,-0.058824,-7,0,0
286,2002,3,57,46,39,57,57,0.461538,18,0,0,0,0,36047028600,11214,0,117,119,117,-0.016807,-2,0,0
286,2002,4,43,57,46,43,43,-0.065217,-3,0,0,0,0,36047028600,11214,0,117,115,117,0.017391,2,0,0
286,2002,5,46,43,45,46,46,0.022222,1,0,0,0,0,36047028600,11214,0,112,110,112,0.018182,2,0,0
286,2003,0,60,60,53,60,60,0.132075,7,0,0,0,0,36047028600,11214,0,118,116,118,0.017241,2,0,0
286,2003,1,54,60,55,54,54,-0.018182,-1,0,0,0,0,36047028600,11214,1,130,127,130,0.023622,3,0,0
286,2003,2,51,54,46,51,51,0.108696,5,0,0,0,0,36047028600,11214,1,128,112,128,0.142857,16,0,0
286,2003,3,51,51,57,51,51,-0.105263,-6,0,0,0,0,36047028600,11214,0,107,117,107,-0.08547,-10,0,0
286,2003,4,49,51,43,49,49,0.139535,6,0,0,0,0,36047028600,11214,0,109,117,109,-0.068376,-8,0,0
286,2003,5,42,49,46,42,42,-0.086957,-4,0,0,0,0,36047028600,11214,0,116,112,116,0.035714,4,0,0
286,2004,0,57,57,60,51,51,-0.05,-3,0.117647,6,0.117647,6,36047028600,11214,0,118,118,123,0,0,-0.04065,-5
286,2004,1,68,57,54,51,51,0.259259,14,0.333333,17,0.333333,17,36047028600,11214,0,124,130,112,-0.046154,-6,0.107143,12
286,2004,2,51,68,51,58,58,0,0,-0.12069,-7,-0.12069,-7,36047028600,11214,1,114,128,119,-0.109375,-14,-0.042017,-5
286,2004,3,49,51,51,39,39,-0.039216,-2,0.25641,10,0.25641,10,36047028600,11214,1,121,107,119,0.130841,14,0.016807,2
286,2004,4,44,49,49,46,46,-0.102041,-5,-0.043478,-2,-0.043478,-2,36047028600,11214,0,92,109,115,-0.155963,-17,-0.2,-23
286,2004,5,42,44,42,45,45,0,0,-0.066667,-3,-0.066667,-3,36047028600,11214,0,108,116,110,-0.068966,-8,-0.018182,-2
286,2005,0,56,56,57,53,53,-0.017544,-1,0.056604,3,0.056604,3,36047028600,11214,1,120,118,116,0.016949,2,0.034483,4
286,2005,1,57,56,68,55,55,-0.161765,-11,0.036364,2,0.036364,2,36047028600,11214,0,116,124,127,-0.064516,-8,-0.086614,-11
286,2005,2,63,57,51,46,46,0.235294,12,0.369565,17,0.369565,17,36047028600,11214,0,122,114,112,0.070175,8,0.089286,10
286,2005,3,40,63,49,57,57,-0.183673,-9,-0.298246,-17,-0.298246,-17,36047028600,11214,1,113,121,117,-0.066116,-8,-0.034188,-4
286,2005,4,47,40,44,43,43,0.068182,3,0.093023,4,0.093023,4,36047028600,11214,1,126,92,117,0.369565,34,0.076923,9
286,2005,5,39,47,42,46,46,-0.071429,-3,-0.152174,-7,-0.152174,-7,36047028600,11214,0,88,108,112,-0.185185,-20,-0.214286,-24
286,2006,0,43,43,56,60,60,-0.232143,-13,-0.283333,-17,-0.283333,-17,36047028600,11214,0,99,120,118,-0.175,-21,-0.161017,-19
286,2006,1,57,43,57,54,54,0,0,0.055556,3,0.055556,3,36047028600,11214,1,133,116,130,0.146552,17,0.023077,3
286,2006,2,57,57,63,51,51,-0.095238,-6,0.117647,6,0.117647,6,36047028600,11214,0,112,122,128,-0.081967,-10,-0.125,-16
286,2006,3,58,57,40,51,51,0.45,18,0.137255,7,0.137255,7,36047028600,11214,0,114,113,107,0.00885,1,0.065421,7
286,2006,4,34,58,47,49,49,-0.276596,-13,-0.306122,-15,-0.306122,-15,36047028600,11214,1,108,126,109,-0.142857,-18,-0.009174,-1
286,2006,5,43,34,39,42,42,0.102564,4,0.02381,1,0.02381,1,36047028600,11214,1,117,88,116,0.329545,29,0.008621,1
286,2007,0,62,62,43,57,57,0.44186,19,0.087719,5,0.087719,5,36047028600,11214,0,102,99,118,0.030303,3,-0.135593,-16
286,2007,1,47,62,57,68,68,-0.175439,-10,-0.308824,-21,-0.308824,-21,36047028600,11214,0,110,133,124,-0.172932,-23,-0.112903,-14
286,2007,2,50,47,57,51,51,-0.122807,-7,-0.019608,-1,-0.019608,-1,36047028600,11214,1,124,112,114,0.107143,12,0.087719,10
286,2007,3,58,50,58,49,49,0,0,0.183673,9,0.183673,9,36047028600,11214,0,101,114,121,-0.114035,-13,-0.165289,-20
286,2007,4,55,58,34,44,44,0.617647,21,0.25,11,0.25,11,36047028600,11214,1,110,108,92,0.018519,2,0.195652,18
286,2007,5,34,55,43,42,42,-0.209302,-9,-0.190476,-8,-0.190476,-8,36047028600,11214,1,114,117,108,-0.025641,-3,0.055556,6
286,2008,0,30,30,62,56,56,-0.516129,-32,-0.464286,-26,-0.464286,-26,36047028600,11214,1,115,102,120,0.127451,13,-0.041667,-5
286,2008,1,65,30,47,57,57,0.382979,18,0.140351,8,0.140351,8,36047028600,11214,0,116,110,116,0.054545,6,0,0
286,2008,2,48,65,50,63,63,-0.04,-2,-0.238095,-15,-0.238095,-15,36047028600,11214,0,114,124,122,-0.080645,-10,-0.065574,-8
286,2008,3,53,48,58,40,40,-0.086207,-5,0.325,13,0.325,13,36047028600,11214,1,121,101,113,0.19802,20,0.070796,8
286,2008,4,52,53,55,47,47,-0.054545,-3,0.106383,5,0.106383,5,36047028600,11214,1,95,110,126,-0.136364,-15,-0.246032,-31
286,2008,5,52,52,34,39,39,0.529412,18,0.333333,13,0.333333,13,36047028600,11214,1,106,114,88,-0.070175,-8,0.204545,18
286,2009,0,59,59,30,43,43,0.966667,29,0.372093,16,0.372093,16,36047028600,11214,0,123,115,99,0.069565,8,0.242424,24
286,2009,1,41,59,65,57,57,-0.369231,-24,-0.280702,-16,-0.280702,-16,36047028600,11214,0,134,116,133,0.155172,18,0.007519,1
286,2009,2,70,41,48,57,57,0.458333,22,0.22807,13,0.22807,13,36047028600,11214,0,122,114,112,0.070175,8,0.089286,10
286,2009,3,49,70,53,58,58,-0.075472,-4,-0.155172,-9,-0.155172,-9,36047028600,11214,0,120,121,114,-0.008264,-1,0.052632,6
286,2009,4,59,49,52,34,34,0.134615,7,0.735294,25,0.735294,25,36047028600,11214,0,120,95,108,0.263158,25,0.111111,12
286,2009,5,45,59,52,43,43,-0.134615,-7,0.046512,2,0.046512,2,36047028600,11214,0,98,106,117,-0.075472,-8,-0.162393,-19
286,2010,0,53,53,59,62,62,-0.101695,-6,-0.145161,-9,-0.145161,-9,36047028600,11214,0,150,123,102,0.219512,27,0.470588,48
286,2010,1,63,53,41,47,47,0.536585,22,0.340426,16,0.340426,16,36047028600,11214,0,135,134,110,0.007463,1,0.227273,25
286,2010,2,46,63,70,50,50,-0.342857,-24,-0.08,-4,-0.08,-4,36047028600,11214,0,125,122,124,0.02459,3,0.008065,1
286,2010,3,64,46,49,58,58,0.306122,15,0.103448,6,0.103448,6,36047028600,11214,0,117,120,101,-0.025,-3,0.158416,16
286,2010,4,59,64,59,55,55,0,0,0.072727,4,0.072727,4,36047028600,11214,0,129,120,110,0.075,9,0.172727,19
286,2010,5,55,59,45,34,34,0.222222,10,0.617647,21,0.617647,21,36047028600,11214,0,124,98,114,0.265306,26,0.087719,10
288,2001,0,17,17,17,17,17,0,0,0,0,0,0,36047028800,11214,0,102,102,102,0,0,0,0
288,2001,1,16,17,16,16,16,0,0,0,0,0,0,36047028800,11214,1,124,124,124,0,0,0,0
288,2001,2,9,16,9,9,9,0,0,0,0,0,0,36047028800,11214,1,137,137,137,0,0,0,0
288,2001,3,9,9,9,9,9,0,0,0,0,0,0,36047028800,11214,1,129,129,129,0,0,0,0
288,2001,4,11,9,11,11,11,0,0,0,0,0,0,36047028800,11214,0,104,104,104,0,0,0,0
288,2001,5,12,11,12,12,12,0,0,0,0,0,0,36047028800,11214,0,132,132,132,0,0,0,0
288,2002,0,20,20,17,20,20,0.176471,3,0,0,0,0,36047028800,11214,0,119,102,119,0.166667,17,0,0
288,2002,1,20,20,16,20,20,0.25,4,0,0,0,0,36047028800,11214,0,117,124,117,-0.056452,-7,0,0
288,2002,2,15,20,9,15,15,0.666667,6,0,0,0,0,36047028800,11214,1,122,137,122,-0.109489,-15,0,0
288,2002,3,10,15,9,10,10,0.111111,1,0,0,0,0,36047028800,11214,1,127,129,127,-0.015504,-2,0,0
288,2002,4,8,10,11,8,8,-0.272727,-3,0,0,0,0,36047028800,11214,1,131,104,131,0.259615,27,0,0
288,2002,5,15,8,12,15,15,0.25,3,0,0,0,0,36047028800,11214,0,104,132,104,-0.212121,-28,0,0
288,2003,0,13,13,20,13,13,-0.35,-7,0,0,0,0,36047028800,11214,0,116,119,116,-0.02521,-3,0,0
288,2003,1,21,13,20,21,21,0.05,1,0,0,0,0,36047028800,11214,0,128,117,128,0.094017,11,0,0
288,2003,2,20,21,15,20,20,0.333333,5,0,0,0,0,36047028800,11214,0,115,122,115,-0.057377,-7,0,0
288,2003,3,16,20,10,16,16,0.6,6,0,0,0,0,36047028800,11214,1,124,127,124,-0.023622,-3,0,0
288,2003,4,11,16,8,11,11,0.375,3,0,0,0,0,36047028800,11214,1,130,131,130,-0.007634,-1,0,0
288,2003,5,9,11,15,9,9,-0.4,-6,0,0,0,0,36047028800,11214,1,128,104,128,0.230769,24,0,0
288,2004,0,12,12,13,17,17,-0.076923,-1,-0.294118,-5,-0.294118,-5,36047028800,11214,1,135,116,102,0.163793,19,0.323529,33
288,2004,1,9,12,21,16,16,-0.571429,-12,-0.4375,-7,-0.4375,-7,36047028800,11214,1,130,128,124,0.015625,2,0.048387,6
288,2004,2,22,9,20,9,9,0.1,2,1.444444,13,1.444444,13,36047028800,11214,0,120,115,137,0.043478,5,-0.124088,-17
288,2004,3,18,22,16,9,9,0.125,2,1,9,1,9,36047028800,11214,0,106,124,129,-0.145161,-18,-0.178295,-23
288,2004,4,19,18,11,11,11,0.727273,8,0.727273,8,0.727273,8,36047028800,11214,0,133,130,104,0.023077,3,0.278846,29
288,2004,5,10,19,9,12,12,0.111111,1,-0.166667,-2,-0.166667,-2,36047028800,11214,1,132,128,132,0.03125,4,0,0
288,2005,0,11,11,12,20,20,-0.083333,-1,-0.45,-9,-0.45,-9,36047028800,11214,1,123,135,119,-0.088889,-12,0.033613,4
288,2005,1,16,11,9,20,20,0.777778,7,-0.2,-4,-0.2,-4,36047028800,11214,0,131,130,117,0.007692,1,0.119658,14
288,2005,2,9,16,22,15,15,-0.590909,-13,-0.4,-6,-0.4,-6,36047028800,11214,1,128,120,122,0.066667,8,0.04918,6
288,2005,3,23,9,18,10,10,0.277778,5,1.3,13,1.3,13,36047028800,11214,0,130,106,127,0.226415,24,0.023622,3
288,2005,4,19,23,19,8,8,0,0,1.375,11,1.375,11,36047028800,11214,0,114,133,131,-0.142857,-19,-0.129771,-17
288,2005,5,20,19,10,15,15,1,10,0.333333,5,0.333333,5,36047028800,11214,0,134,132,104,0.015152,2,0.288462,30
288,2006,0,15,15,11,13,13,0.363636,4,0.153846,2,0.153846,2,36047028800,11214,1,125,123,116,0.01626,2,0.077586,9
288,2006,1,15,15,16,21,21,-0.0625,-1,-0.285714,-6,-0.285714,-6,36047028800,11214,0,141,131,128,0.076336,10,0.101563,13
288,2006,2,14,15,9,20,20,0.555556,5,-0.3,-6,-0.3,-6,36047028800,11214,0,128,128,115,0,0,0.113043,13
288,2006,3,8,14,23,16,16,-0.652174,-15,-0.5,-8,-0.5,-8,36047028800,11214,1,123,130,124,-0.053846,-7,-0.008065,-1
288,2006,4,20,8,19,11,11,0.052632,1,0.818182,9,0.818182,9,36047028800,11214,0,126,114,130,0.105263,12,-0.030769,-4
288,2006,5,19,20,20,9,9,-0.05,-1,1.111111,10,1.111111,10,36047028800,11214,0,110,134,128,-0.179104,-24,-0.140625,-18
288,2007,0,17,17,15,12,12,0.133333,2,0.416667,5,0.416667,5,36047028800,11214,0,129,125,135,0.032,4,-0.044444,-6
288,2007,1,12,17,15,9,9,-0.2,-3,0.333333,3,0.333333,3,36047028800,11214,1,131,141,130,-0.070922,-10,0.007692,1
288,2007,2,17,12,14,22,22,0.214286,3,-0.227273,-5,-0.227273,-5,36047028800,11214,0,137,128,120,0.070313,9,0.141667,17
288,2007,3,9,17,8,18,18,0.125,1,-0.5,-9,-0.5,-9,36047028800,11214,1,122,123,106,-0.00813,-1,0.150943,16
288,2007,4,8,9,20,19,19,-0.6,-12,-0.578947,-11,-0.578947,-11,36047028800,11214,1,125,126,133,-0.007937,-1,-0.06015,-8
288,2007,5,20,8,19,10,10,0.052632,1,1,10,1,10,36047028800,11214,0,122,110,132,0.109091,12,-0.075758,-10
288,2008,0,18,18,17,11,11,0.058824,1,0.636364,7,0.636364,7,36047028800,11214,0,139,129,123,0.077519,10,0.130081,16
288,2008,1,17,18,12,16,16,0.416667,5,0.0625,1,0.0625,1,36047028800,11214,0,142,131,131,0.083969,11,0.083969,11
288,2008,2,13,17,17,9,9,-0.235294,-4,0.444444,4,0.444444,4,36047028800,11214,1,128,137,128,-0.065693,-9,0,0
288,2008,3,15,13,9,23,23,0.666667,6,-0.347826,-8,-0.347826,-8,36047028800,11214,0,150,122,130,0.229508,28,0.153846,20
288,2008,4,12,15,8,19,19,0.5,4,-0.368421,-7,-0.368421,-7,36047028800,11214,1,126,125,114,0.008,1,0.105263,12
288,2008,5,11,12,20,20,20,-0.45,-9,-0.45,-9,-0.45,-9,36047028800,11214,1,113,122,134,-0.07377,-9,-0.156716,-21
288,2009,0,8,8,18,15,15,-0.555556,-10,-0.466667,-7,-0.466667,-7,36047028800,11214,0,144,139,125,0.035971,5,0.152,19
288,2009,1,23,8,17,15,15,0.352941,6,0.533333,8,0.533333,8,36047028800,11214,0,154,142,141,0.084507,12,0.092199,13
288,2009,2,18,23,13,14,14,0.384615,5,0.285714,4,0.285714,4,36047028800,11214,0,144,128,128,0.125,16,0.125,16
288,2009,3,15,18,15,8,8,0,0,0.875,7,0.875,7,36047028800,11214,0,130,150,123,-0.133333,-20,0.056911,7
288,2009,4,14,15,12,20,20,0.166667,2,-0.3,-6,-0.3,-6,36047028800,11214,0,148,126,126,0.174603,22,0.174603,22
288,2009,5,11,14,11,19,19,0,0,-0.421053,-8,-0.421053,-8,36047028800,11214,0,141,113,110,0.247788,28,0.281818,31
288,2010,0,19,19,8,17,17,1.375,11,0.117647,2,0.117647,2,36047028800,11214,0,182,144,129,0.263889,38,0.410853,53
288,2010,1,12,19,23,12,12,-0.478261,-11,0,0,0,0,36047028800,11214,0,163,154,131,0.058442,9,0.244275,32
288,2010,2,23,12,18,17,17,0.277778,5,0.352941,6,0.352941,6,36047028800,11214,0,153,144,137,0.0625,9,0.116788,16
288,2010,3,14,23,15,9,9,-0.066667,-1,0.555556,5,0.555556,5,36047028800,11214,0,143,130,122,0.1,13,0.172131,21
288,2010,4,16,14,14,8,8,0.142857,2,1,8,1,8,36047028800,11214,0,146,148,125,-0.013514,-2,0.168,21
288,2010,5,14,16,11,20,20,0.272727,3,-0.3,-6,-0.3,-6,36047028800,11214,0,152,141,122,0.078014,11,0.245902,30
290,2001,0,6,6,6,6,6,0,0,0,0,0,0,36047029000,11214,0,77,77,77,0,0,0,0
290,2001,1,7,6,7,7,7,0,0,0,0,0,0,36047029000,11214,1,99,99,99,0,0,0,0
290,2001,2,5,7,5,5,5,0,0,0,0,0,0,36047029000,11214,1,104,104,104,0,0,0,0
290,2001,3,10,5,10,10,10,0,0,0,0,0,0,36047029000,11214,0,83,83,83,0,0,0,0
290,2001,4,7,10,7,7,7,0,0,0,0,0,0,36047029000,11214,0,69,69,69,0,0,0,0
290,2001,5,9,7,9,9,9,0,0,0,0,0,0,36047029000,11214,0,96,96,96,0,0,0,0
290,2002,0,8,8,6,8,8,0.333333,2,0,0,0,0,36047029000,11214,1,90,77,90,0.168831,13,0,0
290,2002,1,10,8,7,10,10,0.428571,3,0,0,0,0,36047029000,11214,0,87,99,87,-0.121212,-12,0,0
290,2002,2,6,10,5,6,6,0.2,1,0,0,0,0,36047029000,11214,1,90,104,90,-0.134615,-14,0,0
290,2002,3,5,6,10,5,5,-0.5,-5,0,0,0,0,36047029000,11214,1,96,83,96,0.156627,13,0,0
290,2002,4,10,5,7,10,10,0.428571,3,0,0,0,0,36047029000,11214,0,87,69,87,0.26087,18,0,0
290,2002,5,7,10,9,7,7,-0.222222,-2,0,0,0,0,36047029000,11214,0,71,96,71,-0.260417,-25,0,0
290,2003,0,6,6,8,6,6,-0.25,-2,0,0,0,0,36047029000,11214,0,86,90,86,-0.044444,-4,0,0
290,2003,1,11,6,10,11,11,0.1,1,0,0,0,0,36047029000,11214,0,95,87,95,0.091954,8,0,0
290,2003,2,9,11,6,9,9,0.5,3,0,0,0,0,36047029000,11214,0,88,90,88,-0.022222,-2,0,0
290,2003,3,10,9,5,10,10,1,5,0,0,0,0,36047029000,11214,0,90,96,90,-0.0625,-6,0,0
290,2003,4,7,10,10,7,7,-0.3,-3,0,0,0,0,36047029000,11214,0,100,87,100,0.149425,13,0,0
290,2003,5,10,7,7,10,10,0.428571,3,0,0,0,0,36047029000,11214,0,88,71,88,0.239437,17,0,0
290,2004,0,13,13,6,6,6,1.166667,7,1.166667,7,1.166667,7,36047029000,11214,0,90,86,77,0.046512,4,0.168831,13
290,2004,1,5,13,11,7,7,-0.545455,-6,-0.285714,-2,-0.285714,-2,36047029000,11214,1,90,95,99,-0.052632,-5,-0.090909,-9
290,2004,2,11,5,9,5,5,0.222222,2,1.2,6,1.2,6,36047029000,11214,0,86,88,104,-0.022727,-2,-0.173077,-18
290,2004,3,8,11,10,10,10,-0.2,-2,-0.2,-2,-0.2,-2,36047029000,11214,0,87,90,83,-0.033333,-3,0.048193,4
290,2004,4,7,8,7,7,7,0,0,0,0,0,0,36047029000,11214,0,100,100,69,0,0,0.449275,31
290,2004,5,7,7,10,9,9,-0.3,-3,-0.222222,-2,-0.222222,-2,36047029000,11214,0,96,88,96,0.090909,8,0,0
290,2005,0,6,6,13,8,8,-0.538462,-7,-0.25,-2,-0.25,-2,36047029000,11214,1,85,90,90,-0.055556,-5,-0.055556,-5
290,2005,1,11,6,5,10,10,1.2,6,0.1,1,0.1,1,36047029000,11214,1,90,90,87,0,0,0.034483,3
290,2005,2,6,11,11,6,6,-0.454545,-5,0,0,0,0,36047029000,11214,0,75,86,90,-0.127907,-11,-0.166667,-15
290,2005,3,6,6,8,5,5,-0.25,-2,0.2,1,0.2,1,36047029000,11214,1,97,87,96,0.114943,10,0.010417,1
290,2005,4,8,6,7,10,10,0.142857,1,-0.2,-2,-0.2,-2,36047029000,11214,0,89,100,87,-0.11,-11,0.022989,2
290,2005,5,7,8,7,7,7,0,0,0,0,0,0,36047029000,11214,0,97,96,71,0.010417,1,0.366197,26
290,2006,0,15,15,6,6,6,1.5,9,1.5,9,1.5,9,36047029000,11214,0,85,85,86,0,0,-0.011628,-1
290,2006,1,8,15,11,11,11,-0.272727,-3,-0.272727,-3,-0.272727,-3,36047029000,11214,1,100,90,95,0.111111,10,0.052632,5
290,2006,2,7,8,6,9,9,0.166667,1,-0.222222,-2,-0.222222,-2,36047029000,11214,1,87,75,88,0.16,12,-0.011364,-1
290,2006,3,8,7,6,10,10,0.333333,2,-0.2,-2,-0.2,-2,36047029000,11214,0,68,97,90,-0.298969,-29,-0.244444,-22
290,2006,4,7,8,8,7,7,-0.125,-1,0,0,0,0,36047029000,11214,0,93,89,100,0.044944,4,-0.07,-7
290,2006,5,5,7,7,10,10,-0.285714,-2,-0.5,-5,-0.5,-5,36047029000,11214,1,88,97,88,-0.092784,-9,0,0
290,2007,0,14,14,15,13,13,-0.066667,-1,0.076923,1,0.076923,1,36047029000,11214,0,85,85,90,0,0,-0.055556,-5
290,2007,1,16,14,8,5,5,1,8,2.2,11,2.2,11,36047029000,11214,0,86,100,90,-0.14,-14,-0.044444,-4
290,2007,2,7,16,7,11,11,0,0,-0.363636,-4,-0.363636,-4,36047029000,11214,1,99,87,86,0.137931,12,0.151163,13
290,2007,3,9,7,8,8,8,0.125,1,0.125,1,0.125,1,36047029000,11214,1,76,68,87,0.117647,8,-0.126437,-11
290,2007,4,10,9,7,7,7,0.428571,3,0.428571,3,0.428571,3,36047029000,11214,0,73,93,100,-0.215054,-20,-0.27,-27
290,2007,5,6,10,5,7,7,0.2,1,-0.142857,-1,-0.142857,-1,36047029000,11214,0,96,88,96,0.090909,8,0,0
290,2008,0,6,6,14,6,6,-0.571429,-8,0,0,0,0,36047029000,11214,1,91,85,85,0.070588,6,0.070588,6
290,2008,1,14,6,16,11,11,-0.125,-2,0.272727,3,0.272727,3,36047029000,11214,0,85,86,90,-0.011628,-1,-0.055556,-5
290,2008,2,13,14,7,6,6,0.857143,6,1.166667,7,1.166667,7,36047029000,11214,0,82,99,75,-0.171717,-17,0.093333,7
290,2008,3,7,13,9,6,6,-0.222222,-2,0.166667,1,0.166667,1,36047029000,11214,1,102,76,97,0.342105,26,0.051546,5
290,2008,4,8,7,10,8,8,-0.2,-2,0,0,0,0,36047029000,11214,1,78,73,89,0.068493,5,-0.123596,-11
290,2008,5,10,8,6,7,7,0.666667,4,0.428571,3,0.428571,3,36047029000,11214,0,71,96,97,-0.260417,-25,-0.268041,-26
290,2009,0,12,12,6,15,15,1,6,-0.2,-3,-0.2,-3,36047029000,11214,0,90,91,85,-0.010989,-1,0.058824,5
290,2009,1,8,12,14,8,8,-0.428571,-6,0,0,0,0,36047029000,11214,0,110,85,100,0.294118,25,0.1,10
290,2009,2,14,8,13,7,7,0.076923,1,1,7,1,7,36047029000,11214,0,88,82,87,0.073171,6,0.011494,1
290,2009,3,12,14,7,8,8,0.714286,5,0.5,4,0.5,4,36047029000,11214,0,90,102,68,-0.117647,-12,0.323529,22
290,2009,4,5,12,8,7,7,-0.375,-3,-0.285714,-2,-0.285714,-2,36047029000,11214,0,108,78,93,0.384615,30,0.16129,15
290,2009,5,5,5,10,5,5,-0.5,-5,0,0,0,0,36047029000,11214,0,93,71,88,0.309859,22,0.056818,5
290,2010,0,15,15,12,14,14,0.25,3,0.071429,1,0.071429,1,36047029000,11214,0,119,90,85,0.322222,29,0.4,34
290,2010,1,16,15,8,16,16,1,8,0,0,0,0,36047029000,11214,0,106,110,86,-0.036364,-4,0.232558,20
290,2010,2,8,16,14,7,7,-0.428571,-6,0.142857,1,0.142857,1,36047029000,11214,0,107,88,99,0.215909,19,0.080808,8
290,2010,3,13,8,12,9,9,0.083333,1,0.444444,4,0.444444,4,36047029000,11214,0,84,90,76,-0.066667,-6,0.105263,8
290,2010,4,12,13,5,10,10,1.4,7,0.2,2,0.2,2,36047029000,11214,0,103,108,73,-0.046296,-5,0.410959,30
290,2010,5,4,12,5,6,6,-0.2,-1,-0.333333,-2,-0.333333,-2,36047029000,11214,0,108,93,96,0.16129,15,0.125,12
292,2001,0,26,26,26,26,26,0,0,0,0,0,0,36047029200,11214,0,114,114,114,0,0,0,0
292,2001,1,16,26,16,16,16,0,0,0,0,0,0,36047029200,11214,1,116,116,116,0,0,0,0
292,2001,2,29,16,29,29,29,0,0,0,0,0,0,36047029200,11214,0,103,103,103,0,0,0,0
292,2001,3,24,29,24,24,24,0,0,0,0,0,0,36047029200,11214,0,94,94,94,0,0,0,0
292,2001,4,26,24,26,26,26,0,0,0,0,0,0,36047029200,11214,0,105,105,105,0,0,0,0
292,2001,5,24,26,24,24,24,0,0,0,0,0,0,36047029200,11214,1,97,97,97,0,0,0,0
292,2002,0,24,24,26,24,24,-0.076923,-2,0,0,0,0,36047029200,11214,1,115,114,115,0.008772,1,0,0
292,2002,1,27,24,16,27,27,0.6875,11,0,0,0,0,36047029200,11214,0,131,116,131,0.12931,15,0,0
292,2002,2,16,27,29,16,16,-0.448276,-13,0,0,0,0,36047029200,11214,1,107,103,107,0.038835,4,0,0
292,2002,3,26,16,24,26,26,0.083333,2,0,0,0,0,36047029200,11214,0,104,94,104,0.106383,10,0,0
292,2002,4,25,26,26,25,25,-0.038462,-1,0,0,0,0,36047029200,11214,0,93,105,93,-0.114286,-12,0,0
292,2002,5,26,25,24,26,26,0.083333,2,0,0,0,0,36047029200,11214,0,107,97,107,0.103093,10,0,0
292,2003,0,22,22,24,22,22,-0.083333,-2,0,0,0,0,36047029200,11214,1,126,115,126,0.095652,11,0,0
292,2003,1,29,22,27,29,29,0.074074,2,0,0,0,0,36047029200,11214,0,124,131,124,-0.053435,-7,0,0
292,2003,2,23,29,16,23,23,0.4375,7,0,0,0,0,36047029200,11214,1,133,107,133,0.242991,26,0,0
292,2003,3,18,23,26,18,18,-0.307692,-8,0,0,0,0,36047029200,11214,1,106,104,106,0.019231,2,0,0
292,2003,4,23,18,25,23,23,-0.08,-2,0,0,0,0,36047029200,11214,0,95,93,95,0.021505,2,0,0
292,2003,5,27,23,26,27,27,0.038462,1,0,0,0,0,36047029200,11214,0,92,107,92,-0.140187,-15,0,0
292,2004,0,27,27,22,26,26,0.227273,5,0.038462,1,0.038462,1,36047029200,11214,0,112,126,114,-0.111111,-14,-0.017544,-2
292,2004,1,26,27,29,16,16,-0.103448,-3,0.625,10,0.625,10,36047029200,11214,1,128,124,116,0.032258,4,0.103448,12
292,2004,2,26,26,23,29,29,0.130435,3,-0.103448,-3,-0.103448,-3,36047029200,11214,0,116,133,103,-0.12782,-17,0.126214,13
292,2004,3,21,26,18,24,24,0.166667,3,-0.125,-3,-0.125,-3,36047029200,11214,1,126,106,94,0.188679,20,0.340426,32
292,2004,4,17,21,23,26,26,-0.26087,-6,-0.346154,-9,-0.346154,-9,36047029200,11214,1,91,95,105,-0.042105,-4,-0.133333,-14
292,2004,5,24,17,27,24,24,-0.111111,-3,0,0,0,0,36047029200,11214,0,85,92,97,-0.076087,-7,-0.123711,-12
292,2005,0,29,29,27,24,24,0.074074,2,0.208333,5,0.208333,5,36047029200,11214,0,114,112,115,0.017857,2,-0.008696,-1
292,2005,1,26,29,26,27,27,0,0,-0.037037,-1,-0.037037,-1,36047029200,11214,0,120,128,131,-0.0625,-8,-0.083969,-11
292,2005,2,27,26,26,16,16,0.038462,1,0.6875,11,0.6875,11,36047029200,11214,0,129,116,107,0.112069,13,0.205607,22
292,2005,3,27,27,21,26,26,0.285714,6,0.038462,1,0.038462,1,36047029200,11214,0,101,126,104,-0.198413,-25,-0.028846,-3
292,2005,4,19,27,17,25,25,0.117647,2,-0.24,-6,-0.24,-6,36047029200,11214,1,125,91,93,0.373626,34,0.344086,32
292,2005,5,15,19,24,26,26,-0.375,-9,-0.423077,-11,-0.423077,-11,36047029200,11214,1,89,85,107,0.047059,4,-0.168224,-18
292,2006,0,23,23,29,22,22,-0.206897,-6,0.045455,1,0.045455,1,36047029200,11214,0,96,114,126,-0.157895,-18,-0.238095,-30
292,2006,1,33,23,26,29,29,0.269231,7,0.137931,4,0.137931,4,36047029200,11214,0,120,120,124,0,0,-0.032258,-4
292,2006,2,23,33,27,23,23,-0.148148,-4,0,0,0,0,36047029200,11214,1,120,129,133,-0.069767,-9,-0.097744,-13
292,2006,3,27,23,27,18,18,0,0,0.5,9,0.5,9,36047029200,11214,0,116,101,106,0.148515,15,0.09434,10
292,2006,4,22,27,19,23,23,0.157895,3,-0.043478,-1,-0.043478,-1,36047029200,11214,0,95,125,95,-0.24,-30,0,0
292,2006,5,17,22,15,27,27,0.133333,2,-0.37037,-10,-0.37037,-10,36047029200,11214,1,117,89,92,0.314607,28,0.271739,25
292,2007,0,17,17,23,27,27,-0.26087,-6,-0.37037,-10,-0.37037,-10,36047029200,11214,1,125,96,112,0.302083,29,0.116071,13
292,2007,1,26,17,33,26,26,-0.212121,-7,0,0,0,0,36047029200,11214,1,100,120,128,-0.166667,-20,-0.21875,-28
292,2007,2,26,26,23,26,26,0.130435,3,0,0,0,0,36047029200,11214,0,112,120,116,-0.066667,-8,-0.034483,-4
292,2007,3,20,26,27,21,21,-0.259259,-7,-0.047619,-1,-0.047619,-1,36047029200,11214,1,110,116,126,-0.051724,-6,-0.126984,-16
292,2007,4,24,20,22,17,17,0.090909,2,0.411765,7,0.411765,7,36047029200,11214,0,110,95,91,0.157895,15,0.208791,19
292,2007,5,23,24,17,24,24,0.352941,6,-0.041667,-1,-0.041667,-1,36047029200,11214,1,99,117,85,-0.153846,-18,0.164706,14
292,2008,0,25,25,17,29,29,0.470588,8,-0.137931,-4,-0.137931,-4,36047029200,11214,0,88,125,114,-0.296,-37,-0.22807,-26
292,2008,1,21,25,26,26,26,-0.192308,-5,-0.192308,-5,-0.192308,-5,36047029200,11214,1,139,100,120,0.39,39,0.158333,19
292,2008,2,28,21,26,27,27,0.076923,2,0.037037,1,0.037037,1,36047029200,11214,1,107,112,129,-0.044643,-5,-0.170543,-22
292,2008,3,22,28,20,27,27,0.1,2,-0.185185,-5,-0.185185,-5,36047029200,11214,0,112,110,101,0.018182,2,0.108911,11
292,2008,4,21,22,24,19,19,-0.125,-3,0.105263,2,0.105263,2,36047029200,11214,1,103,110,125,-0.063636,-7,-0.176,-22
292,2008,5,22,21,23,15,15,-0.043478,-1,0.466667,7,0.466667,7,36047029200,11214,0,110,99,89,0.111111,11,0.235955,21
292,2009,0,25,25,25,23,23,0,0,0.086957,2,0.086957,2,36047029200,11214,0,115,88,96,0.306818,27,0.197917,19
292,2009,1,31,25,21,33,33,0.47619,10,-0.060606,-2,-0.060606,-2,36047029200,11214,0,105,139,120,-0.244604,-34,-0.125,-15
292,2009,2,23,31,28,23,23,-0.178571,-5,0,0,0,0,36047029200,11214,0,149,107,120,0.392523,42,0.241667,29
292,2009,3,27,23,22,27,27,0.227273,5,0,0,0,0,36047029200,11214,0,116,112,116,0.035714,4,0,0
292,2009,4,22,27,21,22,22,0.047619,1,0,0,0,0,36047029200,11214,0,115,103,95,0.116505,12,0.210526,20
292,2009,5,26,22,22,17,17,0.181818,4,0.529412,9,0.529412,9,36047029200,11214,0,90,110,117,-0.181818,-20,-0.230769,-27
292,2010,0,26,26,25,17,17,0.04,1,0.529412,9,0.529412,9,36047029200,11214,0,123,115,125,0.069565,8,-0.016,-2
292,2010,1,28,26,31,26,26,-0.096774,-3,0.076923,2,0.076923,2,36047029200,11214,0,125,105,100,0.190476,20,0.25,25
292,2010,2,33,28,23,26,26,0.434783,10,0.269231,7,0.269231,7,36047029200,11214,0,103,149,112,-0.308725,-46,-0.080357,-9
292,2010,3,22,33,27,20,20,-0.185185,-5,0.1,2,0.1,2,36047029200,11214,0,136,116,110,0.172414,20,0.236364,26
292,2010,4,25,22,22,24,24,0.136364,3,0.041667,1,0.041667,1,36047029200,11214,0,127,115,110,0.104348,12,0.154545,17
292,2010,5,21,25,26,23,23,-0.192308,-5,-0.086957,-2,-0.086957,-2,36047029200,11214,0,117,90,99,0.3,27,0.181818,18
294,2001,0,5,5,5,5,5,0,0,0,0,0,0,36047029400,11214,1,118,118,118,0,0,0,0
294,2001,1,14,5,14,14,14,0,0,0,0,0,0,36047029400,11214,0,102,102,102,0,0,0,0
294,2001,2,3,14,3,3,3,0,0,0,0,0,0,36047029400,11214,1,120,120,120,0,0,0,0
294,2001,3,17,3,17,17,17,0,0,0,0,0,0,36047029400,11214,0,92,92,92,0,0,0,0
294,2001,4,10,17,10,10,10,0,0,0,0,0,0,36047029400,11214,0,110,110,110,0,0,0,0
294,2001,5,7,10,7,7,7,0,0,0,0,0,0,36047029400,11214,1,102,102,102,0,0,0,0
294,2002,0,6,6,5,6,6,0.2,1,0,0,0,0,36047029400,11214,0,113,118,113,-0.042373,-5,0,0
294,2002,1,6,6,14,6,6,-0.571429,-8,0,0,0,0,36047029400,11214,1,132,102,132,0.294118,30,0,0
294,2002,2,14,6,3,14,14,3.666667,11,0,0,0,0,36047029400,11214,0,94,120,94,-0.216667,-26,0,0
294,2002,3,5,14,17,5,5,-0.705882,-12,0,0,0,0,36047029400,11214,1,115,92,115,0.25,23,0,0
294,2002,4,18,5,10,18,18,0.8,8,0,0,0,0,36047029400,11214,0,92,110,92,-0.163636,-18,0,0
294,2002,5,10,18,7,10,10,0.428571,3,0,0,0,0,36047029400,11214,0,108,102,108,0.058824,6,0,0
294,2003,0,10,10,6,10,10,0.666667,4,0,0,0,0,36047029400,11214,0,125,113,125,0.106195,12,0,0
294,2003,1,6,10,6,6,6,0,0,0,0,0,0,36047029400,11214,1,126,132,126,-0.045455,-6,0,0
294,2003,2,8,6,14,8,8,-0.428571,-6,0,0,0,0,36047029400,11214,1,128,94,128,0.361702,34,0,0
294,2003,3,10,8,5,10,10,1,5,0,0,0,0,36047029400,11214,0,98,115,98,-0.147826,-17,0,0
294,2003,4,5,10,18,5,5,-0.722222,-13,0,0,0,0,36047029400,11214,1,102,92,102,0.108696,10,0,0
294,2003,5,19,5,10,19,19,0.9,9,0,0,0,0,36047029400,11214,0,91,108,91,-0.157407,-17,0,0
294,2004,0,6,6,10,5,5,-0.4,-4,0.2,1,0.2,1,36047029400,11214,1,121,125,118,-0.032,-4,0.025424,3
294,2004,1,11,6,6,14,14,0.833333,5,-0.214286,-3,-0.214286,-3,36047029400,11214,0,134,126,102,0.063492,8,0.313725,32
294,2004,2,4,11,8,3,3,-0.5,-4,0.333333,1,0.333333,1,36047029400,11214,1,116,128,120,-0.09375,-12,-0.033333,-4
294,2004,3,10,4,10,17,17,0,0,-0.411765,-7,-0.411765,-7,36047029400,11214,0,119,98,92,0.214286,21,0.293478,27
294,2004,4,8,10,5,10,10,0.6,3,-0.2,-2,-0.2,-2,36047029400,11214,0,81,102,110,-0.205882,-21,-0.263636,-29
294,2004,5,6,8,19,7,7,-0.684211,-13,-0.142857,-1,-0.142857,-1,36047029400,11214,1,93,91,102,0.021978,2,-0.088235,-9
294,2005,0,4,4,6,6,6,-0.333333,-2,-0.333333,-2,-0.333333,-2,36047029400,11214,0,128,121,113,0.057851,7,0.132743,15
294,2005,1,9,4,11,6,6,-0.181818,-2,0.5,3,0.5,3,36047029400,11214,0,121,134,132,-0.097015,-13,-0.083333,-11
294,2005,2,11,9,4,14,14,1.75,7,-0.214286,-3,-0.214286,-3,36047029400,11214,0,136,116,94,0.172414,20,0.446809,42
294,2005,3,7,11,10,5,5,-0.3,-3,0.4,2,0.4,2,36047029400,11214,0,98,119,115,-0.176471,-21,-0.147826,-17
294,2005,4,9,7,8,18,18,0.125,1,-0.5,-9,-0.5,-9,36047029400,11214,0,116,81,92,0.432099,35,0.26087,24
294,2005,5,9,9,6,10,10,0.5,3,-0.1,-1,-0.1,-1,36047029400,11214,0,75,93,108,-0.193548,-18,-0.305556,-33
294,2006,0,10,10,4,10,10,1.5,6,0,0,0,0,36047029400,11214,0,94,128,125,-0.265625,-34,-0.248,-31
294,2006,1,4,10,9,6,6,-0.555556,-5,-0.333333,-2,-0.333333,-2,36047029400,11214,1,134,121,126,0.107438,13,0.063492,8
294,2006,2,7,4,11,8,8,-0.363636,-4,-0.125,-1,-0.125,-1,36047029400,11214,1,122,136,128,-0.102941,-14,-0.046875,-6
294,2006,3,10,7,7,10,10,0.428571,3,0,0,0,0,36047029400,11214,0,125,98,98,0.27551,27,0.27551,27
294,2006,4,9,10,9,5,5,0,0,0.8,4,0.8,4,36047029400,11214,0,88,116,102,-0.241379,-28,-0.137255,-14
294,2006,5,12,9,9,19,19,0.333333,3,-0.368421,-7,-0.368421,-7,36047029400,11214,0,103,75,91,0.373333,28,0.131868,12
294,2007,0,6,6,10,6,6,-0.4,-4,0,0,0,0,36047029400,11214,0,119,94,121,0.265957,25,-0.016529,-2
294,2007,1,8,6,4,11,11,1,4,-0.272727,-3,-0.272727,-3,36047029400,11214,0,106,134,134,-0.208955,-28,-0.208955,-28
294,2007,2,4,8,7,4,4,-0.428571,-3,0,0,0,0,36047029400,11214,0,117,122,116,-0.040984,-5,0.008621,1
294,2007,3,4,4,10,10,10,-0.6,-6,-0.6,-6,-0.6,-6,36047029400,11214,1,117,125,119,-0.064,-8,-0.016807,-2
294,2007,4,9,4,9,8,8,0,0,0.125,1,0.125,1,36047029400,11214,0,117,88,81,0.329545,29,0.444444,36
294,2007,5,11,9,12,6,6,-0.083333,-1,0.833333,5,0.833333,5,36047029400,11214,0,91,103,93,-0.116505,-12,-0.021505,-2
294,2008,0,7,7,6,4,4,0.166667,1,0.75,3,0.75,3,36047029400,11214,1,88,119,128,-0.260504,-31,-0.3125,-40
294,2008,1,7,7,8,9,9,-0.125,-1,-0.222222,-2,-0.222222,-2,36047029400,11214,0,136,106,121,0.283019,30,0.123967,15
294,2008,2,10,7,4,11,11,1.5,6,-0.090909,-1,-0.090909,-1,36047029400,11214,0,112,117,136,-0.042735,-5,-0.176471,-24
294,2008,3,4,10,4,7,7,0,0,-0.428571,-3,-0.428571,-3,36047029400,11214,0,115,117,98,-0.017094,-2,0.173469,17
294,2008,4,3,4,9,9,9,-0.666667,-6,-0.666667,-6,-0.666667,-6,36047029400,11214,1,109,117,116,-0.068376,-8,-0.060345,-7
294,2008,5,10,3,11,9,9,-0.090909,-1,0.111111,1,0.111111,1,36047029400,11214,0,111,91,75,0.21978,20,0.48,36
294,2009,0,6,6,7,10,10,-0.142857,-1,-0.4,-4,-0.4,-4,36047029400,11214,0,126,88,94,0.431818,38,0.340426,32
294,2009,1,7,6,7,4,4,0,0,0.75,3,0.75,3,36047029400,11214,0,106,136,134,-0.220588,-30,-0.208955,-28
294,2009,2,6,7,10,7,7,-0.4,-4,-0.142857,-1,-0.142857,-1,36047029400,11214,0,148,112,122,0.321429,36,0.213115,26
294,2009,3,9,6,4,10,10,1.25,5,-0.1,-1,-0.1,-1,36047029400,11214,0,119,115,125,0.034783,4,-0.048,-6
294,2009,4,3,9,3,9,9,0,0,-0.666667,-6,-0.666667,-6,36047029400,11214,0,120,109,88,0.100917,11,0.363636,32
294,2009,5,3,3,10,12,12,-0.7,-7,-0.75,-9,-0.75,-9,36047029400,11214,0,102,111,103,-0.081081,-9,-0.009709,-1
294,2010,0,13,13,6,6,6,1.166667,7,1.166667,7,1.166667,7,36047029400,11214,0,117,126,119,-0.071429,-9,-0.016807,-2
294,2010,1,5,13,7,8,8,-0.285714,-2,-0.375,-3,-0.375,-3,36047029400,11214,0,136,106,106,0.283019,30,0.283019,30
294,2010,2,5,5,6,4,4,-0.166667,-1,0.25,1,0.25,1,36047029400,11214,0,108,148,117,-0.27027,-40,-0.076923,-9
294,2010,3,6,5,9,4,4,-0.333333,-3,0.5,2,0.5,2,36047029400,11214,0,138,119,117,0.159664,19,0.179487,21
294,2010,4,9,6,3,9,9,2,6,0,0,0,0,36047029400,11214,0,127,120,117,0.058333,7,0.08547,10
294,2010,5,3,9,3,11,11,0,0,-0.727273,-8,-0.727273,-8,36047029400,11214,0,121,102,91,0.186275,19,0.32967,30
296,2001,0,7,7,7,7,7,0,0,0,0,0,0,36047029600,11214,1,25,25,25,0,0,0,0
296,2001,1,12,7,12,12,12,0,0,0,0,0,0,36047029600,11214,0,35,35,35,0,0,0,0
296,2001,2,14,12,14,14,14,0,0,0,0,0,0,36047029600,11214,0,20,20,20,0,0,0,0
296,2001,3,13,14,13,13,13,0,0,0,0,0,0,36047029600,11214,0,24,24,24,0,0,0,0
296,2001,4,9,13,9,9,9,0,0,0,0,0,0,36047029600,11214,0,21,21,21,0,0,0,0
296,2001,5,11,9,11,11,11,0,0,0,0,0,0,36047029600,11214,0,29,29,29,0,0,0,0
296,2002,0,10,10,7,10,10,0.428571,3,0,0,0,0,36047029600,11214,0,36,25,36,0.44,11,0,0
296,2002,1,8,10,12,8,8,-0.333333,-4,0,0,0,0,36047029600,11214,1,32,35,32,-0.085714,-3,0,0
296,2002,2,8,8,14,8,8,-0.428571,-6,0,0,0,0,36047029600,11214,0,32,20,32,0.6,12,0,0
296,2002,3,9,8,13,9,9,-0.307692,-4,0,0,0,0,36047029600,11214,0,21,24,21,-0.125,-3,0,0
296,2002,4,8,9,9,8,8,-0.111111,-1,0,0,0,0,36047029600,11214,1,25,21,25,0.190476,4,0,0
296,2002,5,10,8,11,10,10,-0.090909,-1,0,0,0,0,36047029600,11214,0,25,29,25,-0.137931,-4,0,0
296,2003,0,13,13,10,13,13,0.3,3,0,0,0,0,36047029600,11214,0,23,36,23,-0.361111,-13,0,0
296,2003,1,10,13,8,10,10,0.25,2,0,0,0,0,36047029600,11214,0,41,32,41,0.28125,9,0,0
296,2003,2,10,10,8,10,10,0.25,2,0,0,0,0,36047029600,11214,1,31,32,31,-0.03125,-1,0,0
296,2003,3,9,10,9,9,9,0,0,0,0,0,0,36047029600,11214,0,36,21,36,0.714286,15,0,0
296,2003,4,11,9,8,11,11,0.375,3,0,0,0,0,36047029600,11214,0,25,25,25,0,0,0,0
296,2003,5,9,11,10,9,9,-0.1,-1,0,0,0,0,36047029600,11214,0,27,25,27,0.08,2,0,0
296,2004,0,11,11,13,7,7,-0.153846,-2,0.571429,4,0.571429,4,36047029600,11214,1,29,23,25,0.26087,6,0.16,4
296,2004,1,16,11,10,12,12,0.6,6,0.333333,4,0.333333,4,36047029600,11214,0,18,41,35,-0.560976,-23,-0.485714,-17
296,2004,2,8,16,10,14,14,-0.2,-2,-0.428571,-6,-0.428571,-6,36047029600,11214,1,41,31,20,0.322581,10,1.05,21
296,2004,3,8,8,9,13,13,-0.111111,-1,-0.384615,-5,-0.384615,-5,36047029600,11214,1,28,36,24,-0.222222,-8,0.166667,4
296,2004,4,12,8,11,9,9,0.090909,1,0.333333,3,0.333333,3,36047029600,11214,0,35,25,21,0.4,10,0.666667,14
296,2004,5,12,12,9,11,11,0.333333,3,0.090909,1,0.090909,1,36047029600,11214,0,24,27,29,-0.111111,-3,-0.172414,-5
296,2005,0,10,10,11,10,10,-0.090909,-1,0,0,0,0,36047029600,11214,0,20,29,36,-0.310345,-9,-0.444444,-16
296,2005,1,12,10,16,8,8,-0.25,-4,0.5,4,0.5,4,36047029600,11214,0,32,18,32,0.777778,14,0,0
296,2005,2,15,12,8,8,8,0.875,7,0.875,7,0.875,7,36047029600,11214,0,18,41,32,-0.560976,-23,-0.4375,-14
296,2005,3,11,15,8,9,9,0.375,3,0.222222,2,0.222222,2,36047029600,11214,0,37,28,21,0.321429,9,0.761905,16
296,2005,4,6,11,12,8,8,-0.5,-6,-0.25,-2,-0.25,-2,36047029600,11214,1,30,35,25,-0.142857,-5,0.2,5
296,2005,5,11,6,12,10,10,-0.083333,-1,0.1,1,0.1,1,36047029600,11214,0,35,24,25,0.458333,11,0.4,10
296,2006,0,14,14,10,13,13,0.4,4,0.076923,1,0.076923,1,36047029600,11214,0,36,20,23,0.8,16,0.565217,13
296,2006,1,9,14,12,10,10,-0.25,-3,-0.1,-1,-0.1,-1,36047029600,11214,0,28,32,41,-0.125,-4,-0.317073,-13
296,2006,2,11,9,15,10,10,-0.266667,-4,0.1,1,0.1,1,36047029600,11214,0,26,18,31,0.444444,8,-0.16129,-5
296,2006,3,12,11,11,9,9,0.090909,1,0.333333,3,0.333333,3,36047029600,11214,0,19,37,36,-0.486486,-18,-0.472222,-17
296,2006,4,11,12,6,11,11,0.833333,5,0,0,0,0,36047029600,11214,0,38,30,25,0.266667,8,0.52,13
296,2006,5,6,11,11,9,9,-0.454545,-5,-0.333333,-3,-0.333333,-3,36047029600,11214,1,28,35,27,-0.2,-7,0.037037,1
296,2007,0,10,10,14,11,11,-0.285714,-4,-0.090909,-1,-0.090909,-1,36047029600,11214,0,34,36,29,-0.055556,-2,0.172414,5
296,2007,1,12,10,9,16,16,0.333333,3,-0.25,-4,-0.25,-4,36047029600,11214,0,34,28,18,0.214286,6,0.888889,16
296,2007,2,10,12,11,8,8,-0.090909,-1,0.25,2,0.25,2,36047029600,11214,0,27,26,41,0.038462,1,-0.341463,-14
296,2007,3,10,10,12,8,8,-0.166667,-2,0.25,2,0.25,2,36047029600,11214,1,22,19,28,0.157895,3,-0.214286,-6
296,2007,4,14,10,11,12,12,0.272727,3,0.166667,2,0.166667,2,36047029600,11214,0,21,38,35,-0.447368,-17,-0.4,-14
296,2007,5,12,14,6,12,12,1,6,0,0,0,0,36047029600,11214,1,34,28,24,0.214286,6,0.416667,10
296,2008,0,8,8,10,10,10,-0.2,-2,-0.2,-2,-0.2,-2,36047029600,11214,1,25,34,20,-0.264706,-9,0.25,5
296,2008,1,10,8,12,12,12,-0.166667,-2,-0.166667,-2,-0.166667,-2,36047029600,11214,1,34,34,32,0,0,0.0625,2
296,2008,2,12,10,10,15,15,0.2,2,-0.2,-3,-0.2,-3,36047029600,11214,0,30,27,18,0.111111,3,0.666667,12
296,2008,3,9,12,10,11,11,-0.1,-1,-0.181818,-2,-0.181818,-2,36047029600,11214,0,27,22,37,0.227273,5,-0.27027,-10
296,2008,4,9,9,14,6,6,-0.357143,-5,0.5,3,0.5,3,36047029600,11214,1,24,21,30,0.142857,3,-0.2,-6
296,2008,5,13,9,12,11,11,0.083333,1,0.181818,2,0.181818,2,36047029600,11214,0,24,34,35,-0.294118,-10,-0.314286,-11
296,2009,0,9,9,8,14,14,0.125,1,-0.357143,-5,-0.357143,-5,36047029600,11214,0,29,25,36,0.16,4,-0.194444,-7
296,2009,1,12,9,10,9,9,0.2,2,0.333333,3,0.333333,3,36047029600,11214,0,32,34,28,-0.058824,-2,0.142857,4
296,2009,2,9,12,12,11,11,-0.25,-3,-0.181818,-2,-0.181818,-2,36047029600,11214,0,36,30,26,0.2,6,0.384615,10
296,2009,3,14,9,9,12,12,0.555556,5,0.166667,2,0.166667,2,36047029600,11214,0,33,27,19,0.222222,6,0.736842,14
296,2009,4,10,14,9,11,11,0.111111,1,-0.090909,-1,-0.090909,-1,36047029600,11214,0,26,24,38,0.083333,2,-0.315789,-12
296,2009,5,16,10,13,6,6,0.230769,3,1.666667,10,1.666667,10,36047029600,11214,0,21,24,28,-0.125,-3,-0.25,-7
296,2010,0,11,11,9,10,10,0.222222,2,0.1,1,0.1,1,36047029600,11214,0,44,29,34,0.517241,15,0.294118,10
296,2010,1,13,11,12,12,12,0.083333,1,0.083333,1,0.083333,1,36047029600,11214,0,38,32,34,0.1875,6,0.117647,4
296,2010,2,11,13,9,10,10,0.222222,2,0.1,1,0.1,1,36047029600,11214,0,34,36,27,-0.055556,-2,0.259259,7
296,2010,3,11,11,14,10,10,-0.214286,-3,0.1,1,0.1,1,36047029600,11214,0,31,33,22,-0.060606,-2,0.409091,9
296,2010,4,14,11,10,14,14,0.4,4,0,0,0,0,36047029600,11214,0,34,26,21,0.307692,8,0.619048,13
296,2010,5,11,14,16,12,12,-0.3125,-5,-0.083333,-1,-0.083333,-1,36047029600,11214,0,24,21,34,0.142857,3,-0.294118,-10
298,2006,0,1,1,0,0,0,1,1,1,1,1,1,36047029800,11214,0,19,13,17,0.461538,6,0.117647,2
298,2010,0,1,1,0,0,0,1,1,1,1,1,1,36047029800,11214,0,20,18,13,0.111111,2,0.538462,7
421,2006,2,1,0,0,0,0,1,1,1,1,1,1,36047042100,11221,0,0,0,0,0,0,0,0
421,2007,3,1,0,0,0,0,1,1,1,1,1,1,36047042100,11221,0,0,0,0,0,0,0,0
421,2008,4,1,0,0,0,0,1,1,1,1,1,1,36047042100,11221,0,0,0,0,0,0,0,0
428,2001,0,1,1,1,1,1,0,0,0,0,0,0,36047042800,11204,0,31,31,31,0,0,0,0
428,2001,2,1,0,1,1,1,0,0,0,0,0,0,36047042800,11204,0,35,35,35,0,0,0,0
428,2001,5,1,0,1,1,1,0,0,0,0,0,0,36047042800,11204,0,30,30,30,0,0,0,0
430,2001,0,29,29,29,29,29,0,0,0,0,0,0,36047043000,11204,0,143,143,143,0,0,0,0
430,2001,1,27,29,27,27,27,0,0,0,0,0,0,36047043000,11204,0,99,99,99,0,0,0,0
430,2001,2,29,27,29,29,29,0,0,0,0,0,0,36047043000,11204,0,129,129,129,0,0,0,0
430,2001,3,30,29,30,30,30,0,0,0,0,0,0,36047043000,11204,0,122,122,122,0,0,0,0
430,2001,4,26,30,26,26,26,0,0,0,0,0,0,36047043000,11204,1,116,116,116,0,0,0,0
430,2001,5,22,26,22,22,22,0,0,0,0,0,0,36047043000,11204,1,124,124,124,0,0,0,0
430,2002,0,17,17,29,17,17,-0.413793,-12,0,0,0,0,36047043000,11204,1,117,143,117,-0.181818,-26,0,0
430,2002,1,29,17,27,29,29,0.074074,2,0,0,0,0,36047043000,11204,0,144,99,144,0.454545,45,0,0
430,2002,2,24,29,29,24,24,-0.172414,-5,0,0,0,0,36047043000,11204,0,112,129,112,-0.131783,-17,0,0
430,2002,3,29,24,30,29,29,-0.033333,-1,0,0,0,0,36047043000,11204,0,127,122,127,0.040984,5,0,0
430,2002,4,26,29,26,26,26,0,0,0,0,0,0,36047043000,11204,0,120,116,120,0.034483,4,0,0
430,2002,5,26,26,22,26,26,0.181818,4,0,0,0,0,36047043000,11204,0,112,124,112,-0.096774,-12,0,0
430,2003,0,19,19,17,19,19,0.117647,2,0,0,0,0,36047043000,11204,1,111,117,111,-0.051282,-6,0,0
430,2003,1,20,19,29,20,20,-0.310345,-9,0,0,0,0,36047043000,11204,1,116,144,116,-0.194444,-28,0,0
430,2003,2,25,20,24,25,25,0.041667,1,0,0,0,0,36047043000,11204,0,150,112,150,0.339286,38,0,0
430,2003,3,24,25,29,24,24,-0.172414,-5,0,0,0,0,36047043000,11204,0,115,127,115,-0.094488,-12,0,0
430,2003,4,29,24,26,29,29,0.115385,3,0,0,0,0,36047043000,11204,0,122,120,122,0.016667,2,0,0
430,2003,5,28,29,26,28,28,0.076923,2,0,0,0,0,36047043000,11204,0,125,112,125,0.116071,13,0,0
430,2004,0,24,24,19,29,29,0.263158,5,-0.172414,-5,-0.172414,-5,36047043000,11204,0,126,111,143,0.135135,15,-0.118881,-17
430,2004,1,17,24,20,27,27,-0.15,-3,-0.37037,-10,-0.37037,-10,36047043000,11204,1,126,116,99,0.086207,10,0.272727,27
430,2004,2,21,17,25,29,29,-0.16,-4,-0.275862,-8,-0.275862,-8,36047043000,11204,1,113,150,129,-0.246667,-37,-0.124031,-16
430,2004,3,22,21,24,30,30,-0.083333,-2,-0.266667,-8,-0.266667,-8,36047043000,11204,0,160,115,122,0.391304,45,0.311475,38
430,2004,4,25,22,29,26,26,-0.137931,-4,-0.038462,-1,-0.038462,-1,36047043000,11204,0,126,122,116,0.032787,4,0.086207,10
430,2004,5,26,25,28,22,22,-0.071429,-2,0.181818,4,0.181818,4,36047043000,11204,0,119,125,124,-0.048,-6,-0.040323,-5
430,2005,0,25,25,24,17,17,0.041667,1,0.470588,8,0.470588,8,36047043000,11204,0,145,126,117,0.150794,19,0.239316,28
430,2005,1,25,25,17,29,29,0.470588,8,-0.137931,-4,-0.137931,-4,36047043000,11204,0,115,126,144,-0.087302,-11,-0.201389,-29
430,2005,2,21,25,21,24,24,0,0,-0.125,-3,-0.125,-3,36047043000,11204,0,129,113,112,0.141593,16,0.151786,17
430,2005,3,21,21,22,29,29,-0.045455,-1,-0.275862,-8,-0.275862,-8,36047043000,11204,0,125,160,127,-0.21875,-35,-0.015748,-2
430,2005,4,27,21,25,26,26,0.08,2,0.038462,1,0.038462,1,36047043000,11204,0,153,126,120,0.214286,27,0.275,33
430,2005,5,21,27,26,26,26,-0.192308,-5,-0.192308,-5,-0.192308,-5,36047043000,11204,0,122,119,112,0.02521,3,0.089286,10
430,2006,0,19,19,25,19,19,-0.24,-6,0,0,0,0,36047043000,11204,1,147,145,111,0.013793,2,0.324324,36
430,2006,1,20,19,25,20,20,-0.2,-5,0,0,0,0,36047043000,11204,0,147,115,116,0.278261,32,0.267241,31
430,2006,2,25,20,21,25,25,0.190476,4,0,0,0,0,36047043000,11204,0,127,129,150,-0.015504,-2,-0.153333,-23
430,2006,3,16,25,21,24,24,-0.238095,-5,-0.333333,-8,-0.333333,-8,36047043000,11204,1,132,125,115,0.056,7,0.147826,17
430,2006,4,21,16,27,29,29,-0.222222,-6,-0.275862,-8,-0.275862,-8,36047043000,11204,0,121,153,122,-0.20915,-32,-0.008197,-1
430,2006,5,27,21,21,28,28,0.285714,6,-0.035714,-1,-0.035714,-1,36047043000,11204,0,149,122,125,0.221311,27,0.192,24
430,2007,0,17,17,19,24,24,-0.105263,-2,-0.291667,-7,-0.291667,-7,36047043000,11204,1,117,147,126,-0.204082,-30,-0.071429,-9
430,2007,1,21,17,20,17,17,0.05,1,0.235294,4,0.235294,4,36047043000,11204,1,145,147,126,-0.013605,-2,0.150794,19
430,2007,2,22,21,25,21,21,-0.12,-3,0.047619,1,0.047619,1,36047043000,11204,1,143,127,113,0.125984,16,0.265487,30
430,2007,3,23,22,16,22,22,0.4375,7,0.045455,1,0.045455,1,36047043000,11204,0,132,132,160,0,0,-0.175,-28
430,2007,4,17,23,21,25,25,-0.190476,-4,-0.32,-8,-0.32,-8,36047043000,11204,1,129,121,126,0.066116,8,0.02381,3
430,2007,5,23,17,27,26,26,-0.148148,-4,-0.115385,-3,-0.115385,-3,36047043000,11204,0,122,149,119,-0.181208,-27,0.02521,3
430,2008,0,29,29,17,25,25,0.705882,12,0.16,4,0.16,4,36047043000,11204,0,137,117,145,0.17094,20,-0.055172,-8
430,2008,1,20,29,21,25,25,-0.047619,-1,-0.2,-5,-0.2,-5,36047043000,11204,0,124,145,115,-0.144828,-21,0.078261,9
430,2008,2,21,20,22,21,21,-0.045455,-1,0,0,0,0,36047043000,11204,1,149,143,129,0.041958,6,0.155039,20
430,2008,3,24,21,23,21,21,0.043478,1,0.142857,3,0.142857,3,36047043000,11204,0,139,132,125,0.05303,7,0.112,14
430,2008,4,22,24,17,27,27,0.294118,5,-0.185185,-5,-0.185185,-5,36047043000,11204,0,138,129,153,0.069767,9,-0.098039,-15
430,2008,5,19,22,23,21,21,-0.173913,-4,-0.095238,-2,-0.095238,-2,36047043000,11204,0,131,122,122,0.07377,9,0.07377,9
430,2009,0,20,20,29,19,19,-0.310345,-9,0.052632,1,0.052632,1,36047043000,11204,0,136,137,147,-0.007299,-1,-0.07483,-11
430,2009,1,33,20,20,20,20,0.65,13,0.65,13,0.65,13,36047043000,11204,0,154,124,147,0.241935,30,0.047619,7
430,2009,2,25,33,21,25,25,0.190476,4,0,0,0,0,36047043000,11204,0,141,149,127,-0.053691,-8,0.110236,14
430,2009,3,23,25,24,16,16,-0.041667,-1,0.4375,7,0.4375,7,36047043000,11204,0,149,139,132,0.071942,10,0.128788,17
430,2009,4,24,23,22,21,21,0.090909,2,0.142857,3,0.142857,3,36047043000,11204,0,146,138,121,0.057971,8,0.206612,25
430,2009,5,22,24,19,27,27,0.157895,3,-0.185185,-5,-0.185185,-5,36047043000,11204,0,128,131,149,-0.022901,-3,-0.14094,-21
430,2010,0,29,29,20,17,17,0.45,9,0.705882,12,0.705882,12,36047043000,11204,0,169,136,117,0.242647,33,0.444444,52
430,2010,1,22,29,33,21,21,-0.333333,-11,0.047619,1,0.047619,1,36047043000,11204,0,132,154,145,-0.142857,-22,-0.089655,-13
430,2010,2,35,22,25,22,22,0.4,10,0.590909,13,0.590909,13,36047043000,11204,0,162,141,143,0.148936,21,0.132867,19
430,2010,3,25,35,23,23,23,0.086957,2,0.086957,2,0.086957,2,36047043000,11204,0,138,149,132,-0.073826,-11,0.045455,6
430,2010,4,23,25,24,17,17,-0.041667,-1,0.352941,6,0.352941,6,36047043000,11204,0,156,146,129,0.068493,10,0.209302,27
430,2010,5,18,23,22,23,23,-0.181818,-4,-0.217391,-5,-0.217391,-5,36047043000,11204,0,140,128,122,0.09375,12,0.147541,18
432,2001,0,20,20,20,20,20,0,0,0,0,0,0,36047043200,11204,0,30,30,30,0,0,0,0
432,2001,1,9,20,9,9,9,0,0,0,0,0,0,36047043200,11204,1,27,27,27,0,0,0,0
432,2001,2,16,9,16,16,16,0,0,0,0,0,0,36047043200,11204,1,31,31,31,0,0,0,0
432,2001,3,15,16,15,15,15,0,0,0,0,0,0,36047043200,11204,0,30,30,30,0,0,0,0
432,2001,4,14,15,14,14,14,0,0,0,0,0,0,36047043200,11204,0,26,26,26,0,0,0,0
432,2001,5,15,14,15,15,15,0,0,0,0,0,0,36047043200,11204,0,23,23,23,0,0,0,0
432,2002,0,15,15,20,15,15,-0.25,-5,0,0,0,0,36047043200,11204,0,17,30,17,-0.433333,-13,0,0
432,2002,1,22,15,9,22,22,1.444444,13,0,0,0,0,36047043200,11204,0,30,27,30,0.111111,3,0,0
432,2002,2,13,22,16,13,13,-0.1875,-3,0,0,0,0,36047043200,11204,0,24,31,24,-0.225806,-7,0,0
432,2002,3,16,13,15,16,16,0.066667,1,0,0,0,0,36047043200,11204,1,29,30,29,-0.033333,-1,0,0
432,2002,4,16,16,14,16,16,0.142857,2,0,0,0,0,36047043200,11204,0,26,26,26,0,0,0,0
432,2002,5,19,16,15,19,19,0.266667,4,0,0,0,0,36047043200,11204,0,26,23,26,0.130435,3,0,0
432,2003,0,16,16,15,16,16,0.066667,1,0,0,0,0,36047043200,11204,1,19,17,19,0.117647,2,0,0
432,2003,1,14,16,22,14,14,-0.363636,-8,0,0,0,0,36047043200,11204,0,20,30,20,-0.333333,-10,0,0
432,2003,2,21,14,13,21,21,0.615385,8,0,0,0,0,36047043200,11204,0,25,24,25,0.041667,1,0,0
432,2003,3,11,21,16,11,11,-0.3125,-5,0,0,0,0,36047043200,11204,1,24,29,24,-0.172414,-5,0,0
432,2003,4,16,11,16,16,16,0,0,0,0,0,0,36047043200,11204,0,29,26,29,0.115385,3,0,0
432,2003,5,15,16,19,15,15,-0.210526,-4,0,0,0,0,36047043200,11204,0,28,26,28,0.076923,2,0,0
432,2004,0,8,8,16,20,20,-0.5,-8,-0.6,-12,-0.6,-12,36047043200,11204,0,24,19,30,0.263158,5,-0.2,-6
432,2004,1,19,8,14,9,9,0.357143,5,1.111111,10,1.111111,10,36047043200,11204,1,17,20,27,-0.15,-3,-0.37037,-10
432,2004,2,12,19,21,16,16,-0.428571,-9,-0.25,-4,-0.25,-4,36047043200,11204,0,21,25,31,-0.16,-4,-0.322581,-10
432,2004,3,19,12,11,15,15,0.727273,8,0.266667,4,0.266667,4,36047043200,11204,0,22,24,30,-0.083333,-2,-0.266667,-8
432,2004,4,14,19,16,14,14,-0.125,-2,0,0,0,0,36047043200,11204,0,25,29,26,-0.137931,-4,-0.038462,-1
432,2004,5,15,14,15,15,15,0,0,0,0,0,0,36047043200,11204,0,26,28,23,-0.071429,-2,0.130435,3
432,2005,0,19,19,8,15,15,1.375,11,0.266667,4,0.266667,4,36047043200,11204,0,25,24,17,0.041667,1,0.470588,8
432,2005,1,5,19,19,22,22,-0.736842,-14,-0.772727,-17,-0.772727,-17,36047043200,11204,1,25,17,30,0.470588,8,-0.166667,-5
432,2005,2,17,5,12,13,13,0.416667,5,0.307692,4,0.307692,4,36047043200,11204,1,21,21,24,0,0,-0.125,-3
432,2005,3,14,17,19,16,16,-0.263158,-5,-0.125,-2,-0.125,-2,36047043200,11204,0,21,22,29,-0.045455,-1,-0.275862,-8
432,2005,4,14,14,14,16,16,0,0,-0.125,-2,-0.125,-2,36047043200,11204,1,27,25,26,0.08,2,0.038462,1
432,2005,5,15,14,15,19,19,0,0,-0.210526,-4,-0.210526,-4,36047043200,11204,0,21,26,26,-0.192308,-5,-0.192308,-5
432,2006,0,10,10,19,16,16,-0.473684,-9,-0.375,-6,-0.375,-6,36047043200,11204,1,19,25,19,-0.24,-6,0,0
432,2006,1,23,10,5,14,14,3.6,18,0.642857,9,0.642857,9,36047043200,11204,0,20,25,20,-0.2,-5,0,0
432,2006,2,4,23,17,21,21,-0.764706,-13,-0.809524,-17,-0.809524,-17,36047043200,11204,1,25,21,25,0.190476,4,0,0
432,2006,3,19,4,14,11,11,0.357143,5,0.727273,8,0.727273,8,36047043200,11204,0,16,21,24,-0.238095,-5,-0.333333,-8
432,2006,4,11,19,14,16,16,-0.214286,-3,-0.3125,-5,-0.3125,-5,36047043200,11204,0,21,27,29,-0.222222,-6,-0.275862,-8
432,2006,5,13,11,15,15,15,-0.133333,-2,-0.133333,-2,-0.133333,-2,36047043200,11204,1,27,21,28,0.285714,6,-0.035714,-1
432,2007,0,19,19,10,8,8,0.9,9,1.375,11,1.375,11,36047043200,11204,0,17,19,24,-0.105263,-2,-0.291667,-7
432,2007,1,11,19,23,19,19,-0.521739,-12,-0.421053,-8,-0.421053,-8,36047043200,11204,1,21,20,17,0.05,1,0.235294,4
432,2007,2,22,11,4,12,12,4.5,18,0.833333,10,0.833333,10,36047043200,11204,0,22,25,21,-0.12,-3,0.047619,1
432,2007,3,5,22,19,19,19,-0.736842,-14,-0.736842,-14,-0.736842,-14,36047043200,11204,1,23,16,22,0.4375,7,0.045455,1
432,2007,4,18,5,11,14,14,0.636364,7,0.285714,4,0.285714,4,36047043200,11204,0,17,21,25,-0.190476,-4,-0.32,-8
432,2007,5,11,18,13,15,15,-0.153846,-2,-0.266667,-4,-0.266667,-4,36047043200,11204,0,23,27,26,-0.148148,-4,-0.115385,-3
432,2008,0,16,16,19,19,19,-0.157895,-3,-0.157895,-3,-0.157895,-3,36047043200,11204,0,29,17,25,0.705882,12,0.16,4
432,2008,1,18,16,11,5,5,0.636364,7,2.6,13,2.6,13,36047043200,11204,0,20,21,25,-0.047619,-1,-0.2,-5
432,2008,2,13,18,22,17,17,-0.409091,-9,-0.235294,-4,-0.235294,-4,36047043200,11204,1,21,22,21,-0.045455,-1,0,0
432,2008,3,19,13,5,14,14,2.8,14,0.357143,5,0.357143,5,36047043200,11204,1,24,23,21,0.043478,1,0.142857,3
432,2008,4,6,19,18,14,14,-0.666667,-12,-0.571429,-8,-0.571429,-8,36047043200,11204,1,22,17,27,0.294118,5,-0.185185,-5
432,2008,5,17,6,11,15,15,0.545455,6,0.133333,2,0.133333,2,36047043200,11204,0,19,23,21,-0.173913,-4,-0.095238,-2
432,2009,0,13,13,16,10,10,-0.1875,-3,0.3,3,0.3,3,36047043200,11204,0,20,29,19,-0.310345,-9,0.052632,1
432,2009,1,15,13,18,23,23,-0.166667,-3,-0.347826,-8,-0.347826,-8,36047043200,11204,0,33,20,20,0.65,13,0.65,13
432,2009,2,22,15,13,4,4,0.692308,9,4.5,18,4.5,18,36047043200,11204,0,25,21,25,0.190476,4,0,0
432,2009,3,11,22,19,19,19,-0.421053,-8,-0.421053,-8,-0.421053,-8,36047043200,11204,0,23,24,16,-0.041667,-1,0.4375,7
432,2009,4,19,11,6,11,11,2.166667,13,0.727273,8,0.727273,8,36047043200,11204,0,24,22,21,0.090909,2,0.142857,3
432,2009,5,8,19,17,13,13,-0.529412,-9,-0.384615,-5,-0.384615,-5,36047043200,11204,0,22,19,27,0.157895,3,-0.185185,-5
432,2010,0,18,18,13,19,19,0.384615,5,-0.052632,-1,-0.052632,-1,36047043200,11204,0,29,20,17,0.45,9,0.705882,12
432,2010,1,13,18,15,11,11,-0.133333,-2,0.181818,2,0.181818,2,36047043200,11204,0,22,33,21,-0.333333,-11,0.047619,1
432,2010,2,16,13,22,22,22,-0.272727,-6,-0.272727,-6,-0.272727,-6,36047043200,11204,0,35,25,22,0.4,10,0.590909,13
432,2010,3,22,16,11,5,5,1,11,3.4,17,3.4,17,36047043200,11204,0,25,23,23,0.086957,2,0.086957,2
432,2010,4,12,22,19,18,18,-0.368421,-7,-0.333333,-6,-0.333333,-6,36047043200,11204,0,23,24,17,-0.041667,-1,0.352941,6
432,2010,5,16,12,8,11,11,1,8,0.454545,5,0.454545,5,36047043200,11204,0,18,22,23,-0.181818,-4,-0.217391,-5
434,2002,1,1,0,0,1,1,1,1,0,0,0,0,36047043400,11204,0,22,9,22,1.444444,13,0,0
436,2001,2,1,0,1,1,1,0,0,0,0,0,0,36047043600,11204,0,18,18,18,0,0,0,0
464,2001,3,1,0,1,1,1,0,0,0,0,0,0,36047046400,11204,0,8,8,8,0,0,0,0
464,2001,5,1,0,1,1,1,0,0,0,0,0,0,36047046400,11204,0,9,9,9,0,0,0,0
464,2002,4,1,0,0,1,1,1,1,0,0,0,0,36047046400,11204,0,7,6,7,0.166667,1,0,0
464,2006,3,1,0,0,0,0,1,1,1,1,1,1,36047046400,11204,0,4,3,2,0.333333,1,1,2
464,2007,4,1,0,0,0,0,1,1,1,1,1,1,36047046400,11204,0,2,2,2,0,0,0,0
464,2008,0,1,1,0,0,0,1,1,1,1,1,1,36047046400,11204,0,3,4,4,-0.25,-1,-0.25,-1
464,2008,5,1,0,0,0,0,1,1,1,1,1,1,36047046400,11204,0,2,2,2,0,0,0,0
464,2009,1,1,0,0,0,0,1,1,1,1,1,1,36047046400,11204,0,5,4,4,0.25,1,0.25,1
464,2010,2,1,0,0,0,0,1,1,1,1,1,1,36047046400,11204,0,7,5,6,0.4,2,0.166667,1
468,2001,3,1,0,1,1,1,0,0,0,0,0,0,36047046800,11204,0,65,65,65,0,0,0,0
468,2001,4,1,1,1,1,1,0,0,0,0,0,0,36047046800,11204,0,53,53,53,0,0,0,0
468,2001,5,2,1,2,2,2,0,0,0,0,0,0,36047046800,11204,0,57,57,57,0,0,0,0
468,2002,0,1,1,0,1,1,1,1,0,0,0,0,36047046800,11204,0,55,43,55,0.27907,12,0,0
468,2002,3,1,0,1,1,1,0,0,0,0,0,0,36047046800,11204,0,59,65,59,-0.092308,-6,0,0
468,2002,4,2,1,1,2,2,1,1,0,0,0,0,36047046800,11204,0,61,53,61,0.150943,8,0,0
468,2002,5,1,2,2,1,1,-0.5,-1,0,0,0,0,36047046800,11204,0,58,57,58,0.017544,1,0,0
468,2003,0,1,1,1,1,1,0,0,0,0,0,0,36047046800,11204,0,50,55,50,-0.090909,-5,0,0
468,2003,1,2,1,0,2,2,1,2,0,0,0,0,36047046800,11204,0,56,48,56,0.166667,8,0,0
468,2003,4,1,0,2,1,1,-0.5,-1,0,0,0,0,36047046800,11204,0,72,61,72,0.180328,11,0,0
468,2003,5,2,1,1,2,2,1,1,0,0,0,0,36047046800,11204,0,56,58,56,-0.034483,-2,0,0
468,2004,0,2,2,1,0,0,1,1,1,2,1,2,36047046800,11204,0,56,50,43,0.12,6,0.302326,13
468,2004,2,2,0,0,0,0,1,2,1,2,1,2,36047046800,11204,0,48,53,55,-0.09434,-5,-0.127273,-7
468,2004,5,1,0,2,2,2,-0.5,-1,-0.5,-1,-0.5,-1,36047046800,11204,0,68,56,57,0.214286,12,0.192982,11
468,2005,0,1,1,2,1,1,-0.5,-1,0,0,0,0,36047046800,11204,0,45,56,55,-0.196429,-11,-0.181818,-10
468,2005,1,2,1,0,0,0,1,2,1,2,1,2,36047046800,11204,0,54,55,48,-0.018182,-1,0.125,6
468,2005,3,1,0,0,1,1,1,1,0,0,0,0,36047046800,11204,0,36,54,59,-0.333333,-18,-0.389831,-23
468,2006,0,1,1,1,1,1,0,0,0,0,0,0,36047046800,11204,0,49,45,50,0.088889,4,-0.02,-1
468,2006,1,1,1,2,2,2,-0.5,-1,-0.5,-1,-0.5,-1,36047046800,11204,0,45,54,56,-0.166667,-9,-0.196429,-11
468,2006,2,3,1,0,0,0,1,3,1,3,1,3,36047046800,11204,0,52,56,53,-0.071429,-4,-0.018868,-1
468,2007,1,1,0,1,0,0,0,0,1,1,1,1,36047046800,11204,0,50,45,55,0.111111,5,-0.090909,-5
468,2007,2,2,1,3,2,2,-0.333333,-1,0,0,0,0,36047046800,11204,0,44,52,48,-0.153846,-8,-0.083333,-4
468,2007,3,2,2,0,0,0,1,2,1,2,1,2,36047046800,11204,0,51,55,54,-0.072727,-4,-0.055556,-3
468,2008,0,1,1,0,1,1,1,1,0,0,0,0,36047046800,11204,0,55,42,45,0.309524,13,0.222222,10
468,2008,2,1,0,2,0,0,-0.5,-1,1,1,1,1,36047046800,11204,0,57,44,56,0.295455,13,0.017857,1
468,2008,3,1,1,2,1,1,-0.5,-1,0,0,0,0,36047046800,11204,0,41,51,36,-0.196078,-10,0.138889,5
468,2008,4,2,1,0,0,0,1,2,1,2,1,2,36047046800,11204,0,55,53,56,0.037736,2,-0.017857,-1
468,2009,0,1,1,1,1,1,0,0,0,0,0,0,36047046800,11204,0,33,55,49,-0.4,-22,-0.326531,-16
468,2009,1,1,1,0,1,1,1,1,0,0,0,0,36047046800,11204,0,65,41,45,0.585366,24,0.444444,20
468,2009,3,1,0,1,0,0,0,0,1,1,1,1,36047046800,11204,0,52,41,55,0.268293,11,-0.054545,-3
468,2009,4,1,1,2,0,0,-0.5,-1,1,1,1,1,36047046800,11204,0,47,55,38,-0.145455,-8,0.236842,9
468,2010,0,2,2,1,0,0,1,1,1,2,1,2,36047046800,11204,0,57,33,42,0.727273,24,0.357143,15
468,2010,1,1,2,1,1,1,0,0,0,0,0,0,36047046800,11204,0,37,65,50,-0.430769,-28,-0.26,-13
468,2010,4,1,0,1,0,0,0,0,1,1,1,1,36047046800,11204,0,46,47,53,-0.021277,-1,-0.132075,-7
468,2010,5,1,1,0,0,0,1,1,1,1,1,1,36047046800,11204,0,50,57,42,-0.122807,-7,0.190476,8
470,2001,0,1,1,1,1,1,0,0,0,0,0,0,36047047000,11204,0,39,39,39,0,0,0,0
470,2001,1,2,1,2,2,2,0,0,0,0,0,0,36047047000,11204,0,74,74,74,0,0,0,0
470,2001,2,3,2,3,3,3,0,0,0,0,0,0,36047047000,11204,0,55,55,55,0,0,0,0
470,2001,3,3,3,3,3,3,0,0,0,0,0,0,36047047000,11204,0,62,62,62,0,0,0,0
470,2001,5,2,0,2,2,2,0,0,0,0,0,0,36047047000,11204,0,58,58,58,0,0,0,0
470,2002,1,1,0,2,1,1,-0.5,-1,0,0,0,0,36047047000,11204,0,45,74,45,-0.391892,-29,0,0
470,2002,2,2,1,3,2,2,-0.333333,-1,0,0,0,0,36047047000,11204,0,72,55,72,0.309091,17,0,0
470,2002,3,2,2,3,2,2,-0.333333,-1,0,0,0,0,36047047000,11204,0,54,62,54,-0.129032,-8,0,0
470,2002,4,3,2,0,3,3,1,3,0,0,0,0,36047047000,11204,0,61,61,61,0,0,0,0
470,2003,0,1,1,0,1,1,1,1,0,0,0,0,36047047000,11204,0,56,52,56,0.076923,4,0,0
470,2003,2,1,0,2,1,1,-0.5,-1,0,0,0,0,36047047000,11204,0,47,72,47,-0.347222,-25,0,0
470,2003,4,2,0,3,2,2,-0.333333,-1,0,0,0,0,36047047000,11204,0,57,61,57,-0.065574,-4,0,0
470,2003,5,1,2,0,1,1,1,1,0,0,0,0,36047047000,11204,0,63,66,63,-0.045455,-3,0,0
470,2004,0,1,1,1,1,1,0,0,0,0,0,0,36047047000,11204,0,56,56,39,0,0,0.435897,17
470,2004,1,1,1,0,2,2,1,1,-0.5,-1,-0.5,-1,36047047000,11204,0,55,54,74,0.018519,1,-0.256757,-19
470,2004,3,2,0,0,3,3,1,2,-0.333333,-1,-0.333333,-1,36047047000,11204,0,39,62,62,-0.370968,-23,-0.370968,-23
470,2004,4,1,2,2,0,0,-0.5,-1,1,1,1,1,36047047000,11204,0,57,57,61,0,0,-0.065574,-4
470,2004,5,3,1,1,2,2,2,2,0.5,1,0.5,1,36047047000,11204,0,53,63,58,-0.15873,-10,-0.086207,-5
470,2005,0,1,1,1,0,0,0,0,1,1,1,1,36047047000,11204,0,53,56,52,-0.053571,-3,0.019231,1
470,2005,1,1,1,1,1,1,0,0,0,0,0,0,36047047000,11204,0,60,55,45,0.090909,5,0.333333,15
470,2005,3,1,0,2,2,2,-0.5,-1,-0.5,-1,-0.5,-1,36047047000,11204,0,37,39,54,-0.051282,-2,-0.314815,-17
470,2005,4,2,1,1,3,3,1,1,-0.333333,-1,-0.333333,-1,36047047000,11204,0,40,57,61,-0.298246,-17,-0.344262,-21
470,2006,0,1,1,1,1,1,0,0,0,0,0,0,36047047000,11204,0,42,53,56,-0.207547,-11,-0.25,-14
470,2006,1,2,1,1,0,0,1,1,1,2,1,2,36047047000,11204,0,49,60,54,-0.183333,-11,-0.092593,-5
470,2006,2,2,2,0,1,1,1,2,1,1,1,1,36047047000,11204,0,52,55,47,-0.054545,-3,0.106383,5
470,2006,3,1,2,1,0,0,0,0,1,1,1,1,36047047000,11204,0,49,37,62,0.324324,12,-0.209677,-13
470,2006,4,1,1,2,2,2,-0.5,-1,-0.5,-1,-0.5,-1,36047047000,11204,0,34,40,57,-0.15,-6,-0.403509,-23
470,2006,5,1,1,0,1,1,1,1,0,0,0,0,36047047000,11204,0,36,54,63,-0.333333,-18,-0.428571,-27
470,2007,0,1,1,1,1,1,0,0,0,0,0,0,36047047000,11204,0,31,42,56,-0.261905,-11,-0.446429,-25
470,2007,1,1,1,2,1,1,-0.5,-1,0,0,0,0,36047047000,11204,0,41,49,55,-0.163265,-8,-0.254545,-14
470,2007,2,1,1,2,0,0,-0.5,-1,1,1,1,1,36047047000,11204,0,54,52,46,0.038462,2,0.173913,8
470,2007,4,1,0,1,1,1,0,0,0,0,0,0,36047047000,11204,0,43,34,57,0.264706,9,-0.245614,-14
470,2007,5,2,1,1,3,3,1,1,-0.333333,-1,-0.333333,-1,36047047000,11204,0,35,36,53,-0.027778,-1,-0.339623,-18
470,2008,1,1,0,1,1,1,0,0,0,0,0,0,36047047000,11204,0,28,41,60,-0.317073,-13,-0.533333,-32
470,2008,2,2,1,1,0,0,1,1,1,2,1,2,36047047000,11204,0,45,54,55,-0.166667,-9,-0.181818,-10
470,2008,3,1,2,0,1,1,1,1,0,0,0,0,36047047000,11204,0,38,53,37,-0.283019,-15,0.027027,1
470,2008,5,1,0,2,0,0,-0.5,-1,1,1,1,1,36047047000,11204,0,43,35,54,0.228571,8,-0.203704,-11
470,2009,0,2,2,0,1,1,1,2,1,1,1,1,36047047000,11204,0,44,49,42,-0.102041,-5,0.047619,2
470,2009,1,1,2,1,2,2,0,0,-0.5,-1,-0.5,-1,36047047000,11204,0,64,28,49,1.285714,36,0.306122,15
470,2009,2,1,1,2,2,2,-0.5,-1,-0.5,-1,-0.5,-1,36047047000,11204,0,31,45,52,-0.311111,-14,-0.403846,-21
470,2009,4,1,0,0,1,1,1,1,0,0,0,0,36047047000,11204,0,42,49,34,-0.142857,-7,0.235294,8
470,2010,0,4,4,2,1,1,1,2,3,3,3,3,36047047000,11204,0,65,44,31,0.477273,21,1.096774,34
470,2010,1,2,4,1,1,1,1,1,1,1,1,1,36047047000,11204,0,44,64,41,-0.3125,-20,0.073171,3
470,2010,2,1,2,1,1,1,0,0,0,0,0,0,36047047000,11204,0,58,31,54,0.870968,27,0.074074,4
470,2010,3,1,1,0,0,0,1,1,1,1,1,1,36047047000,11204,0,31,42,53,-0.261905,-11,-0.415094,-22
470,2010,5,2,0,0,2,2,1,2,0,0,0,0,36047047000,11204,0,39,48,35,-0.1875,-9,0.114286,4
472,2001,2,2,0,2,2,2,0,0,0,0,0,0,36047047200,11204,0,31,31,31,0,0,0,0
472,2001,3,1,2,1,1,1,0,0,0,0,0,0,36047047200,11204,0,44,44,44,0,0,0,0
472,2001,4,1,1,1,1,1,0,0,0,0,0,0,36047047200,11204,0,26,26,26,0,0,0,0
472,2001,5,1,1,1,1,1,0,0,0,0,0,0,36047047200,11204,0,27,27,27,0,0,0,0
472,2002,0,2,2,0,2,2,1,2,0,0,0,0,36047047200,11204,0,26,20,26,0.3,6,0,0
472,2002,3,2,0,1,2,2,1,1,0,0,0,0,36047047200,11204,0,35,44,35,-0.204545,-9,0,0
472,2002,4,1,2,1,1,1,0,0,0,0,0,0,36047047200,11204,0,42,26,42,0.615385,16,0,0
472,2002,5,1,1,1,1,1,0,0,0,0,0,0,36047047200,11204,0,32,27,32,0.185185,5,0,0
472,2003,1,1,0,0,1,1,1,1,0,0,0,0,36047047200,11204,0,29,23,29,0.26087,6,0,0
472,2003,4,2,0,1,2,2,1,1,0,0,0,0,36047047200,11204,0,34,42,34,-0.190476,-8,0,0
472,2004,2,1,0,0,2,2,1,1,-0.5,-1,-0.5,-1,36047047200,11204,0,20,23,31,-0.130435,-3,-0.354839,-11
472,2004,5,2,0,0,1,1,1,2,1,1,1,1,36047047200,11204,0,31,36,27,-0.138889,-5,0.148148,4
472,2005,0,1,1,0,2,2,1,1,-0.5,-1,-0.5,-1,36047047200,11204,0,24,26,26,-0.076923,-2,-0.076923,-2
472,2009,2,1,0,0,0,0,1,1,1,1,1,1,36047047200,11204,0,18,22,27,-0.181818,-4,-0.333333,-9
474,2001,0,1,1,1,1,1,0,0,0,0,0,0,36047047400,11204,0,22,22,22,0,0,0,0
474,2001,1,2,1,2,2,2,0,0,0,0,0,0,36047047400,11204,0,34,34,34,0,0,0,0
474,2001,2,3,2,3,3,3,0,0,0,0,0,0,36047047400,11204,0,41,41,41,0,0,0,0
474,2001,3,6,3,6,6,6,0,0,0,0,0,0,36047047400,11204,0,40,40,40,0,0,0,0
474,2001,4,3,6,3,3,3,0,0,0,0,0,0,36047047400,11204,0,22,22,22,0,0,0,0
474,2001,5,5,3,5,5,5,0,0,0,0,0,0,36047047400,11204,0,36,36,36,0,0,0,0
474,2002,1,1,0,2,1,1,-0.5,-1,0,0,0,0,36047047400,11204,1,20,34,20,-0.411765,-14,0,0
474,2002,2,2,1,3,2,2,-0.333333,-1,0,0,0,0,36047047400,11204,0,26,41,26,-0.365854,-15,0,0
474,2002,3,2,2,6,2,2,-0.666667,-4,0,0,0,0,36047047400,11204,0,40,40,40,0,0,0,0
474,2002,4,4,2,3,4,4,0.333333,1,0,0,0,0,36047047400,11204,0,34,22,34,0.545455,12,0,0
474,2002,5,4,4,5,4,4,-0.2,-1,0,0,0,0,36047047400,11204,0,21,36,21,-0.416667,-15,0,0
474,2003,0,2,2,0,2,2,1,2,0,0,0,0,36047047400,11204,0,21,22,21,-0.045455,-1,0,0
474,2003,1,1,2,1,1,1,0,0,0,0,0,0,36047047400,11204,0,25,20,25,0.25,5,0,0
474,2003,2,1,1,2,1,1,-0.5,-1,0,0,0,0,36047047400,11204,1,18,26,18,-0.307692,-8,0,0
474,2003,4,2,0,4,2,2,-0.5,-2,0,0,0,0,36047047400,11204,0,35,34,35,0.029412,1,0,0
474,2003,5,3,2,4,3,3,-0.25,-1,0,0,0,0,36047047400,11204,0,29,21,29,0.380952,8,0,0
474,2004,0,4,4,2,1,1,1,2,3,3,3,3,36047047400,11204,0,17,21,22,-0.190476,-4,-0.227273,-5
474,2004,1,5,4,1,2,2,4,4,1.5,3,1.5,3,36047047400,11204,0,17,25,34,-0.32,-8,-0.5,-17
474,2004,2,1,5,1,3,3,0,0,-0.666667,-2,-0.666667,-2,36047047400,11204,0,25,18,41,0.388889,7,-0.390244,-16
474,2004,5,3,0,3,5,5,0,0,-0.4,-2,-0.4,-2,36047047400,11204,0,36,29,36,0.241379,7,0,0
474,2005,1,3,0,5,1,1,-0.4,-2,2,2,2,2,36047047400,11204,0,19,17,20,0.117647,2,-0.05,-1
474,2005,2,5,3,1,2,2,4,4,1.5,3,1.5,3,36047047400,11204,0,17,25,26,-0.32,-8,-0.346154,-9
474,2005,3,2,5,0,2,2,1,2,0,0,0,0,36047047400,11204,0,24,16,40,0.5,8,-0.4,-16
474,2005,5,1,0,3,4,4,-0.666667,-2,-0.75,-3,-0.75,-3,36047047400,11204,0,14,36,21,-0.611111,-22,-0.333333,-7
474,2006,0,2,2,0,2,2,1,2,0,0,0,0,36047047400,11204,0,20,15,21,0.333333,5,-0.047619,-1
474,2006,1,2,2,3,1,1,-0.333333,-1,1,1,1,1,36047047400,11204,0,15,19,25,-0.210526,-4,-0.4,-10
474,2006,2,1,2,5,1,1,-0.8,-4,0,0,0,0,36047047400,11204,0,15,17,18,-0.117647,-2,-0.166667,-3
474,2006,3,4,1,2,0,0,1,2,1,4,1,4,36047047400,11204,0,15,24,20,-0.375,-9,-0.25,-5
474,2006,4,2,4,0,2,2,1,2,0,0,0,0,36047047400,11204,0,19,15,35,0.266667,4,-0.457143,-16
474,2007,0,2,2,2,4,4,0,0,-0.5,-2,-0.5,-2,36047047400,11204,0,27,20,17,0.35,7,0.588235,10
474,2007,2,3,0,1,1,1,2,2,2,2,2,2,36047047400,11204,0,13,15,25,-0.133333,-2,-0.48,-12
474,2007,3,1,3,4,0,0,-0.75,-3,1,1,1,1,36047047400,11204,0,9,15,16,-0.4,-6,-0.4375,-7
474,2007,4,2,1,2,0,0,0,0,1,2,1,2,36047047400,11204,0,14,19,16,-0.263158,-5,-0.125,-2
474,2007,5,2,2,0,3,3,1,2,-0.333333,-1,-0.333333,-1,36047047400,11204,0,14,9,36,0.555556,5,-0.611111,-22
474,2008,0,1,1,2,0,0,-0.5,-1,1,1,1,1,36047047400,11204,1,25,27,15,-0.074074,-2,0.666667,10
474,2008,1,2,1,0,3,3,1,2,-0.333333,-1,-0.333333,-1,36047047400,11204,0,24,15,19,0.6,9,0.263158,5
474,2008,3,2,0,1,2,2,1,1,0,0,0,0,36047047400,11204,0,8,9,24,-0.111111,-1,-0.666667,-16
474,2008,4,1,2,2,0,0,-0.5,-1,1,1,1,1,36047047400,11204,0,10,14,15,-0.285714,-4,-0.333333,-5
474,2008,5,1,1,2,1,1,-0.5,-1,0,0,0,0,36047047400,11204,0,11,14,14,-0.214286,-3,-0.214286,-3
474,2009,0,1,1,1,2,2,0,0,-0.5,-1,-0.5,-1,36047047400,11204,0,24,25,20,-0.04,-1,0.2,4
474,2009,1,2,1,2,2,2,0,0,0,0,0,0,36047047400,11204,0,29,24,15,0.208333,5,0.933333,14
474,2009,2,3,2,0,1,1,1,3,2,2,2,2,36047047400,11204,0,27,17,15,0.588235,10,0.8,12
474,2009,4,2,0,1,2,2,1,1,0,0,0,0,36047047400,11204,0,10,10,19,0,0,-0.473684,-9
474,2009,5,2,2,1,0,0,1,1,1,2,1,2,36047047400,11204,0,8,11,9,-0.272727,-3,-0.111111,-1
474,2010,0,4,4,1,2,2,3,3,1,2,1,2,36047047400,11204,0,30,24,27,0.25,6,0.111111,3
474,2010,1,1,4,2,0,0,-0.5,-1,1,1,1,1,36047047400,11204,0,25,29,15,-0.137931,-4,0.666667,10
474,2010,2,4,1,3,3,3,0.333333,1,0.333333,1,0.333333,1,36047047400,11204,0,27,27,13,0,0,1.076923,14
474,2010,3,1,4,0,1,1,1,1,0,0,0,0,36047047400,11204,0,22,13,9,0.692308,9,1.444444,13
474,2010,4,1,1,2,2,2,-0.5,-1,-0.5,-1,-0.5,-1,36047047400,11204,0,16,10,14,0.6,6,0.142857,2
476,2001,0,4,4,4,4,4,0,0,0,0,0,0,36047047600,11204,0,33,33,33,0,0,0,0
476,2001,1,5,4,5,5,5,0,0,0,0,0,0,36047047600,11204,0,38,38,38,0,0,0,0
476,2001,2,7,5,7,7,7,0,0,0,0,0,0,36047047600,11204,0,44,44,44,0,0,0,0
476,2001,3,4,7,4,4,4,0,0,0,0,0,0,36047047600,11204,0,49,49,49,0,0,0,0
476,2001,4,3,4,3,3,3,0,0,0,0,0,0,36047047600,11204,1,31,31,31,0,0,0,0
476,2001,5,2,3,2,2,2,0,0,0,0,0,0,36047047600,11204,0,47,47,47,0,0,0,0
476,2002,0,6,6,4,6,6,0.5,2,0,0,0,0,36047047600,11204,0,25,33,25,-0.242424,-8,0,0
476,2002,1,6,6,5,6,6,0.2,1,0,0,0,0,36047047600,11204,0,28,38,28,-0.263158,-10,0,0
476,2002,2,4,6,7,4,4,-0.428571,-3,0,0,0,0,36047047600,11204,0,30,44,30,-0.318182,-14,0,0
476,2002,3,8,4,4,8,8,1,4,0,0,0,0,36047047600,11204,0,43,49,43,-0.122449,-6,0,0
476,2002,4,4,8,3,4,4,0.333333,1,0,0,0,0,36047047600,11204,0,38,31,38,0.225806,7,0,0
476,2002,5,4,4,2,4,4,1,2,0,0,0,0,36047047600,11204,0,29,47,29,-0.382979,-18,0,0
476,2003,0,3,3,6,3,3,-0.5,-3,0,0,0,0,36047047600,11204,0,24,25,24,-0.04,-1,0,0
476,2003,1,6,3,6,6,6,0,0,0,0,0,0,36047047600,11204,0,24,28,24,-0.142857,-4,0,0
476,2003,2,6,6,4,6,6,0.5,2,0,0,0,0,36047047600,11204,0,25,30,25,-0.166667,-5,0,0
476,2003,3,1,6,8,1,1,-0.875,-7,0,0,0,0,36047047600,11204,0,26,43,26,-0.395349,-17,0,0
476,2003,4,6,1,4,6,6,0.5,2,0,0,0,0,36047047600,11204,0,43,38,43,0.131579,5,0,0
476,2003,5,2,6,4,2,2,-0.5,-2,0,0,0,0,36047047600,11204,0,38,29,38,0.310345,9,0,0
476,2004,0,2,2,3,4,4,-0.333333,-1,-0.5,-2,-0.5,-2,36047047600,11204,0,23,24,33,-0.041667,-1,-0.30303,-10
476,2004,1,3,2,6,5,5,-0.5,-3,-0.4,-2,-0.4,-2,36047047600,11204,0,20,24,38,-0.166667,-4,-0.473684,-18
476,2004,2,3,3,6,7,7,-0.5,-3,-0.571429,-4,-0.571429,-4,36047047600,11204,0,26,25,44,0.04,1,-0.409091,-18
476,2004,3,4,3,1,4,4,3,3,0,0,0,0,36047047600,11204,0,18,26,49,-0.307692,-8,-0.632653,-31
476,2004,4,2,4,6,3,3,-0.666667,-4,-0.333333,-1,-0.333333,-1,36047047600,11204,0,18,43,31,-0.581395,-25,-0.419355,-13
476,2004,5,5,2,2,2,2,1.5,3,1.5,3,1.5,3,36047047600,11204,0,42,38,47,0.105263,4,-0.106383,-5
476,2005,0,2,2,2,6,6,0,0,-0.666667,-4,-0.666667,-4,36047047600,11204,1,16,23,25,-0.304348,-7,-0.36,-9
476,2005,1,3,2,3,6,6,0,0,-0.5,-3,-0.5,-3,36047047600,11204,0,25,20,28,0.25,5,-0.107143,-3
476,2005,2,3,3,3,4,4,0,0,-0.25,-1,-0.25,-1,36047047600,11204,0,23,26,30,-0.115385,-3,-0.233333,-7
476,2005,3,3,3,4,8,8,-0.25,-1,-0.625,-5,-0.625,-5,36047047600,11204,0,25,18,43,0.388889,7,-0.418605,-18
476,2005,4,3,3,2,4,4,0.5,1,-0.25,-1,-0.25,-1,36047047600,11204,0,17,18,38,-0.055556,-1,-0.552632,-21
476,2005,5,1,3,5,4,4,-0.8,-4,-0.75,-3,-0.75,-3,36047047600,11204,0,18,42,29,-0.571429,-24,-0.37931,-11
476,2006,0,3,3,2,3,3,0.5,1,0,0,0,0,36047047600,11204,1,23,16,24,0.4375,7,-0.041667,-1
476,2006,1,1,3,3,6,6,-0.666667,-2,-0.833333,-5,-0.833333,-5,36047047600,11204,0,16,25,24,-0.36,-9,-0.333333,-8
476,2006,2,2,1,3,6,6,-0.333333,-1,-0.666667,-4,-0.666667,-4,36047047600,11204,0,18,23,25,-0.217391,-5,-0.28,-7
476,2006,3,2,2,3,1,1,-0.333333,-1,1,1,1,1,36047047600,11204,0,17,25,26,-0.32,-8,-0.346154,-9
476,2006,4,2,2,3,6,6,-0.333333,-1,-0.666667,-4,-0.666667,-4,36047047600,11204,0,22,17,43,0.294118,5,-0.488372,-21
476,2006,5,2,2,1,2,2,1,1,0,0,0,0,36047047600,11204,0,12,18,38,-0.333333,-6,-0.684211,-26
476,2007,0,5,5,3,2,2,0.666667,2,1.5,3,1.5,3,36047047600,11204,0,35,23,23,0.521739,12,0.521739,12
476,2007,1,2,5,1,3,3,1,1,-0.333333,-1,-0.333333,-1,36047047600,11204,1,17,16,20,0.0625,1,-0.15,-3
476,2007,4,2,0,2,2,2,0,0,0,0,0,0,36047047600,11204,0,14,22,18,-0.363636,-8,-0.222222,-4
476,2008,0,11,11,5,2,2,1.2,6,4.5,9,4.5,9,36047047600,11204,0,21,35,16,-0.4,-14,0.3125,5
476,2008,1,3,11,2,3,3,0.5,1,0,0,0,0,36047047600,11204,1,32,17,25,0.882353,15,0.28,7
476,2008,2,2,3,0,3,3,1,2,-0.333333,-1,-0.333333,-1,36047047600,11204,1,18,16,23,0.125,2,-0.217391,-5
476,2008,5,1,0,0,1,1,1,1,0,0,0,0,36047047600,11204,0,14,18,18,-0.222222,-4,-0.222222,-4
476,2009,0,5,5,11,3,3,-0.545455,-6,0.666667,2,0.666667,2,36047047600,11204,0,21,21,23,0,0,-0.086957,-2
476,2009,1,10,5,3,1,1,2.333333,7,9,9,9,9,36047047600,11204,0,28,32,16,-0.125,-4,0.75,12
476,2009,2,1,10,2,2,2,-0.5,-1,-0.5,-1,-0.5,-1,36047047600,11204,0,34,18,18,0.888889,16,0.888889,16
476,2009,3,1,1,0,2,2,1,1,-0.5,-1,-0.5,-1,36047047600,11204,0,17,10,17,0.7,7,0,0
476,2010,0,6,6,5,5,5,0.2,1,0.2,1,0.2,1,36047047600,11204,0,35,21,35,0.666667,14,0,0
476,2010,1,6,6,10,2,2,-0.4,-4,2,4,2,4,36047047600,11204,0,24,28,17,-0.142857,-4,0.411765,7
476,2010,2,8,6,1,0,0,7,7,1,8,1,8,36047047600,11204,0,34,34,16,0,0,1.125,18
476,2010,3,2,8,1,0,0,1,1,1,2,1,2,36047047600,11204,0,26,17,13,0.529412,9,1,13
476,2010,4,2,2,0,2,2,1,2,0,0,0,0,36047047600,11204,0,24,12,14,1,12,0.714286,10
478,2001,0,17,17,17,17,17,0,0,0,0,0,0,36047047800,11204,0,101,101,101,0,0,0,0
478,2001,1,27,17,27,27,27,0,0,0,0,0,0,36047047800,11204,0,101,101,101,0,0,0,0
478,2001,2,29,27,29,29,29,0,0,0,0,0,0,36047047800,11204,0,90,90,90,0,0,0,0
478,2001,3,30,29,30,30,30,0,0,0,0,0,0,36047047800,11204,0,82,82,82,0,0,0,0
478,2001,4,17,30,17,17,17,0,0,0,0,0,0,36047047800,11204,1,95,95,95,0,0,0,0
478,2001,5,28,17,28,28,28,0,0,0,0,0,0,36047047800,11204,0,93,93,93,0,0,0,0
478,2002,0,13,13,17,13,13,-0.235294,-4,0,0,0,0,36047047800,11204,0,68,101,68,-0.326733,-33,0,0
478,2002,1,13,13,27,13,13,-0.518519,-14,0,0,0,0,36047047800,11204,0,92,101,92,-0.089109,-9,0,0
478,2002,2,20,13,29,20,20,-0.310345,-9,0,0,0,0,36047047800,11204,0,94,90,94,0.044444,4,0,0
478,2002,3,27,20,30,27,27,-0.1,-3,0,0,0,0,36047047800,11204,0,96,82,96,0.170732,14,0,0
478,2002,4,23,27,17,23,23,0.352941,6,0,0,0,0,36047047800,11204,0,71,95,71,-0.252632,-24,0,0
478,2002,5,15,23,28,15,15,-0.464286,-13,0,0,0,0,36047047800,11204,1,92,93,92,-0.010753,-1,0,0
478,2003,0,16,16,13,16,16,0.230769,3,0,0,0,0,36047047800,11204,0,70,68,70,0.029412,2,0,0
478,2003,1,16,16,13,16,16,0.230769,3,0,0,0,0,36047047800,11204,0,61,92,61,-0.336957,-31,0,0
478,2003,2,11,16,20,11,11,-0.45,-9,0,0,0,0,36047047800,11204,1,94,94,94,0,0,0,0
478,2003,3,19,11,27,19,19,-0.296296,-8,0,0,0,0,36047047800,11204,0,81,96,81,-0.15625,-15,0,0
478,2003,4,24,19,23,24,24,0.043478,1,0,0,0,0,36047047800,11204,0,79,71,79,0.112676,8,0,0
478,2003,5,24,24,15,24,24,0.6,9,0,0,0,0,36047047800,11204,0,69,92,69,-0.25,-23,0,0
478,2004,0,12,12,16,17,17,-0.25,-4,-0.294118,-5,-0.294118,-5,36047047800,11204,1,75,70,101,0.071429,5,-0.257426,-26
478,2004,1,13,12,16,27,27,-0.1875,-3,-0.518519,-14,-0.518519,-14,36047047800,11204,0,76,61,101,0.245902,15,-0.247525,-25
478,2004,2,19,13,11,29,29,0.727273,8,-0.344828,-10,-0.344828,-10,36047047800,11204,0,58,94,90,-0.382979,-36,-0.355556,-32
478,2004,3,10,19,19,30,30,-0.473684,-9,-0.666667,-20,-0.666667,-20,36047047800,11204,0,91,81,82,0.123457,10,0.109756,9
478,2004,4,13,10,24,17,17,-0.458333,-11,-0.235294,-4,-0.235294,-4,36047047800,11204,1,75,79,95,-0.050633,-4,-0.210526,-20
478,2004,5,25,13,24,28,28,0.041667,1,-0.107143,-3,-0.107143,-3,36047047800,11204,0,77,69,93,0.115942,8,-0.172043,-16
478,2005,0,10,10,12,13,13,-0.166667,-2,-0.230769,-3,-0.230769,-3,36047047800,11204,1,65,75,68,-0.133333,-10,-0.044118,-3
478,2005,1,13,10,13,13,13,0,0,0,0,0,0,36047047800,11204,0,80,76,92,0.052632,4,-0.130435,-12
478,2005,2,14,13,19,20,20,-0.263158,-5,-0.3,-6,-0.3,-6,36047047800,11204,0,75,58,94,0.293103,17,-0.202128,-19
478,2005,3,19,14,10,27,27,0.9,9,-0.296296,-8,-0.296296,-8,36047047800,11204,0,63,91,96,-0.307692,-28,-0.34375,-33
478,2005,4,10,19,13,23,23,-0.230769,-3,-0.565217,-13,-0.565217,-13,36047047800,11204,0,69,75,71,-0.08,-6,-0.028169,-2
478,2005,5,13,10,25,15,15,-0.48,-12,-0.133333,-2,-0.133333,-2,36047047800,11204,0,71,77,92,-0.077922,-6,-0.228261,-21
478,2006,0,15,15,10,16,16,0.5,5,-0.0625,-1,-0.0625,-1,36047047800,11204,0,58,65,70,-0.107692,-7,-0.171429,-12
478,2006,1,11,15,13,16,16,-0.153846,-2,-0.3125,-5,-0.3125,-5,36047047800,11204,1,65,80,61,-0.1875,-15,0.065574,4
478,2006,2,8,11,14,11,11,-0.428571,-6,-0.272727,-3,-0.272727,-3,36047047800,11204,1,72,75,94,-0.04,-3,-0.234043,-22
478,2006,3,11,8,19,19,19,-0.421053,-8,-0.421053,-8,-0.421053,-8,36047047800,11204,0,71,63,81,0.126984,8,-0.123457,-10
478,2006,4,16,11,10,24,24,0.6,6,-0.333333,-8,-0.333333,-8,36047047800,11204,0,65,69,79,-0.057971,-4,-0.177215,-14
478,2006,5,6,16,13,24,24,-0.538462,-7,-0.75,-18,-0.75,-18,36047047800,11204,0,60,71,69,-0.15493,-11,-0.130435,-9
478,2007,0,21,21,15,12,12,0.4,6,0.75,9,0.75,9,36047047800,11204,0,69,58,75,0.189655,11,-0.08,-6
478,2007,1,11,21,11,13,13,0,0,-0.153846,-2,-0.153846,-2,36047047800,11204,1,56,65,76,-0.138462,-9,-0.263158,-20
478,2007,2,10,11,8,19,19,0.25,2,-0.473684,-9,-0.473684,-9,36047047800,11204,1,62,72,58,-0.138889,-10,0.068966,4
478,2007,3,7,10,11,10,10,-0.363636,-4,-0.3,-3,-0.3,-3,36047047800,11204,1,67,71,91,-0.056338,-4,-0.263736,-24
478,2007,4,10,7,16,13,13,-0.375,-6,-0.230769,-3,-0.230769,-3,36047047800,11204,0,66,65,75,0.015385,1,-0.12,-9
478,2007,5,12,10,6,25,25,1,6,-0.52,-13,-0.52,-13,36047047800,11204,0,56,60,77,-0.066667,-4,-0.272727,-21
478,2008,0,12,12,21,10,10,-0.428571,-9,0.2,2,0.2,2,36047047800,11204,1,83,69,65,0.202899,14,0.276923,18
478,2008,1,20,12,11,13,13,0.818182,9,0.538462,7,0.538462,7,36047047800,11204,0,69,56,80,0.232143,13,-0.1375,-11
478,2008,2,12,20,10,14,14,0.2,2,-0.142857,-2,-0.142857,-2,36047047800,11204,1,63,62,75,0.016129,1,-0.16,-12
478,2008,3,6,12,7,19,19,-0.142857,-1,-0.684211,-13,-0.684211,-13,36047047800,11204,1,64,67,63,-0.044776,-3,0.015873,1
478,2008,4,8,6,10,10,10,-0.2,-2,-0.2,-2,-0.2,-2,36047047800,11204,1,65,66,69,-0.015152,-1,-0.057971,-4
478,2008,5,8,8,12,13,13,-0.333333,-4,-0.384615,-5,-0.384615,-5,36047047800,11204,0,68,56,71,0.214286,12,-0.042254,-3
478,2009,0,16,16,12,15,15,0.333333,4,0.066667,1,0.066667,1,36047047800,11204,0,75,83,58,-0.096386,-8,0.293103,17
478,2009,1,16,16,20,11,11,-0.2,-4,0.454545,5,0.454545,5,36047047800,11204,0,102,69,65,0.478261,33,0.569231,37
478,2009,2,24,16,12,8,8,1,12,2,16,2,16,36047047800,11204,0,77,63,72,0.222222,14,0.069444,5
478,2009,3,11,24,6,11,11,0.833333,5,0,0,0,0,36047047800,11204,0,70,64,71,0.09375,6,-0.014085,-1
478,2009,4,8,11,8,16,16,0,0,-0.5,-8,-0.5,-8,36047047800,11204,0,68,65,65,0.046154,3,0.046154,3
478,2009,5,8,8,8,6,6,0,0,0.333333,2,0.333333,2,36047047800,11204,0,75,68,60,0.102941,7,0.25,15
478,2010,0,18,18,16,21,21,0.125,2,-0.142857,-3,-0.142857,-3,36047047800,11204,0,89,75,69,0.186667,14,0.289855,20
478,2010,1,16,18,16,11,11,0,0,0.454545,5,0.454545,5,36047047800,11204,0,89,102,56,-0.127451,-13,0.589286,33
478,2010,2,17,16,24,10,10,-0.291667,-7,0.7,7,0.7,7,36047047800,11204,0,113,77,62,0.467532,36,0.822581,51
478,2010,3,19,17,11,7,7,0.727273,8,1.714286,12,1.714286,12,36047047800,11204,0,77,70,67,0.1,7,0.149254,10
478,2010,4,13,19,8,10,10,0.625,5,0.3,3,0.3,3,36047047800,11204,0,79,68,66,0.161765,11,0.19697,13
478,2010,5,5,13,8,12,12,-0.375,-3,-0.583333,-7,-0.583333,-7,36047047800,11204,0,65,75,56,-0.133333,-10,0.160714,9
480,2001,0,11,11,11,11,11,0,0,0,0,0,0,36047048000,11218,0,59,59,59,0,0,0,0
480,2001,1,7,11,7,7,7,0,0,0,0,0,0,36047048000,11218,0,66,66,66,0,0,0,0
480,2001,2,8,7,8,8,8,0,0,0,0,0,0,36047048000,11218,1,66,66,66,0,0,0,0
480,2001,3,11,8,11,11,11,0,0,0,0,0,0,36047048000,11218,0,62,62,62,0,0,0,0
480,2001,4,9,11,9,9,9,0,0,0,0,0,0,36047048000,11218,1,52,52,52,0,0,0,0
480,2001,5,11,9,11,11,11,0,0,0,0,0,0,36047048000,11218,0,65,65,65,0,0,0,0
480,2002,0,9,9,11,9,9,-0.181818,-2,0,0,0,0,36047048000,11218,0,49,59,49,-0.169492,-10,0,0
480,2002,1,10,9,7,10,10,0.428571,3,0,0,0,0,36047048000,11218,0,56,66,56,-0.151515,-10,0,0
480,2002,2,6,10,8,6,6,-0.25,-2,0,0,0,0,36047048000,11218,0,55,66,55,-0.166667,-11,0,0
480,2002,3,10,6,11,10,10,-0.090909,-1,0,0,0,0,36047048000,11218,0,69,62,69,0.112903,7,0,0
480,2002,4,9,10,9,9,9,0,0,0,0,0,0,36047048000,11218,0,49,52,49,-0.057692,-3,0,0
480,2002,5,7,9,11,7,7,-0.363636,-4,0,0,0,0,36047048000,11218,1,50,65,50,-0.230769,-15,0,0
480,2003,0,5,5,9,5,5,-0.444444,-4,0,0,0,0,36047048000,11218,0,45,49,45,-0.081633,-4,0,0
480,2003,1,5,5,10,5,5,-0.5,-5,0,0,0,0,36047048000,11218,1,47,56,47,-0.160714,-9,0,0
480,2003,2,11,5,6,11,11,0.833333,5,0,0,0,0,36047048000,11218,0,48,55,48,-0.127273,-7,0,0
480,2003,3,5,11,10,5,5,-0.5,-5,0,0,0,0,36047048000,11218,0,48,69,48,-0.304348,-21,0,0
480,2003,4,13,5,9,13,13,0.444444,4,0,0,0,0,36047048000,11218,0,58,49,58,0.183673,9,0,0
480,2003,5,11,13,7,11,11,0.571429,4,0,0,0,0,36047048000,11218,0,46,50,46,-0.08,-4,0,0
480,2004,0,6,6,5,11,11,0.2,1,-0.454545,-5,-0.454545,-5,36047048000,11218,0,44,45,59,-0.022222,-1,-0.254237,-15
480,2004,1,1,6,5,7,7,-0.8,-4,-0.857143,-6,-0.857143,-6,36047048000,11218,0,47,47,66,0,0,-0.287879,-19
480,2004,2,4,1,11,8,8,-0.636364,-7,-0.5,-4,-0.5,-4,36047048000,11218,1,50,48,66,0.041667,2,-0.242424,-16
480,2004,3,7,4,5,11,11,0.4,2,-0.363636,-4,-0.363636,-4,36047048000,11218,0,50,48,62,0.041667,2,-0.193548,-12
480,2004,4,3,7,13,9,9,-0.769231,-10,-0.666667,-6,-0.666667,-6,36047048000,11218,0,40,58,52,-0.310345,-18,-0.230769,-12
480,2004,5,11,3,11,11,11,0,0,0,0,0,0,36047048000,11218,0,57,46,65,0.23913,11,-0.123077,-8
480,2005,0,3,3,6,9,9,-0.5,-3,-0.666667,-6,-0.666667,-6,36047048000,11218,1,40,44,49,-0.090909,-4,-0.183673,-9
480,2005,1,8,3,1,10,10,7,7,-0.2,-2,-0.2,-2,36047048000,11218,0,43,47,56,-0.085106,-4,-0.232143,-13
480,2005,2,4,8,4,6,6,0,0,-0.333333,-2,-0.333333,-2,36047048000,11218,0,48,50,55,-0.04,-2,-0.127273,-7
480,2005,3,4,4,7,10,10,-0.428571,-3,-0.6,-6,-0.6,-6,36047048000,11218,0,49,50,69,-0.02,-1,-0.289855,-20
480,2005,4,7,4,3,9,9,1.333333,4,-0.222222,-2,-0.222222,-2,36047048000,11218,0,38,40,49,-0.05,-2,-0.22449,-11
480,2005,5,3,7,11,7,7,-0.727273,-8,-0.571429,-4,-0.571429,-4,36047048000,11218,0,39,57,50,-0.315789,-18,-0.22,-11
480,2006,0,6,6,3,5,5,1,3,0.2,1,0.2,1,36047048000,11218,0,39,40,45,-0.025,-1,-0.133333,-6
480,2006,1,2,6,8,5,5,-0.75,-6,-0.6,-3,-0.6,-3,36047048000,11218,1,35,43,47,-0.186047,-8,-0.255319,-12
480,2006,2,8,2,4,11,11,1,4,-0.272727,-3,-0.272727,-3,36047048000,11218,0,39,48,48,-0.1875,-9,-0.1875,-9
480,2006,3,1,8,4,5,5,-0.75,-3,-0.8,-4,-0.8,-4,36047048000,11218,0,45,49,48,-0.081633,-4,-0.0625,-3
480,2006,4,4,1,7,13,13,-0.428571,-3,-0.692308,-9,-0.692308,-9,36047048000,11218,0,47,38,58,0.236842,9,-0.189655,-11
480,2006,5,6,4,3,11,11,1,3,-0.454545,-5,-0.454545,-5,36047048000,11218,0,31,39,46,-0.205128,-8,-0.326087,-15
480,2007,0,10,10,6,6,6,0.666667,4,0.666667,4,0.666667,4,36047048000,11218,0,54,39,44,0.384615,15,0.227273,10
480,2007,1,6,10,2,1,1,2,4,5,5,5,5,36047048000,11218,0,35,35,47,0,0,-0.255319,-12
480,2007,2,2,6,8,4,4,-0.75,-6,-0.5,-2,-0.5,-2,36047048000,11218,1,31,39,50,-0.205128,-8,-0.38,-19
480,2007,3,5,2,1,7,7,4,4,-0.285714,-2,-0.285714,-2,36047048000,11218,0,35,45,50,-0.222222,-10,-0.3,-15
480,2007,4,1,5,4,3,3,-0.75,-3,-0.666667,-2,-0.666667,-2,36047048000,11218,0,39,47,40,-0.170213,-8,-0.025,-1
480,2007,5,4,1,6,11,11,-0.333333,-2,-0.636364,-7,-0.636364,-7,36047048000,11218,0,42,31,57,0.354839,11,-0.263158,-15
480,2008,0,6,6,10,3,3,-0.4,-4,1,3,1,3,36047048000,11218,1,56,54,40,0.037037,2,0.4,16
480,2008,1,8,6,6,8,8,0.333333,2,0,0,0,0,36047048000,11218,0,51,35,43,0.457143,16,0.186047,8
480,2008,2,6,8,2,4,4,2,4,0.5,2,0.5,2,36047048000,11218,1,34,31,48,0.096774,3,-0.291667,-14
480,2008,3,2,6,5,4,4,-0.6,-3,-0.5,-2,-0.5,-2,36047048000,11218,1,26,35,49,-0.257143,-9,-0.469388,-23
480,2008,4,3,2,1,7,7,2,2,-0.571429,-4,-0.571429,-4,36047048000,11218,1,34,39,38,-0.128205,-5,-0.105263,-4
480,2008,5,3,3,4,3,3,-0.25,-1,0,0,0,0,36047048000,11218,0,39,42,39,-0.071429,-3,0,0
480,2009,0,4,4,6,6,6,-0.333333,-2,-0.333333,-2,-0.333333,-2,36047048000,11218,0,54,56,39,-0.035714,-2,0.384615,15
480,2009,1,7,4,8,2,2,-0.125,-1,2.5,5,2.5,5,36047048000,11218,0,75,51,35,0.470588,24,1.142857,40
480,2009,2,5,7,6,8,8,-0.166667,-1,-0.375,-3,-0.375,-3,36047048000,11218,0,55,34,39,0.617647,21,0.410256,16
480,2009,3,5,5,2,1,1,1.5,3,4,4,4,4,36047048000,11218,0,41,26,45,0.576923,15,-0.088889,-4
480,2009,4,2,5,3,4,4,-0.333333,-1,-0.5,-2,-0.5,-2,36047048000,11218,0,28,34,47,-0.176471,-6,-0.404255,-19
480,2009,5,3,2,3,6,6,0,0,-0.5,-3,-0.5,-3,36047048000,11218,0,35,39,31,-0.102564,-4,0.129032,4
480,2010,0,10,10,4,10,10,1.5,6,0,0,0,0,36047048000,11218,0,59,54,54,0.092593,5,0.092593,5
480,2010,1,6,10,7,6,6,-0.142857,-1,0,0,0,0,36047048000,11218,0,61,75,35,-0.186667,-14,0.742857,26
480,2010,2,9,6,5,2,2,0.8,4,3.5,7,3.5,7,36047048000,11218,0,79,55,31,0.436364,24,1.548387,48
480,2010,3,5,9,5,5,5,0,0,0,0,0,0,36047048000,11218,0,51,41,35,0.243902,10,0.457143,16
480,2010,4,8,5,2,1,1,3,6,7,7,7,7,36047048000,11218,0,46,28,39,0.642857,18,0.179487,7
484,2001,0,34,34,34,34,34,0,0,0,0,0,0,36047048400,11218,0,126,126,126,0,0,0,0
484,2001,1,32,34,32,32,32,0,0,0,0,0,0,36047048400,11218,0,130,130,130,0,0,0,0
484,2001,2,28,32,28,28,28,0,0,0,0,0,0,36047048400,11218,0,124,124,124,0,0,0,0
484,2001,3,28,28,28,28,28,0,0,0,0,0,0,36047048400,11218,0,117,117,117,0,0,0,0
484,2001,4,31,28,31,31,31,0,0,0,0,0,0,36047048400,11218,0,119,119,119,0,0,0,0
484,2001,5,34,31,34,34,34,0,0,0,0,0,0,36047048400,11218,0,129,129,129,0,0,0,0
484,2002,0,29,29,34,29,29,-0.147059,-5,0,0,0,0,36047048400,11218,0,95,126,95,-0.246032,-31,0,0
484,2002,1,33,29,32,33,33,0.03125,1,0,0,0,0,36047048400,11218,0,113,130,113,-0.130769,-17,0,0
484,2002,2,29,33,28,29,29,0.035714,1,0,0,0,0,36047048400,11218,0,125,124,125,0.008065,1,0,0
484,2002,3,32,29,28,32,32,0.142857,4,0,0,0,0,36047048400,11218,1,128,117,128,0.094017,11,0,0
484,2002,4,22,32,31,22,22,-0.290323,-9,0,0,0,0,36047048400,11218,0,101,119,101,-0.151261,-18,0,0
484,2002,5,29,22,34,29,29,-0.147059,-5,0,0,0,0,36047048400,11218,0,115,129,115,-0.108527,-14,0,0
484,2003,0,25,25,29,25,25,-0.137931,-4,0,0,0,0,36047048400,11218,0,92,95,92,-0.031579,-3,0,0
484,2003,1,24,25,33,24,24,-0.272727,-9,0,0,0,0,36047048400,11218,0,92,113,92,-0.185841,-21,0,0
484,2003,2,29,24,29,29,29,0,0,0,0,0,0,36047048400,11218,0,115,125,115,-0.08,-10,0,0
484,2003,3,26,29,32,26,26,-0.1875,-6,0,0,0,0,36047048400,11218,0,123,128,123,-0.039063,-5,0,0
484,2003,4,26,26,22,26,26,0.181818,4,0,0,0,0,36047048400,11218,0,110,101,110,0.089109,9,0,0
484,2003,5,20,26,29,20,20,-0.310345,-9,0,0,0,0,36047048400,11218,1,101,115,101,-0.121739,-14,0,0
484,2004,0,29,29,25,34,34,0.16,4,-0.147059,-5,-0.147059,-5,36047048400,11218,0,86,92,126,-0.065217,-6,-0.31746,-40
484,2004,1,30,29,24,32,32,0.25,6,-0.0625,-2,-0.0625,-2,36047048400,11218,0,96,92,130,0.043478,4,-0.261538,-34
484,2004,2,27,30,29,28,28,-0.068966,-2,-0.035714,-1,-0.035714,-1,36047048400,11218,0,92,115,124,-0.2,-23,-0.258065,-32
484,2004,3,35,27,26,28,28,0.346154,9,0.25,7,0.25,7,36047048400,11218,0,103,123,117,-0.162602,-20,-0.119658,-14
484,2004,4,23,35,26,31,31,-0.115385,-3,-0.258065,-8,-0.258065,-8,36047048400,11218,1,109,110,119,-0.009091,-1,-0.084034,-10
484,2004,5,26,23,20,34,34,0.3,6,-0.235294,-8,-0.235294,-8,36047048400,11218,0,110,101,129,0.089109,9,-0.147287,-19
484,2005,0,26,26,29,29,29,-0.103448,-3,-0.103448,-3,-0.103448,-3,36047048400,11218,0,81,86,95,-0.05814,-5,-0.147368,-14
484,2005,1,26,26,30,33,33,-0.133333,-4,-0.212121,-7,-0.212121,-7,36047048400,11218,0,109,96,113,0.135417,13,-0.035398,-4
484,2005,2,31,26,27,29,29,0.148148,4,0.068966,2,0.068966,2,36047048400,11218,0,98,92,125,0.065217,6,-0.216,-27
484,2005,3,27,31,35,32,32,-0.228571,-8,-0.15625,-5,-0.15625,-5,36047048400,11218,0,85,103,128,-0.174757,-18,-0.335938,-43
484,2005,4,25,27,23,22,22,0.086957,2,0.136364,3,0.136364,3,36047048400,11218,0,86,109,101,-0.211009,-23,-0.148515,-15
484,2005,5,24,25,26,29,29,-0.076923,-2,-0.172414,-5,-0.172414,-5,36047048400,11218,1,95,110,115,-0.136364,-15,-0.173913,-20
484,2006,0,21,21,26,25,25,-0.192308,-5,-0.16,-4,-0.16,-4,36047048400,11218,1,76,81,92,-0.061728,-5,-0.173913,-16
484,2006,1,22,21,26,24,24,-0.153846,-4,-0.083333,-2,-0.083333,-2,36047048400,11218,1,87,109,92,-0.201835,-22,-0.054348,-5
484,2006,2,28,22,31,29,29,-0.096774,-3,-0.034483,-1,-0.034483,-1,36047048400,11218,0,95,98,115,-0.030612,-3,-0.173913,-20
484,2006,3,32,28,27,26,26,0.185185,5,0.230769,6,0.230769,6,36047048400,11218,0,85,85,123,0,0,-0.308943,-38
484,2006,4,29,32,25,26,26,0.16,4,0.115385,3,0.115385,3,36047048400,11218,0,76,86,110,-0.116279,-10,-0.309091,-34
484,2006,5,23,29,24,20,20,-0.041667,-1,0.15,3,0.15,3,36047048400,11218,1,82,95,101,-0.136842,-13,-0.188119,-19
484,2007,0,26,26,21,29,29,0.238095,5,-0.103448,-3,-0.103448,-3,36047048400,11218,1,88,76,86,0.157895,12,0.023256,2
484,2007,1,22,26,22,30,30,0,0,-0.266667,-8,-0.266667,-8,36047048400,11218,1,72,87,96,-0.172414,-15,-0.25,-24
484,2007,2,20,22,28,27,27,-0.285714,-8,-0.259259,-7,-0.259259,-7,36047048400,11218,1,86,95,92,-0.094737,-9,-0.065217,-6
484,2007,3,28,20,32,35,35,-0.125,-4,-0.2,-7,-0.2,-7,36047048400,11218,0,88,85,103,0.035294,3,-0.145631,-15
484,2007,4,27,28,29,23,23,-0.068966,-2,0.173913,4,0.173913,4,36047048400,11218,0,83,76,109,0.092105,7,-0.238532,-26
484,2007,5,30,27,23,26,26,0.304348,7,0.153846,4,0.153846,4,36047048400,11218,0,65,82,110,-0.207317,-17,-0.409091,-45
484,2008,0,32,32,26,26,26,0.230769,6,0.230769,6,0.230769,6,36047048400,11218,0,88,88,81,0,0,0.08642,7
484,2008,1,26,32,22,26,26,0.181818,4,0,0,0,0,36047048400,11218,1,96,72,109,0.333333,24,-0.119266,-13
484,2008,2,20,26,20,31,31,0,0,-0.354839,-11,-0.354839,-11,36047048400,11218,1,81,86,98,-0.05814,-5,-0.173469,-17
484,2008,3,20,20,28,27,27,-0.285714,-8,-0.259259,-7,-0.259259,-7,36047048400,11218,1,83,88,85,-0.056818,-5,-0.023529,-2
484,2008,4,25,20,27,25,25,-0.074074,-2,0,0,0,0,36047048400,11218,1,90,83,86,0.084337,7,0.046512,4
484,2008,5,29,25,30,24,24,-0.033333,-1,0.208333,5,0.208333,5,36047048400,11218,0,82,65,95,0.261538,17,-0.136842,-13
484,2009,0,33,33,32,21,21,0.03125,1,0.571429,12,0.571429,12,36047048400,11218,0,89,88,76,0.011364,1,0.171053,13
484,2009,1,47,33,26,22,22,0.807692,21,1.136364,25,1.136364,25,36047048400,11218,0,111,96,87,0.15625,15,0.275862,24
484,2009,2,29,47,20,28,28,0.45,9,0.035714,1,0.035714,1,36047048400,11218,0,107,81,95,0.320988,26,0.126316,12
484,2009,3,28,29,20,32,32,0.4,8,-0.125,-4,-0.125,-4,36047048400,11218,0,85,83,85,0.024096,2,0,0
484,2009,4,20,28,25,29,29,-0.2,-5,-0.310345,-9,-0.310345,-9,36047048400,11218,0,93,90,76,0.033333,3,0.223684,17
484,2009,5,27,20,29,23,23,-0.068966,-2,0.173913,4,0.173913,4,36047048400,11218,0,102,82,82,0.243902,20,0.243902,20
484,2010,0,32,32,33,26,26,-0.030303,-1,0.230769,6,0.230769,6,36047048400,11218,0,104,89,88,0.168539,15,0.181818,16
484,2010,1,38,32,47,22,22,-0.191489,-9,0.727273,16,0.727273,16,36047048400,11218,0,102,111,72,-0.081081,-9,0.416667,30
484,2010,2,51,38,29,20,20,0.758621,22,1.55,31,1.55,31,36047048400,11218,0,121,107,86,0.130841,14,0.406977,35
484,2010,3,29,51,28,28,28,0.035714,1,0.035714,1,0.035714,1,36047048400,11218,0,106,85,88,0.247059,21,0.204545,18
484,2010,4,29,29,20,27,27,0.45,9,0.074074,2,0.074074,2,36047048400,11218,0,101,93,83,0.086022,8,0.216867,18
484,2010,5,25,29,27,30,30,-0.074074,-2,-0.166667,-5,-0.166667,-5,36047048400,11218,0,85,102,65,-0.166667,-17,0.307692,20
486,2001,0,45,45,45,45,45,0,0,0,0,0,0,36047048600,11218,0,146,146,146,0,0,0,0
486,2001,1,48,45,48,48,48,0,0,0,0,0,0,36047048600,11218,0,157,157,157,0,0,0,0
486,2001,2,40,48,40,40,40,0,0,0,0,0,0,36047048600,11218,0,142,142,142,0,0,0,0
486,2001,3,28,40,28,28,28,0,0,0,0,0,0,36047048600,11218,1,145,145,145,0,0,0,0
486,2001,4,39,28,39,39,39,0,0,0,0,0,0,36047048600,11218,0,145,145,145,0,0,0,0
486,2001,5,38,39,38,38,38,0,0,0,0,0,0,36047048600,11218,0,150,150,150,0,0,0,0
486,2002,0,23,23,45,23,23,-0.488889,-22,0,0,0,0,36047048600,11218,1,134,146,134,-0.082192,-12,0,0
486,2002,1,38,23,48,38,38,-0.208333,-10,0,0,0,0,36047048600,11218,0,144,157,144,-0.082803,-13,0,0
486,2002,2,47,38,40,47,47,0.175,7,0,0,0,0,36047048600,11218,0,147,142,147,0.035211,5,0,0
486,2002,3,42,47,28,42,42,0.5,14,0,0,0,0,36047048600,11218,0,138,145,138,-0.048276,-7,0,0
486,2002,4,29,42,39,29,29,-0.25641,-10,0,0,0,0,36047048600,11218,1,126,145,126,-0.131034,-19,0,0
486,2002,5,41,29,38,41,41,0.078947,3,0,0,0,0,36047048600,11218,0,136,150,136,-0.093333,-14,0,0
486,2003,0,31,31,23,31,31,0.347826,8,0,0,0,0,36047048600,11218,0,122,134,122,-0.089552,-12,0,0
486,2003,1,23,31,38,23,23,-0.394737,-15,0,0,0,0,36047048600,11218,1,129,144,129,-0.104167,-15,0,0
486,2003,2,41,23,47,41,41,-0.12766,-6,0,0,0,0,36047048600,11218,0,133,147,133,-0.095238,-14,0,0
486,2003,3,45,41,42,45,45,0.071429,3,0,0,0,0,36047048600,11218,0,138,138,138,0,0,0,0
486,2003,4,31,45,29,31,31,0.068966,2,0,0,0,0,36047048600,11218,0,118,126,118,-0.063492,-8,0,0
486,2003,5,29,31,41,29,29,-0.292683,-12,0,0,0,0,36047048600,11218,1,123,136,123,-0.095588,-13,0,0
486,2004,0,28,28,31,45,45,-0.096774,-3,-0.377778,-17,-0.377778,-17,36047048600,11218,0,110,122,146,-0.098361,-12,-0.246575,-36
486,2004,1,33,28,23,48,48,0.434783,10,-0.3125,-15,-0.3125,-15,36047048600,11218,0,121,129,157,-0.062016,-8,-0.229299,-36
486,2004,2,22,33,41,40,40,-0.463415,-19,-0.45,-18,-0.45,-18,36047048600,11218,1,126,133,142,-0.052632,-7,-0.112676,-16
486,2004,3,39,22,45,28,28,-0.133333,-6,0.392857,11,0.392857,11,36047048600,11218,0,122,138,145,-0.115942,-16,-0.158621,-23
486,2004,4,42,39,31,39,39,0.354839,11,0.076923,3,0.076923,3,36047048600,11218,0,124,118,145,0.050847,6,-0.144828,-21
486,2004,5,31,42,29,38,38,0.068966,2,-0.184211,-7,-0.184211,-7,36047048600,11218,0,116,123,150,-0.056911,-7,-0.226667,-34
486,2005,0,31,31,28,23,23,0.107143,3,0.347826,8,0.347826,8,36047048600,11218,0,96,110,134,-0.127273,-14,-0.283582,-38
486,2005,1,33,31,33,38,38,0,0,-0.131579,-5,-0.131579,-5,36047048600,11218,0,117,121,144,-0.033058,-4,-0.1875,-27
486,2005,2,29,33,22,47,47,0.318182,7,-0.382979,-18,-0.382979,-18,36047048600,11218,1,129,126,147,0.02381,3,-0.122449,-18
486,2005,3,24,29,39,42,42,-0.384615,-15,-0.428571,-18,-0.428571,-18,36047048600,11218,1,115,122,138,-0.057377,-7,-0.166667,-23
486,2005,4,29,24,42,29,29,-0.309524,-13,0,0,0,0,36047048600,11218,0,118,124,126,-0.048387,-6,-0.063492,-8
486,2005,5,37,29,31,41,41,0.193548,6,-0.097561,-4,-0.097561,-4,36047048600,11218,0,111,116,136,-0.043103,-5,-0.183824,-25
486,2006,0,24,24,31,31,31,-0.225806,-7,-0.225806,-7,-0.225806,-7,36047048600,11218,1,101,96,122,0.052083,5,-0.172131,-21
486,2006,1,35,24,33,23,23,0.060606,2,0.521739,12,0.521739,12,36047048600,11218,0,90,117,129,-0.230769,-27,-0.302326,-39
486,2006,2,30,35,29,41,41,0.034483,1,-0.268293,-11,-0.268293,-11,36047048600,11218,0,108,129,133,-0.162791,-21,-0.18797,-25
486,2006,3,29,30,24,45,45,0.208333,5,-0.355556,-16,-0.355556,-16,36047048600,11218,1,110,115,138,-0.043478,-5,-0.202899,-28
486,2006,4,25,29,29,31,31,-0.137931,-4,-0.193548,-6,-0.193548,-6,36047048600,11218,1,104,118,118,-0.118644,-14,-0.118644,-14
486,2006,5,25,25,37,29,29,-0.324324,-12,-0.137931,-4,-0.137931,-4,36047048600,11218,1,115,111,123,0.036036,4,-0.065041,-8
486,2007,0,22,22,24,28,28,-0.083333,-2,-0.214286,-6,-0.214286,-6,36047048600,11218,1,114,101,110,0.128713,13,0.036364,4
486,2007,1,23,22,35,33,33,-0.342857,-12,-0.30303,-10,-0.30303,-10,36047048600,11218,1,96,90,121,0.066667,6,-0.206612,-25
486,2007,2,33,23,30,22,22,0.1,3,0.5,11,0.5,11,36047048600,11218,1,92,108,126,-0.148148,-16,-0.269841,-34
486,2007,3,29,33,29,39,39,0,0,-0.25641,-10,-0.25641,-10,36047048600,11218,1,101,110,122,-0.081818,-9,-0.172131,-21
486,2007,4,29,29,25,42,42,0.16,4,-0.309524,-13,-0.309524,-13,36047048600,11218,1,101,104,124,-0.028846,-3,-0.185484,-23
486,2007,5,20,29,25,31,31,-0.2,-5,-0.354839,-11,-0.354839,-11,36047048600,11218,1,95,115,116,-0.173913,-20,-0.181034,-21
486,2008,0,31,31,22,31,31,0.409091,9,0,0,0,0,36047048600,11218,1,97,114,96,-0.149123,-17,0.010417,1
486,2008,1,27,31,23,33,33,0.173913,4,-0.181818,-6,-0.181818,-6,36047048600,11218,1,123,96,117,0.28125,27,0.051282,6
486,2008,2,32,27,33,29,29,-0.030303,-1,0.103448,3,0.103448,3,36047048600,11218,1,91,92,129,-0.01087,-1,-0.294574,-38
486,2008,3,36,32,29,24,24,0.241379,7,0.5,12,0.5,12,36047048600,11218,0,90,101,115,-0.108911,-11,-0.217391,-25
486,2008,4,32,36,29,29,29,0.103448,3,0.103448,3,0.103448,3,36047048600,11218,1,101,101,118,0,0,-0.144068,-17
486,2008,5,29,32,20,37,37,0.45,9,-0.216216,-8,-0.216216,-8,36047048600,11218,1,95,95,111,0,0,-0.144144,-16
486,2009,0,30,30,31,24,24,-0.032258,-1,0.25,6,0.25,6,36047048600,11218,0,110,97,101,0.134021,13,0.089109,9
486,2009,1,34,30,27,35,35,0.259259,7,-0.028571,-1,-0.028571,-1,36047048600,11218,0,130,123,90,0.056911,7,0.444444,40
486,2009,2,36,34,32,30,30,0.125,4,0.2,6,0.2,6,36047048600,11218,0,132,91,108,0.450549,41,0.222222,24
486,2009,3,33,36,36,29,29,-0.083333,-3,0.137931,4,0.137931,4,36047048600,11218,0,109,90,110,0.211111,19,-0.009091,-1
486,2009,4,40,33,32,25,25,0.25,8,0.6,15,0.6,15,36047048600,11218,0,99,101,104,-0.019802,-2,-0.048077,-5
486,2009,5,39,40,29,25,25,0.344828,10,0.56,14,0.56,14,36047048600,11218,0,115,95,115,0.210526,20,0,0
486,2010,0,34,34,30,22,22,0.133333,4,0.545455,12,0.545455,12,36047048600,11218,0,134,110,114,0.218182,24,0.175439,20
486,2010,1,35,34,34,23,23,0.029412,1,0.521739,12,0.521739,12,36047048600,11218,0,120,130,96,-0.076923,-10,0.25,24
486,2010,2,39,35,36,33,33,0.083333,3,0.181818,6,0.181818,6,36047048600,11218,0,129,132,92,-0.022727,-3,0.402174,37
486,2010,3,37,39,33,29,29,0.121212,4,0.275862,8,0.275862,8,36047048600,11218,0,128,109,101,0.174312,19,0.267327,27
486,2010,4,36,37,40,29,29,-0.1,-4,0.241379,7,0.241379,7,36047048600,11218,0,123,99,101,0.242424,24,0.217822,22
486,2010,5,36,36,39,20,20,-0.076923,-3,0.8,16,0.8,16,36047048600,11218,0,100,115,95,-0.130435,-15,0.052632,5
488,2001,0,33,33,33,33,33,0,0,0,0,0,0,36047048800,11218,0,133,133,133,0,0,0,0
488,2001,1,41,33,41,41,41,0,0,0,0,0,0,36047048800,11218,0,144,144,144,0,0,0,0
488,2001,2,35,41,35,35,35,0,0,0,0,0,0,36047048800,11218,0,117,117,117,0,0,0,0
488,2001,3,44,35,44,44,44,0,0,0,0,0,0,36047048800,11218,0,122,122,122,0,0,0,0
488,2001,4,42,44,42,42,42,0,0,0,0,0,0,36047048800,11218,0,152,152,152,0,0,0,0
488,2001,5,47,42,47,47,47,0,0,0,0,0,0,36047048800,11218,0,135,135,135,0,0,0,0
488,2002,0,31,31,33,31,31,-0.060606,-2,0,0,0,0,36047048800,11218,0,109,133,109,-0.180451,-24,0,0
488,2002,1,36,31,41,36,36,-0.121951,-5,0,0,0,0,36047048800,11218,0,135,144,135,-0.0625,-9,0,0
488,2002,2,38,36,35,38,38,0.085714,3,0,0,0,0,36047048800,11218,0,146,117,146,0.247863,29,0,0
488,2002,3,32,38,44,32,32,-0.272727,-12,0,0,0,0,36047048800,11218,0,122,122,122,0,0,0,0
488,2002,4,43,32,42,43,43,0.02381,1,0,0,0,0,36047048800,11218,0,115,152,115,-0.243421,-37,0,0
488,2002,5,42,43,47,42,42,-0.106383,-5,0,0,0,0,36047048800,11218,0,152,135,152,0.125926,17,0,0
488,2003,0,32,32,31,32,32,0.032258,1,0,0,0,0,36047048800,11218,0,114,109,114,0.045872,5,0,0
488,2003,1,30,32,36,30,30,-0.166667,-6,0,0,0,0,36047048800,11218,0,104,135,104,-0.22963,-31,0,0
488,2003,2,33,30,38,33,33,-0.131579,-5,0,0,0,0,36047048800,11218,0,146,146,146,0,0,0,0
488,2003,3,30,33,32,30,30,-0.0625,-2,0,0,0,0,36047048800,11218,0,139,122,139,0.139344,17,0,0
488,2003,4,30,30,43,30,30,-0.302326,-13,0,0,0,0,36047048800,11218,1,108,115,108,-0.06087,-7,0,0
488,2003,5,38,30,42,38,38,-0.095238,-4,0,0,0,0,36047048800,11218,0,110,152,110,-0.276316,-42,0,0
488,2004,0,21,21,32,33,33,-0.34375,-11,-0.363636,-12,-0.363636,-12,36047048800,11218,1,100,114,133,-0.122807,-14,-0.24812,-33
488,2004,1,29,21,30,41,41,-0.033333,-1,-0.292683,-12,-0.292683,-12,36047048800,11218,0,121,104,144,0.163462,17,-0.159722,-23
488,2004,2,28,29,33,35,35,-0.151515,-5,-0.2,-7,-0.2,-7,36047048800,11218,0,103,146,117,-0.294521,-43,-0.119658,-14
488,2004,3,30,28,30,44,44,0,0,-0.318182,-14,-0.318182,-14,36047048800,11218,0,143,139,122,0.028777,4,0.172131,21
488,2004,4,31,30,30,42,42,0.033333,1,-0.261905,-11,-0.261905,-11,36047048800,11218,0,132,108,152,0.222222,24,-0.131579,-20
488,2004,5,27,31,38,47,47,-0.289474,-11,-0.425532,-20,-0.425532,-20,36047048800,11218,1,115,110,135,0.045455,5,-0.148148,-20
488,2005,0,21,21,21,31,31,0,0,-0.322581,-10,-0.322581,-10,36047048800,11218,1,110,100,109,0.1,10,0.009174,1
488,2005,1,20,21,29,36,36,-0.310345,-9,-0.444444,-16,-0.444444,-16,36047048800,11218,1,126,121,135,0.041322,5,-0.066667,-9
488,2005,2,33,20,28,38,38,0.178571,5,-0.131579,-5,-0.131579,-5,36047048800,11218,0,117,103,146,0.135922,14,-0.19863,-29
488,2005,3,32,33,30,32,32,0.066667,2,0,0,0,0,36047048800,11218,0,100,143,122,-0.300699,-43,-0.180328,-22
488,2005,4,33,32,31,43,43,0.064516,2,-0.232558,-10,-0.232558,-10,36047048800,11218,0,112,132,115,-0.151515,-20,-0.026087,-3
488,2005,5,31,33,27,42,42,0.148148,4,-0.261905,-11,-0.261905,-11,36047048800,11218,0,117,115,152,0.017391,2,-0.230263,-35
488,2006,0,26,26,21,32,32,0.238095,5,-0.1875,-6,-0.1875,-6,36047048800,11218,0,88,110,114,-0.2,-22,-0.22807,-26
488,2006,1,22,26,20,30,30,0.1,2,-0.266667,-8,-0.266667,-8,36047048800,11218,1,118,126,104,-0.063492,-8,0.134615,14
488,2006,2,25,22,33,33,33,-0.242424,-8,-0.242424,-8,-0.242424,-8,36047048800,11218,0,116,117,146,-0.008547,-1,-0.205479,-30
488,2006,3,29,25,32,30,30,-0.09375,-3,-0.033333,-1,-0.033333,-1,36047048800,11218,0,109,100,139,0.09,9,-0.215827,-30
488,2006,4,28,29,33,30,30,-0.151515,-5,-0.066667,-2,-0.066667,-2,36047048800,11218,0,93,112,108,-0.169643,-19,-0.138889,-15
488,2006,5,37,28,31,38,38,0.193548,6,-0.026316,-1,-0.026316,-1,36047048800,11218,0,125,117,110,0.068376,8,0.136364,15
488,2007,0,29,29,26,21,21,0.115385,3,0.380952,8,0.380952,8,36047048800,11218,0,89,88,100,0.011364,1,-0.11,-11
488,2007,1,23,29,22,29,29,0.045455,1,-0.206897,-6,-0.206897,-6,36047048800,11218,1,87,118,121,-0.262712,-31,-0.280992,-34
488,2007,2,21,23,25,28,28,-0.16,-4,-0.25,-7,-0.25,-7,36047048800,11218,1,121,116,103,0.043103,5,0.174757,18
488,2007,3,21,21,29,30,30,-0.275862,-8,-0.3,-9,-0.3,-9,36047048800,11218,1,114,109,143,0.045872,5,-0.202797,-29
488,2007,4,23,21,28,31,31,-0.178571,-5,-0.258065,-8,-0.258065,-8,36047048800,11218,0,109,93,132,0.172043,16,-0.174242,-23
488,2007,5,31,23,37,27,27,-0.162162,-6,0.148148,4,0.148148,4,36047048800,11218,0,91,125,115,-0.272,-34,-0.208696,-24
488,2008,0,27,27,29,21,21,-0.068966,-2,0.285714,6,0.285714,6,36047048800,11218,1,110,89,110,0.235955,21,0,0
488,2008,1,30,27,23,20,20,0.304348,7,0.5,10,0.5,10,36047048800,11218,1,102,87,126,0.172414,15,-0.190476,-24
488,2008,2,22,30,21,33,33,0.047619,1,-0.333333,-11,-0.333333,-11,36047048800,11218,1,100,121,117,-0.173554,-21,-0.145299,-17
488,2008,3,20,22,21,32,32,-0.047619,-1,-0.375,-12,-0.375,-12,36047048800,11218,1,121,114,100,0.061404,7,0.21,21
488,2008,4,22,20,23,33,33,-0.043478,-1,-0.333333,-11,-0.333333,-11,36047048800,11218,1,113,109,112,0.036697,4,0.008929,1
488,2008,5,22,22,31,31,31,-0.290323,-9,-0.290323,-9,-0.290323,-9,36047048800,11218,0,106,91,117,0.164835,15,-0.094017,-11
488,2009,0,30,30,27,26,26,0.111111,3,0.153846,4,0.153846,4,36047048800,11218,0,103,110,88,-0.063636,-7,0.170455,15
488,2009,1,33,30,30,22,22,0.1,3,0.5,11,0.5,11,36047048800,11218,0,136,102,118,0.333333,34,0.152542,18
488,2009,2,37,33,22,25,25,0.681818,15,0.48,12,0.48,12,36047048800,11218,0,116,100,116,0.16,16,0,0
488,2009,3,35,37,20,29,29,0.75,15,0.206897,6,0.206897,6,36047048800,11218,0,112,121,109,-0.07438,-9,0.027523,3
488,2009,4,21,35,22,28,28,-0.045455,-1,-0.25,-7,-0.25,-7,36047048800,11218,0,124,113,93,0.097345,11,0.333333,31
488,2009,5,27,21,22,37,37,0.227273,5,-0.27027,-10,-0.27027,-10,36047048800,11218,0,131,106,125,0.235849,25,0.048,6
488,2010,0,39,39,30,29,29,0.3,9,0.344828,10,0.344828,10,36047048800,11218,0,123,103,89,0.194175,20,0.382022,34
488,2010,1,33,39,33,23,23,0,0,0.434783,10,0.434783,10,36047048800,11218,0,117,136,87,-0.139706,-19,0.344828,30
488,2010,2,31,33,37,21,21,-0.162162,-6,0.47619,10,0.47619,10,36047048800,11218,0,142,116,121,0.224138,26,0.173554,21
488,2010,3,40,31,35,21,21,0.142857,5,0.904762,19,0.904762,19,36047048800,11218,0,116,112,114,0.035714,4,0.017544,2
488,2010,4,38,40,21,23,23,0.809524,17,0.652174,15,0.652174,15,36047048800,11218,0,124,124,109,0,0,0.137615,15
488,2010,5,22,38,27,31,31,-0.185185,-5,-0.290323,-9,-0.290323,-9,36047048800,11218,0,121,131,91,-0.076336,-10,0.32967,30
489,2007,2,1,0,0,0,0,1,1,1,1,1,1,36047048900,11206,0,0,0,0,0,0,0,0
489,2008,2,1,0,1,0,0,0,0,1,1,1,1,36047048900,11206,0,0,0,0,0,0,0,0
490,2001,0,49,49,49,49,49,0,0,0,0,0,0,36047049000,11218,0,145,145,145,0,0,0,0
490,2001,1,46,49,46,46,46,0,0,0,0,0,0,36047049000,11218,0,164,164,164,0,0,0,0
490,2001,2,45,46,45,45,45,0,0,0,0,0,0,36047049000,11218,1,131,131,131,0,0,0,0
490,2001,3,48,45,48,48,48,0,0,0,0,0,0,36047049000,11218,1,141,141,141,0,0,0,0
490,2001,4,53,48,53,53,53,0,0,0,0,0,0,36047049000,11218,0,162,162,162,0,0,0,0
490,2001,5,51,53,51,51,51,0,0,0,0,0,0,36047049000,11218,0,162,162,162,0,0,0,0
490,2002,0,49,49,49,49,49,0,0,0,0,0,0,36047049000,11218,0,119,145,119,-0.17931,-26,0,0
490,2002,1,48,49,46,48,48,0.043478,2,0,0,0,0,36047049000,11218,0,152,164,152,-0.073171,-12,0,0
490,2002,2,50,48,45,50,50,0.111111,5,0,0,0,0,36047049000,11218,0,157,131,157,0.198473,26,0,0
490,2002,3,47,50,48,47,47,-0.020833,-1,0,0,0,0,36047049000,11218,0,137,141,137,-0.028369,-4,0,0
490,2002,4,40,47,53,40,40,-0.245283,-13,0,0,0,0,36047049000,11218,1,137,162,137,-0.154321,-25,0,0
490,2002,5,50,40,51,50,50,-0.019608,-1,0,0,0,0,36047049000,11218,0,166,162,166,0.024691,4,0,0
490,2003,0,39,39,49,39,39,-0.204082,-10,0,0,0,0,36047049000,11218,0,128,119,128,0.07563,9,0,0
490,2003,1,47,39,48,47,47,-0.020833,-1,0,0,0,0,36047049000,11218,1,109,152,109,-0.282895,-43,0,0
490,2003,2,50,47,50,50,50,0,0,0,0,0,0,36047049000,11218,0,152,157,152,-0.031847,-5,0,0
490,2003,3,52,50,47,52,52,0.106383,5,0,0,0,0,36047049000,11218,0,139,137,139,0.014599,2,0,0
490,2003,4,40,52,40,40,40,0,0,0,0,0,0,36047049000,11218,0,123,137,123,-0.10219,-14,0,0
490,2003,5,37,40,50,37,37,-0.26,-13,0,0,0,0,36047049000,11218,1,127,166,127,-0.23494,-39,0,0
490,2004,0,39,39,39,49,49,0,0,-0.204082,-10,-0.204082,-10,36047049000,11218,0,105,128,145,-0.179688,-23,-0.275862,-40
490,2004,1,48,39,47,46,46,0.021277,1,0.043478,2,0.043478,2,36047049000,11218,0,128,109,164,0.174312,19,-0.219512,-36
490,2004,2,46,48,50,45,45,-0.08,-4,0.022222,1,0.022222,1,36047049000,11218,0,111,152,131,-0.269737,-41,-0.152672,-20
490,2004,3,46,46,52,48,48,-0.115385,-6,-0.041667,-2,-0.041667,-2,36047049000,11218,0,156,139,141,0.122302,17,0.106383,15
490,2004,4,49,46,40,53,53,0.225,9,-0.075472,-4,-0.075472,-4,36047049000,11218,0,132,123,162,0.073171,9,-0.185185,-30
490,2004,5,42,49,37,51,51,0.135135,5,-0.176471,-9,-0.176471,-9,36047049000,11218,1,125,127,162,-0.015748,-2,-0.228395,-37
490,2005,0,35,35,39,49,49,-0.102564,-4,-0.285714,-14,-0.285714,-14,36047049000,11218,0,119,105,119,0.133333,14,0,0
490,2005,1,54,35,48,48,48,0.125,6,0.125,6,0.125,6,36047049000,11218,0,111,128,152,-0.132813,-17,-0.269737,-41
490,2005,2,51,54,46,50,50,0.108696,5,0.02,1,0.02,1,36047049000,11218,0,127,111,157,0.144144,16,-0.191083,-30
490,2005,3,38,51,46,47,47,-0.173913,-8,-0.191489,-9,-0.191489,-9,36047049000,11218,1,118,156,137,-0.24359,-38,-0.138686,-19
490,2005,4,40,38,49,40,40,-0.183673,-9,0,0,0,0,36047049000,11218,1,125,132,137,-0.05303,-7,-0.087591,-12
490,2005,5,41,40,42,50,50,-0.02381,-1,-0.18,-9,-0.18,-9,36047049000,11218,0,126,125,166,0.008,1,-0.240964,-40
490,2006,0,31,31,35,39,39,-0.114286,-4,-0.205128,-8,-0.205128,-8,36047049000,11218,1,102,119,128,-0.142857,-17,-0.203125,-26
490,2006,1,38,31,54,47,47,-0.296296,-16,-0.191489,-9,-0.191489,-9,36047049000,11218,0,121,111,109,0.09009,10,0.110092,12
490,2006,2,48,38,51,50,50,-0.058824,-3,-0.04,-2,-0.04,-2,36047049000,11218,0,118,127,152,-0.070866,-9,-0.223684,-34
490,2006,3,44,48,38,52,52,0.157895,6,-0.153846,-8,-0.153846,-8,36047049000,11218,0,123,118,139,0.042373,5,-0.115108,-16
490,2006,4,31,44,40,40,40,-0.225,-9,-0.225,-9,-0.225,-9,36047049000,11218,1,116,125,123,-0.072,-9,-0.056911,-7
490,2006,5,45,31,41,37,37,0.097561,4,0.216216,8,0.216216,8,36047049000,11218,0,136,126,127,0.079365,10,0.070866,9
490,2007,0,33,33,31,39,39,0.064516,2,-0.153846,-6,-0.153846,-6,36047049000,11218,1,107,102,105,0.04902,5,0.019048,2
490,2007,1,32,33,38,48,48,-0.157895,-6,-0.333333,-16,-0.333333,-16,36047049000,11218,1,97,121,128,-0.198347,-24,-0.242188,-31
490,2007,2,40,32,48,46,46,-0.166667,-8,-0.130435,-6,-0.130435,-6,36047049000,11218,0,118,118,111,0,0,0.063063,7
490,2007,3,47,40,44,46,46,0.068182,3,0.021739,1,0.021739,1,36047049000,11218,0,112,123,156,-0.089431,-11,-0.282051,-44
490,2007,4,43,47,31,49,49,0.387097,12,-0.122449,-6,-0.122449,-6,36047049000,11218,0,111,116,132,-0.043103,-5,-0.159091,-21
490,2007,5,29,43,45,42,42,-0.355556,-16,-0.309524,-13,-0.309524,-13,36047049000,11218,1,123,136,125,-0.095588,-13,-0.016,-2
490,2008,0,38,38,33,35,35,0.151515,5,0.085714,3,0.085714,3,36047049000,11218,0,129,107,119,0.205607,22,0.084034,10
490,2008,1,39,38,32,54,54,0.21875,7,-0.277778,-15,-0.277778,-15,36047049000,11218,1,116,97,111,0.195876,19,0.045045,5
490,2008,2,31,39,40,51,51,-0.225,-9,-0.392157,-20,-0.392157,-20,36047049000,11218,1,108,118,127,-0.084746,-10,-0.149606,-19
490,2008,3,39,31,47,38,38,-0.170213,-8,0.026316,1,0.026316,1,36047049000,11218,1,118,112,118,0.053571,6,0,0
490,2008,4,46,39,43,40,40,0.069767,3,0.15,6,0.15,6,36047049000,11218,0,110,111,125,-0.009009,-1,-0.12,-15
490,2008,5,41,46,29,41,41,0.413793,12,0,0,0,0,36047049000,11218,1,111,123,126,-0.097561,-12,-0.119048,-15
490,2009,0,39,39,38,31,31,0.026316,1,0.258065,8,0.258065,8,36047049000,11218,0,125,129,102,-0.031008,-4,0.22549,23
490,2009,1,52,39,39,38,38,0.333333,13,0.368421,14,0.368421,14,36047049000,11218,0,162,116,121,0.396552,46,0.338843,41
490,2009,2,41,52,31,48,48,0.322581,10,-0.145833,-7,-0.145833,-7,36047049000,11218,0,138,108,118,0.277778,30,0.169492,20
490,2009,3,35,41,39,44,44,-0.102564,-4,-0.204545,-9,-0.204545,-9,36047049000,11218,0,137,118,123,0.161017,19,0.113821,14
490,2009,4,43,35,46,31,31,-0.065217,-3,0.387097,12,0.387097,12,36047049000,11218,0,118,110,116,0.072727,8,0.017241,2
490,2009,5,52,43,41,45,45,0.268293,11,0.155556,7,0.155556,7,36047049000,11218,0,129,111,136,0.162162,18,-0.051471,-7
490,2010,0,39,39,39,33,33,0,0,0.181818,6,0.181818,6,36047049000,11218,0,152,125,107,0.216,27,0.420561,45
490,2010,1,44,39,52,32,32,-0.153846,-8,0.375,12,0.375,12,36047049000,11218,0,141,162,97,-0.12963,-21,0.453608,44
490,2010,2,53,44,41,40,40,0.292683,12,0.325,13,0.325,13,36047049000,11218,0,169,138,118,0.224638,31,0.432203,51
490,2010,3,44,53,35,47,47,0.257143,9,-0.06383,-3,-0.06383,-3,36047049000,11218,0,138,137,112,0.007299,1,0.232143,26
490,2010,4,42,44,43,43,43,-0.023256,-1,-0.023256,-1,-0.023256,-1,36047049000,11218,0,146,118,111,0.237288,28,0.315315,35
490,2010,5,44,42,52,29,29,-0.153846,-8,0.517241,15,0.517241,15,36047049000,11218,0,120,129,123,-0.069767,-9,-0.02439,-3
492,2001,0,10,10,10,10,10,0,0,0,0,0,0,36047049200,11218,1,105,105,105,0,0,0,0
492,2001,1,12,10,12,12,12,0,0,0,0,0,0,36047049200,11218,0,118,118,118,0,0,0,0
492,2001,2,5,12,5,5,5,0,0,0,0,0,0,36047049200,11218,1,103,103,103,0,0,0,0
492,2001,3,17,5,17,17,17,0,0,0,0,0,0,36047049200,11218,0,116,116,116,0,0,0,0
492,2001,4,12,17,12,12,12,0,0,0,0,0,0,36047049200,11218,0,133,133,133,0,0,0,0
492,2001,5,10,12,10,10,10,0,0,0,0,0,0,36047049200,11218,1,131,131,131,0,0,0,0
492,2002,0,12,12,10,12,12,0.2,2,0,0,0,0,36047049200,11218,0,104,105,104,-0.009524,-1,0,0
492,2002,1,20,12,12,20,20,0.666667,8,0,0,0,0,36047049200,11218,0,109,118,109,-0.076271,-9,0,0
492,2002,2,14,20,5,14,14,1.8,9,0,0,0,0,36047049200,11218,0,117,103,117,0.135922,14,0,0
492,2002,3,9,14,17,9,9,-0.470588,-8,0,0,0,0,36047049200,11218,1,101,116,101,-0.12931,-15,0,0
492,2002,4,18,9,12,18,18,0.5,6,0,0,0,0,36047049200,11218,0,108,133,108,-0.18797,-25,0,0
492,2002,5,18,18,10,18,18,0.8,8,0,0,0,0,36047049200,11218,0,128,131,128,-0.022901,-3,0,0
492,2003,0,20,20,12,20,20,0.666667,8,0,0,0,0,36047049200,11218,0,91,104,91,-0.125,-13,0,0
492,2003,1,12,20,20,12,12,-0.4,-8,0,0,0,0,36047049200,11218,0,97,109,97,-0.110092,-12,0,0
492,2003,2,22,12,14,22,22,0.571429,8,0,0,0,0,36047049200,11218,0,110,117,110,-0.059829,-7,0,0
492,2003,3,11,22,9,11,11,0.222222,2,0,0,0,0,36047049200,11218,0,109,101,109,0.079208,8,0,0
492,2003,4,11,11,18,11,11,-0.388889,-7,0,0,0,0,36047049200,11218,1,95,108,95,-0.12037,-13,0,0
492,2003,5,15,11,18,15,15,-0.166667,-3,0,0,0,0,36047049200,11218,0,100,128,100,-0.21875,-28,0,0
492,2004,0,8,8,20,10,10,-0.6,-12,-0.2,-2,-0.2,-2,36047049200,11218,1,79,91,105,-0.131868,-12,-0.247619,-26
492,2004,1,19,8,12,12,12,0.583333,7,0.583333,7,0.583333,7,36047049200,11218,0,94,97,118,-0.030928,-3,-0.20339,-24
492,2004,2,12,19,22,5,5,-0.454545,-10,1.4,7,1.4,7,36047049200,11218,0,96,110,103,-0.127273,-14,-0.067961,-7
492,2004,3,24,12,11,17,17,1.181818,13,0.411765,7,0.411765,7,36047049200,11218,0,104,109,116,-0.045872,-5,-0.103448,-12
492,2004,4,13,24,11,12,12,0.181818,2,0.083333,1,0.083333,1,36047049200,11218,0,103,95,133,0.084211,8,-0.225564,-30
492,2004,5,12,13,15,10,10,-0.2,-3,0.2,2,0.2,2,36047049200,11218,1,98,100,131,-0.02,-2,-0.251908,-33
492,2005,0,19,19,8,12,12,1.375,11,0.583333,7,0.583333,7,36047049200,11218,0,78,79,104,-0.012658,-1,-0.25,-26
492,2005,1,12,19,19,20,20,-0.368421,-7,-0.4,-8,-0.4,-8,36047049200,11218,0,94,94,109,0,0,-0.137615,-15
492,2005,2,19,12,12,14,14,0.583333,7,0.357143,5,0.357143,5,36047049200,11218,0,99,96,117,0.03125,3,-0.153846,-18
492,2005,3,11,19,24,9,9,-0.541667,-13,0.222222,2,0.222222,2,36047049200,11218,0,94,104,101,-0.096154,-10,-0.069307,-7
492,2005,4,15,11,13,18,18,0.153846,2,-0.166667,-3,-0.166667,-3,36047049200,11218,1,96,103,108,-0.067961,-7,-0.111111,-12
492,2005,5,10,15,12,18,18,-0.166667,-2,-0.444444,-8,-0.444444,-8,36047049200,11218,1,96,98,128,-0.020408,-2,-0.25,-32
492,2006,0,11,11,19,20,20,-0.421053,-8,-0.45,-9,-0.45,-9,36047049200,11218,1,77,78,91,-0.012821,-1,-0.153846,-14
492,2006,1,19,11,12,12,12,0.583333,7,0.583333,7,0.583333,7,36047049200,11218,0,83,94,97,-0.117021,-11,-0.14433,-14
492,2006,2,14,19,19,22,22,-0.263158,-5,-0.363636,-8,-0.363636,-8,36047049200,11218,0,94,99,110,-0.050505,-5,-0.145455,-16
492,2006,3,16,14,11,11,11,0.454545,5,0.454545,5,0.454545,5,36047049200,11218,0,90,94,109,-0.042553,-4,-0.174312,-19
492,2006,4,12,16,15,11,11,-0.2,-3,0.090909,1,0.090909,1,36047049200,11218,0,81,96,95,-0.15625,-15,-0.147368,-14
492,2006,5,21,12,10,15,15,1.1,11,0.4,6,0.4,6,36047049200,11218,0,112,96,100,0.166667,16,0.12,12
492,2007,0,15,15,11,8,8,0.363636,4,0.875,7,0.875,7,36047049200,11218,0,77,77,79,0,0,-0.025316,-2
492,2007,1,7,15,19,19,19,-0.631579,-12,-0.631579,-12,-0.631579,-12,36047049200,11218,1,77,83,94,-0.072289,-6,-0.180851,-17
492,2007,2,20,7,14,12,12,0.428571,6,0.666667,8,0.666667,8,36047049200,11218,0,85,94,96,-0.095745,-9,-0.114583,-11
492,2007,3,12,20,16,24,24,-0.25,-4,-0.5,-12,-0.5,-12,36047049200,11218,0,90,90,104,0,0,-0.134615,-14
492,2007,4,18,12,12,13,13,0.5,6,0.384615,5,0.384615,5,36047049200,11218,0,80,81,103,-0.012346,-1,-0.223301,-23
492,2007,5,17,18,21,12,12,-0.190476,-4,0.416667,5,0.416667,5,36047049200,11218,0,85,112,98,-0.241071,-27,-0.132653,-13
492,2008,0,21,21,15,19,19,0.4,6,0.105263,2,0.105263,2,36047049200,11218,0,83,77,78,0.077922,6,0.064103,5
492,2008,1,16,21,7,12,12,1.285714,9,0.333333,4,0.333333,4,36047049200,11218,0,86,77,94,0.116883,9,-0.085106,-8
492,2008,2,10,16,20,19,19,-0.5,-10,-0.473684,-9,-0.473684,-9,36047049200,11218,1,77,85,99,-0.094118,-8,-0.222222,-22
492,2008,3,18,10,12,11,11,0.5,6,0.636364,7,0.636364,7,36047049200,11218,0,83,90,94,-0.077778,-7,-0.117021,-11
492,2008,4,12,18,18,15,15,-0.333333,-6,-0.2,-3,-0.2,-3,36047049200,11218,0,87,80,96,0.0875,7,-0.09375,-9
492,2008,5,17,12,17,10,10,0,0,0.7,7,0.7,7,36047049200,11218,0,77,85,96,-0.094118,-8,-0.197917,-19
492,2009,0,10,10,21,11,11,-0.52381,-11,-0.090909,-1,-0.090909,-1,36047049200,11218,0,91,83,77,0.096386,8,0.181818,14
492,2009,1,22,10,16,19,19,0.375,6,0.157895,3,0.157895,3,36047049200,11218,0,111,86,83,0.290698,25,0.337349,28
492,2009,2,16,22,10,14,14,0.6,6,0.142857,2,0.142857,2,36047049200,11218,0,98,77,94,0.272727,21,0.042553,4
492,2009,3,13,16,18,16,16,-0.277778,-5,-0.1875,-3,-0.1875,-3,36047049200,11218,0,98,83,90,0.180723,15,0.088889,8
492,2009,4,16,13,12,12,12,0.333333,4,0.333333,4,0.333333,4,36047049200,11218,0,85,87,81,-0.022989,-2,0.049383,4
492,2009,5,15,16,17,21,21,-0.117647,-2,-0.285714,-6,-0.285714,-6,36047049200,11218,0,100,77,112,0.298701,23,-0.107143,-12
492,2010,0,17,17,10,15,15,0.7,7,0.133333,2,0.133333,2,36047049200,11218,0,108,91,77,0.186813,17,0.402597,31
492,2010,1,10,17,22,7,7,-0.545455,-12,0.428571,3,0.428571,3,36047049200,11218,0,102,111,77,-0.081081,-9,0.324675,25
492,2010,2,22,10,16,20,20,0.375,6,0.1,2,0.1,2,36047049200,11218,0,110,98,85,0.122449,12,0.294118,25
492,2010,3,13,22,13,12,12,0,0,0.083333,1,0.083333,1,36047049200,11218,0,103,98,90,0.05102,5,0.144444,13
492,2010,4,13,13,16,18,18,-0.1875,-3,-0.277778,-5,-0.277778,-5,36047049200,11218,0,110,85,80,0.294118,25,0.375,30
492,2010,5,16,13,15,17,17,0.066667,1,-0.058824,-1,-0.058824,-1,36047049200,11218,0,87,100,85,-0.13,-13,0.023529,2
494,2001,0,23,23,23,23,23,0,0,0,0,0,0,36047049400,11218,0,137,137,137,0,0,0,0
494,2001,1,31,23,31,31,31,0,0,0,0,0,0,36047049400,11218,0,147,147,147,0,0,0,0
494,2001,2,23,31,23,23,23,0,0,0,0,0,0,36047049400,11218,1,125,125,125,0,0,0,0
494,2001,3,24,23,24,24,24,0,0,0,0,0,0,36047049400,11218,1,137,137,137,0,0,0,0
494,2001,4,38,24,38,38,38,0,0,0,0,0,0,36047049400,11218,0,146,146,146,0,0,0,0
494,2001,5,33,38,33,33,33,0,0,0,0,0,0,36047049400,11218,0,146,146,146,0,0,0,0
494,2002,0,24,24,23,24,24,0.043478,1,0,0,0,0,36047049400,11218,0,115,137,115,-0.160584,-22,0,0
494,2002,1,25,24,31,25,25,-0.193548,-6,0,0,0,0,36047049400,11218,0,142,147,142,-0.034014,-5,0,0
494,2002,2,29,25,23,29,29,0.26087,6,0,0,0,0,36047049400,11218,0,149,125,149,0.192,24,0,0
494,2002,3,22,29,24,22,22,-0.083333,-2,0,0,0,0,36047049400,11218,1,130,137,130,-0.051095,-7,0,0
494,2002,4,25,22,38,25,25,-0.342105,-13,0,0,0,0,36047049400,11218,0,130,146,130,-0.109589,-16,0,0
494,2002,5,36,25,33,36,36,0.090909,3,0,0,0,0,36047049400,11218,0,151,146,151,0.034247,5,0,0
494,2003,0,20,20,24,20,20,-0.166667,-4,0,0,0,0,36047049400,11218,0,122,115,122,0.06087,7,0,0
494,2003,1,20,20,25,20,20,-0.2,-5,0,0,0,0,36047049400,11218,0,112,142,112,-0.211268,-30,0,0
494,2003,2,27,20,29,27,27,-0.068966,-2,0,0,0,0,36047049400,11218,0,146,149,146,-0.020134,-3,0,0
494,2003,3,27,27,22,27,27,0.227273,5,0,0,0,0,36047049400,11218,0,138,130,138,0.061538,8,0,0
494,2003,4,25,27,25,25,25,0,0,0,0,0,0,36047049400,11218,0,112,130,112,-0.138462,-18,0,0
494,2003,5,25,25,36,25,25,-0.305556,-11,0,0,0,0,36047049400,11218,0,119,151,119,-0.211921,-32,0,0
494,2004,0,19,19,20,23,23,-0.05,-1,-0.173913,-4,-0.173913,-4,36047049400,11218,0,96,122,137,-0.213115,-26,-0.29927,-41
494,2004,1,17,19,20,31,31,-0.15,-3,-0.451613,-14,-0.451613,-14,36047049400,11218,1,129,112,147,0.151786,17,-0.122449,-18
494,2004,2,22,17,27,23,23,-0.185185,-5,-0.043478,-1,-0.043478,-1,36047049400,11218,0,108,146,125,-0.260274,-38,-0.136,-17
494,2004,3,28,22,27,24,24,0.037037,1,0.166667,4,0.166667,4,36047049400,11218,0,139,138,137,0.007246,1,0.014599,2
494,2004,4,23,28,25,38,38,-0.08,-2,-0.394737,-15,-0.394737,-15,36047049400,11218,0,135,112,146,0.205357,23,-0.075342,-11
494,2004,5,29,23,25,33,33,0.16,4,-0.121212,-4,-0.121212,-4,36047049400,11218,0,112,119,146,-0.058824,-7,-0.232877,-34
494,2005,0,22,22,19,24,24,0.157895,3,-0.083333,-2,-0.083333,-2,36047049400,11218,0,106,96,115,0.104167,10,-0.078261,-9
494,2005,1,20,22,17,25,25,0.176471,3,-0.2,-5,-0.2,-5,36047049400,11218,0,119,129,142,-0.077519,-10,-0.161972,-23
494,2005,2,15,20,22,29,29,-0.318182,-7,-0.482759,-14,-0.482759,-14,36047049400,11218,1,132,108,149,0.222222,24,-0.114094,-17
494,2005,3,24,15,28,22,22,-0.142857,-4,0.090909,2,0.090909,2,36047049400,11218,0,105,139,130,-0.244604,-34,-0.192308,-25
494,2005,4,23,24,23,25,25,0,0,-0.08,-2,-0.08,-2,36047049400,11218,0,117,135,130,-0.133333,-18,-0.1,-13
494,2005,5,24,23,29,36,36,-0.172414,-5,-0.333333,-12,-0.333333,-12,36047049400,11218,0,119,112,151,0.0625,7,-0.211921,-32
494,2006,0,20,20,22,20,20,-0.090909,-2,0,0,0,0,36047049400,11218,0,92,106,122,-0.132075,-14,-0.245902,-30
494,2006,1,23,20,20,20,20,0.15,3,0.15,3,0.15,3,36047049400,11218,0,114,119,112,-0.042017,-5,0.017857,2
494,2006,2,21,23,15,27,27,0.4,6,-0.222222,-6,-0.222222,-6,36047049400,11218,1,117,132,146,-0.113636,-15,-0.19863,-29
494,2006,3,17,21,24,27,27,-0.291667,-7,-0.37037,-10,-0.37037,-10,36047049400,11218,1,118,105,138,0.12381,13,-0.144928,-20
494,2006,4,22,17,23,25,25,-0.043478,-1,-0.12,-3,-0.12,-3,36047049400,11218,0,96,117,112,-0.179487,-21,-0.142857,-16
494,2006,5,30,22,24,25,25,0.25,6,0.2,5,0.2,5,36047049400,11218,0,128,119,119,0.07563,9,0.07563,9
494,2007,0,15,15,20,19,19,-0.25,-5,-0.210526,-4,-0.210526,-4,36047049400,11218,1,99,92,96,0.076087,7,0.03125,3
494,2007,1,22,15,23,17,17,-0.043478,-1,0.294118,5,0.294118,5,36047049400,11218,1,85,114,129,-0.254386,-29,-0.341085,-44
494,2007,2,24,22,21,22,22,0.142857,3,0.090909,2,0.090909,2,36047049400,11218,0,114,117,108,-0.025641,-3,0.055556,6
494,2007,3,22,24,17,28,28,0.294118,5,-0.214286,-6,-0.214286,-6,36047049400,11218,1,109,118,139,-0.076271,-9,-0.215827,-30
494,2007,4,14,22,22,23,23,-0.363636,-8,-0.391304,-9,-0.391304,-9,36047049400,11218,1,113,96,135,0.177083,17,-0.162963,-22
494,2007,5,25,14,30,29,29,-0.166667,-5,-0.137931,-4,-0.137931,-4,36047049400,11218,0,97,128,112,-0.242188,-31,-0.133929,-15
494,2008,0,18,18,15,22,22,0.2,3,-0.181818,-4,-0.181818,-4,36047049400,11218,1,117,99,106,0.181818,18,0.103774,11
494,2008,1,17,18,22,20,20,-0.227273,-5,-0.15,-3,-0.15,-3,36047049400,11218,1,112,85,119,0.317647,27,-0.058824,-7
494,2008,2,24,17,24,15,15,0,0,0.6,9,0.6,9,36047049400,11218,0,95,114,132,-0.166667,-19,-0.280303,-37
494,2008,3,24,24,22,24,24,0.090909,2,0,0,0,0,36047049400,11218,0,113,109,105,0.036697,4,0.07619,8
494,2008,4,19,24,14,23,23,0.357143,5,-0.173913,-4,-0.173913,-4,36047049400,11218,1,112,113,117,-0.00885,-1,-0.042735,-5
494,2008,5,14,19,25,24,24,-0.44,-11,-0.416667,-10,-0.416667,-10,36047049400,11218,1,109,97,119,0.123711,12,-0.084034,-10
494,2009,0,22,22,18,20,20,0.222222,4,0.1,2,0.1,2,36047049400,11218,0,109,117,92,-0.068376,-8,0.184783,17
494,2009,1,26,22,17,23,23,0.529412,9,0.130435,3,0.130435,3,36047049400,11218,0,141,112,114,0.258929,29,0.236842,27
494,2009,2,20,26,24,21,21,-0.166667,-4,-0.047619,-1,-0.047619,-1,36047049400,11218,0,130,95,117,0.368421,35,0.111111,13
494,2009,3,28,20,24,17,17,0.166667,4,0.647059,11,0.647059,11,36047049400,11218,0,116,113,118,0.026549,3,-0.016949,-2
494,2009,4,21,28,19,22,22,0.105263,2,-0.045455,-1,-0.045455,-1,36047049400,11218,0,120,112,96,0.071429,8,0.25,24
494,2009,5,21,21,14,30,30,0.5,7,-0.3,-9,-0.3,-9,36047049400,11218,0,133,109,128,0.220183,24,0.039063,5
494,2010,0,30,30,22,15,15,0.363636,8,1,15,1,15,36047049400,11218,0,129,109,99,0.183486,20,0.30303,30
494,2010,1,25,30,26,22,22,-0.038462,-1,0.136364,3,0.136364,3,36047049400,11218,0,122,141,85,-0.134752,-19,0.435294,37
494,2010,2,26,25,20,24,24,0.3,6,0.083333,2,0.083333,2,36047049400,11218,0,145,130,114,0.115385,15,0.27193,31
494,2010,3,19,26,28,22,22,-0.321429,-9,-0.136364,-3,-0.136364,-3,36047049400,11218,0,134,116,109,0.155172,18,0.229358,25
494,2010,4,30,19,21,14,14,0.428571,9,1.142857,16,1.142857,16,36047049400,11218,0,129,120,113,0.075,9,0.141593,16
494,2010,5,21,30,21,25,25,0,0,-0.16,-4,-0.16,-4,36047049400,11218,0,118,133,97,-0.112782,-15,0.216495,21
726,2002,5,1,0,0,1,1,1,1,0,0,0,0,36047072600,11203,0,0,0,0,0,0,0,0
902,2006,0,1,1,0,0,0,1,1,1,1,1,1,36047090200,11212,0,0,0,0,0,0,0,0
906,2007,1,1,0,0,0,0,1,1,1,1,1,1,36047090600,11212,0,0,0,0,0,0,0,0
906,2008,2,1,0,0,0,0,1,1,1,1,1,1,36047090600,11212,0,0,0,0,0,0,0,0
1144,2006,1,1,0,0,0,0,1,1,1,1,1,1,,,0,0,0,0,0,0,0,0
5201,2001,0,4,4,4,4,4,0,0,0,0,0,0,36047005201,11209,0,40,40,40,0,0,0,0
5201,2001,1,4,4,4,4,4,0,0,0,0,0,0,36047005201,11209,1,47,47,47,0,0,0,0
5201,2001,2,3,4,3,3,3,0,0,0,0,0,0,36047005201,11209,0,46,46,46,0,0,0,0
5201,2001,3,4,3,4,4,4,0,0,0,0,0,0,36047005201,11209,0,33,33,33,0,0,0,0
5201,2001,4,8,4,8,8,8,0,0,0,0,0,0,36047005201,11209,0,31,31,31,0,0,0,0
5201,2001,5,6,8,6,6,6,0,0,0,0,0,0,36047005201,11209,0,32,32,32,0,0,0,0
5201,2002,0,7,7,4,7,7,0.75,3,0,0,0,0,36047005201,11209,0,31,40,31,-0.225,-9,0,0
5201,2002,1,4,7,4,4,4,0,0,0,0,0,0,36047005201,11209,0,42,47,42,-0.106383,-5,0,0
5201,2002,2,4,4,3,4,4,0.333333,1,0,0,0,0,36047005201,11209,1,40,46,40,-0.130435,-6,0,0
5201,2002,3,3,4,4,3,3,-0.25,-1,0,0,0,0,36047005201,11209,0,39,33,39,0.181818,6,0,0
5201,2002,4,4,3,8,4,4,-0.5,-4,0,0,0,0,36047005201,11209,0,29,31,29,-0.064516,-2,0,0
5201,2002,5,9,4,6,9,9,0.5,3,0,0,0,0,36047005201,11209,0,29,32,29,-0.09375,-3,0,0
5201,2003,0,5,5,7,5,5,-0.285714,-2,0,0,0,0,36047005201,11209,0,36,31,36,0.16129,5,0,0
5201,2003,1,8,5,4,8,8,1,4,0,0,0,0,36047005201,11209,0,31,42,31,-0.261905,-11,0,0
5201,2003,2,3,8,4,3,3,-0.25,-1,0,0,0,0,36047005201,11209,0,39,40,39,-0.025,-1,0,0
5201,2003,3,3,3,3,3,3,0,0,0,0,0,0,36047005201,11209,1,37,39,37,-0.051282,-2,0,0
5201,2003,4,5,3,4,5,5,0.25,1,0,0,0,0,36047005201,11209,0,50,29,50,0.724138,21,0,0
5201,2003,5,5,5,9,5,5,-0.444444,-4,0,0,0,0,36047005201,11209,0,26,29,26,-0.103448,-3,0,0
5201,2004,0,3,3,5,4,4,-0.4,-2,-0.25,-1,-0.25,-1,36047005201,11209,0,38,36,40,0.055556,2,-0.05,-2
5201,2004,1,5,3,8,4,4,-0.375,-3,0.25,1,0.25,1,36047005201,11209,0,31,31,47,0,0,-0.340426,-16
5201,2004,2,8,5,3,3,3,1.666667,5,1.666667,5,1.666667,5,36047005201,11209,0,30,39,46,-0.230769,-9,-0.347826,-16
5201,2004,3,3,8,3,4,4,0,0,-0.25,-1,-0.25,-1,36047005201,11209,0,33,37,33,-0.108108,-4,0,0
5201,2004,4,3,3,5,8,8,-0.4,-2,-0.625,-5,-0.625,-5,36047005201,11209,1,33,50,31,-0.34,-17,0.064516,2
5201,2004,5,5,3,5,6,6,0,0,-0.166667,-1,-0.166667,-1,36047005201,11209,0,43,26,32,0.653846,17,0.34375,11
5201,2005,0,3,3,3,7,7,0,0,-0.571429,-4,-0.571429,-4,36047005201,11209,1,33,38,31,-0.131579,-5,0.064516,2
5201,2005,1,3,3,5,4,4,-0.4,-2,-0.25,-1,-0.25,-1,36047005201,11209,1,38,31,42,0.225806,7,-0.095238,-4
5201,2005,2,4,3,8,4,4,-0.5,-4,0,0,0,0,36047005201,11209,0,25,30,40,-0.166667,-5,-0.375,-15
5201,2005,3,7,4,3,3,3,1.333333,4,1.333333,4,1.333333,4,36047005201,11209,0,30,33,39,-0.090909,-3,-0.230769,-9
5201,2005,4,3,7,3,4,4,0,0,-0.25,-1,-0.25,-1,36047005201,11209,1,33,33,29,0,0,0.137931,4
5201,2005,5,5,3,5,9,9,0,0,-0.444444,-4,-0.444444,-4,36047005201,11209,0,27,43,29,-0.372093,-16,-0.068966,-2
5201,2006,0,4,4,3,5,5,0.333333,1,-0.2,-1,-0.2,-1,36047005201,11209,0,47,33,36,0.424242,14,0.305556,11
5201,2006,1,4,4,3,8,8,0.333333,1,-0.5,-4,-0.5,-4,36047005201,11209,1,28,38,31,-0.263158,-10,-0.096774,-3
5201,2006,2,3,4,4,3,3,-0.25,-1,0,0,0,0,36047005201,11209,0,34,25,39,0.36,9,-0.128205,-5
5201,2006,3,5,3,7,3,3,-0.285714,-2,0.666667,2,0.666667,2,36047005201,11209,0,24,30,37,-0.2,-6,-0.351351,-13
5201,2006,4,8,5,3,5,5,1.666667,5,0.6,3,0.6,3,36047005201,11209,0,25,33,50,-0.242424,-8,-0.5,-25
5201,2006,5,3,8,5,5,5,-0.4,-2,-0.4,-2,-0.4,-2,36047005201,11209,1,29,27,26,0.074074,2,0.115385,3
5201,2007,0,6,6,4,3,3,0.5,2,1,3,1,3,36047005201,11209,1,53,47,38,0.12766,6,0.394737,15
5201,2007,1,6,6,4,5,5,0.5,2,0.2,1,0.2,1,36047005201,11209,0,46,28,31,0.642857,18,0.483871,15
5201,2007,2,3,6,3,8,8,0,0,-0.625,-5,-0.625,-5,36047005201,11209,1,24,34,30,-0.294118,-10,-0.2,-6
5201,2007,3,1,3,5,3,3,-0.8,-4,-0.666667,-2,-0.666667,-2,36047005201,11209,1,29,24,33,0.208333,5,-0.121212,-4
5201,2007,4,7,1,8,3,3,-0.125,-1,1.333333,4,1.333333,4,36047005201,11209,0,18,25,33,-0.28,-7,-0.454545,-15
5201,2007,5,7,7,3,5,5,1.333333,4,0.4,2,0.4,2,36047005201,11209,0,19,29,43,-0.344828,-10,-0.55814,-24
5201,2008,0,3,3,6,3,3,-0.5,-3,0,0,0,0,36047005201,11209,1,68,53,33,0.283019,15,1.060606,35
5201,2008,1,7,3,6,3,3,0.166667,1,1.333333,4,1.333333,4,36047005201,11209,1,43,46,38,-0.065217,-3,0.131579,5
5201,2008,2,4,7,3,4,4,0.333333,1,0,0,0,0,36047005201,11209,0,37,24,25,0.541667,13,0.48,12
5201,2008,3,3,4,1,7,7,2,2,-0.571429,-4,-0.571429,-4,36047005201,11209,1,26,29,30,-0.103448,-3,-0.133333,-4
5201,2008,4,1,3,7,3,3,-0.857143,-6,-0.666667,-2,-0.666667,-2,36047005201,11209,1,24,18,33,0.333333,6,-0.272727,-9
5201,2008,5,6,1,7,5,5,-0.142857,-1,0.2,1,0.2,1,36047005201,11209,1,18,19,27,-0.052632,-1,-0.333333,-9
5201,2009,0,13,13,3,4,4,3.333333,10,2.25,9,2.25,9,36047005201,11209,0,63,68,47,-0.073529,-5,0.340426,16
5201,2009,1,4,13,7,4,4,-0.428571,-3,0,0,0,0,36047005201,11209,0,74,43,28,0.72093,31,1.642857,46
5201,2009,2,8,4,4,3,3,1,4,1.666667,5,1.666667,5,36047005201,11209,0,54,37,34,0.459459,17,0.588235,20
5201,2009,3,6,8,3,5,5,1,3,0.2,1,0.2,1,36047005201,11209,0,44,26,24,0.692308,18,0.833333,20
5201,2009,4,8,6,1,8,8,7,7,0,0,0,0,36047005201,11209,0,42,24,25,0.75,18,0.68,17
5201,2009,5,3,8,6,3,3,-0.5,-3,0,0,0,0,36047005201,11209,0,33,18,29,0.833333,15,0.137931,4
5201,2010,0,7,7,13,6,6,-0.461538,-6,0.166667,1,0.166667,1,36047005201,11209,0,60,63,53,-0.047619,-3,0.132075,7
5201,2010,1,10,7,4,6,6,1.5,6,0.666667,4,0.666667,4,36047005201,11209,0,59,74,46,-0.202703,-15,0.282609,13
5201,2010,2,4,10,8,3,3,-0.5,-4,0.333333,1,0.333333,1,36047005201,11209,0,77,54,24,0.425926,23,2.208333,53
5201,2010,3,7,4,6,1,1,0.166667,1,6,6,6,6,36047005201,11209,0,47,44,29,0.068182,3,0.62069,18
5201,2010,4,7,7,8,7,7,-0.125,-1,0,0,0,0,36047005201,11209,0,41,42,18,-0.02381,-1,1.277778,23
5201,2010,5,9,7,3,7,7,2,6,0.285714,2,0.285714,2,36047005201,11209,0,41,33,19,0.242424,8,1.157895,22
5202,2001,0,6,6,6,6,6,0,0,0,0,0,0,36047005202,11209,0,54,54,54,0,0,0,0
5202,2001,1,6,6,6,6,6,0,0,0,0,0,0,36047005202,11209,0,60,60,60,0,0,0,0
5202,2001,2,2,6,2,2,2,0,0,0,0,0,0,36047005202,11209,1,59,59,59,0,0,0,0
5202,2001,3,4,2,4,4,4,0,0,0,0,0,0,36047005202,11209,0,48,48,48,0,0,0,0
5202,2001,4,6,4,6,6,6,0,0,0,0,0,0,36047005202,11209,0,41,41,41,0,0,0,0
5202,2001,5,5,6,5,5,5,0,0,0,0,0,0,36047005202,11209,0,40,40,40,0,0,0,0
5202,2002,0,4,4,6,4,4,-0.333333,-2,0,0,0,0,36047005202,11209,1,50,54,50,-0.074074,-4,0,0
5202,2002,1,7,4,6,7,7,0.166667,1,0,0,0,0,36047005202,11209,1,58,60,58,-0.033333,-2,0,0
5202,2002,2,4,7,2,4,4,1,2,0,0,0,0,36047005202,11209,0,53,59,53,-0.101695,-6,0,0
5202,2002,3,5,4,4,5,5,0.25,1,0,0,0,0,36047005202,11209,0,52,48,52,0.083333,4,0,0
5202,2002,4,8,5,6,8,8,0.333333,2,0,0,0,0,36047005202,11209,0,39,41,39,-0.04878,-2,0,0
5202,2002,5,6,8,5,6,6,0.2,1,0,0,0,0,36047005202,11209,0,41,40,41,0.025,1,0,0
5202,2003,0,8,8,4,8,8,1,4,0,0,0,0,36047005202,11209,0,43,50,43,-0.14,-7,0,0
5202,2003,1,5,8,7,5,5,-0.285714,-2,0,0,0,0,36047005202,11209,0,51,58,51,-0.12069,-7,0,0
5202,2003,2,5,5,4,5,5,0.25,1,0,0,0,0,36047005202,11209,0,52,53,52,-0.018868,-1,0,0
5202,2003,3,5,5,5,5,5,0,0,0,0,0,0,36047005202,11209,0,46,52,46,-0.115385,-6,0,0
5202,2003,4,8,5,8,8,8,0,0,0,0,0,0,36047005202,11209,0,60,39,60,0.538462,21,0,0
5202,2003,5,7,8,6,7,7,0.166667,1,0,0,0,0,36047005202,11209,0,39,41,39,-0.04878,-2,0,0
5202,2004,0,8,8,8,6,6,0,0,0.333333,2,0.333333,2,36047005202,11209,0,42,43,54,-0.023256,-1,-0.222222,-12
5202,2004,1,10,8,5,6,6,1,5,0.666667,4,0.666667,4,36047005202,11209,0,40,51,60,-0.215686,-11,-0.333333,-20
5202,2004,2,5,10,5,2,2,0,0,1.5,3,1.5,3,36047005202,11209,0,49,52,59,-0.057692,-3,-0.169492,-10
5202,2004,3,2,5,5,4,4,-0.6,-3,-0.5,-2,-0.5,-2,36047005202,11209,0,44,46,48,-0.043478,-2,-0.083333,-4
5202,2004,4,7,2,8,6,6,-0.125,-1,0.166667,1,0.166667,1,36047005202,11209,0,37,60,41,-0.383333,-23,-0.097561,-4
5202,2004,5,5,7,7,5,5,-0.285714,-2,0,0,0,0,36047005202,11209,0,52,39,40,0.333333,13,0.3,12
5202,2005,0,8,8,8,4,4,0,0,1,4,1,4,36047005202,11209,1,37,42,50,-0.119048,-5,-0.26,-13
5202,2005,1,7,8,10,7,7,-0.3,-3,0,0,0,0,36047005202,11209,0,45,40,58,0.125,5,-0.224138,-13
5202,2005,2,7,7,5,4,4,0.4,2,0.75,3,0.75,3,36047005202,11209,0,33,49,53,-0.326531,-16,-0.377358,-20
5202,2005,3,3,7,2,5,5,0.5,1,-0.4,-2,-0.4,-2,36047005202,11209,0,45,44,52,0.022727,1,-0.134615,-7
5202,2005,4,3,3,7,8,8,-0.571429,-4,-0.625,-5,-0.625,-5,36047005202,11209,0,43,37,39,0.162162,6,0.102564,4
5202,2005,5,5,3,5,6,6,0,0,-0.166667,-1,-0.166667,-1,36047005202,11209,0,34,52,41,-0.346154,-18,-0.170732,-7
5202,2006,0,8,8,8,8,8,0,0,0,0,0,0,36047005202,11209,1,52,37,43,0.405405,15,0.209302,9
5202,2006,1,4,8,7,5,5,-0.428571,-3,-0.2,-1,-0.2,-1,36047005202,11209,1,35,45,51,-0.222222,-10,-0.313725,-16
5202,2006,2,6,4,7,5,5,-0.142857,-1,0.2,1,0.2,1,36047005202,11209,0,40,33,52,0.212121,7,-0.230769,-12
5202,2006,3,4,6,3,5,5,0.333333,1,-0.2,-1,-0.2,-1,36047005202,11209,0,33,45,46,-0.266667,-12,-0.282609,-13
5202,2006,4,3,4,3,8,8,0,0,-0.625,-5,-0.625,-5,36047005202,11209,0,44,43,60,0.023256,1,-0.266667,-16
5202,2006,5,3,3,5,7,7,-0.4,-2,-0.571429,-4,-0.571429,-4,36047005202,11209,0,34,34,39,0,0,-0.128205,-5
5202,2007,0,12,12,8,8,8,0.5,4,0.5,4,0.5,4,36047005202,11209,1,67,52,42,0.288462,15,0.595238,25
5202,2007,1,7,12,4,10,10,0.75,3,-0.3,-3,-0.3,-3,36047005202,11209,1,54,35,40,0.542857,19,0.35,14
5202,2007,2,4,7,6,5,5,-0.333333,-2,-0.2,-1,-0.2,-1,36047005202,11209,1,27,40,49,-0.325,-13,-0.44898,-22
5202,2007,3,5,4,4,2,2,0.25,1,1.5,3,1.5,3,36047005202,11209,0,34,33,44,0.030303,1,-0.227273,-10
5202,2007,4,1,5,3,7,7,-0.666667,-2,-0.857143,-6,-0.857143,-6,36047005202,11209,1,31,44,37,-0.295455,-13,-0.162162,-6
5202,2007,5,2,1,3,5,5,-0.333333,-1,-0.6,-3,-0.6,-3,36047005202,11209,1,35,34,52,0.029412,1,-0.326923,-17
5202,2008,0,12,12,12,8,8,0,0,0.5,4,0.5,4,36047005202,11209,1,83,67,37,0.238806,16,1.243243,46
5202,2008,1,9,12,7,7,7,0.285714,2,0.285714,2,0.285714,2,36047005202,11209,1,56,54,45,0.037037,2,0.244444,11
5202,2008,2,3,9,4,7,7,-0.25,-1,-0.571429,-4,-0.571429,-4,36047005202,11209,1,48,27,33,0.777778,21,0.454545,15
5202,2008,3,4,3,5,3,3,-0.2,-1,0.333333,1,0.333333,1,36047005202,11209,1,30,34,45,-0.117647,-4,-0.333333,-15
5202,2008,4,5,4,1,3,3,4,4,0.666667,2,0.666667,2,36047005202,11209,0,26,31,43,-0.16129,-5,-0.395349,-17
5202,2008,5,1,5,2,5,5,-0.5,-1,-0.8,-4,-0.8,-4,36047005202,11209,1,29,35,34,-0.171429,-6,-0.147059,-5
5202,2009,0,15,15,12,8,8,0.25,3,0.875,7,0.875,7,36047005202,11209,0,84,83,52,0.012048,1,0.615385,32
5202,2009,1,13,15,9,4,4,0.444444,4,2.25,9,2.25,9,36047005202,11209,0,92,56,35,0.642857,36,1.628571,57
5202,2009,2,10,13,3,6,6,2.333333,7,0.666667,4,0.666667,4,36047005202,11209,0,71,48,40,0.479167,23,0.775,31
5202,2009,3,5,10,4,4,4,0.25,1,0.25,1,0.25,1,36047005202,11209,0,53,30,33,0.766667,23,0.606061,20
5202,2009,4,10,5,5,3,3,1,5,2.333333,7,2.333333,7,36047005202,11209,0,51,26,44,0.961538,25,0.159091,7
5202,2009,5,5,10,1,3,3,4,4,0.666667,2,0.666667,2,36047005202,11209,0,44,29,34,0.517241,15,0.294118,10
5202,2010,0,17,17,15,12,12,0.133333,2,0.416667,5,0.416667,5,36047005202,11209,0,83,84,67,-0.011905,-1,0.238806,16
5202,2010,1,13,17,13,7,7,0,0,0.857143,6,0.857143,6,36047005202,11209,0,78,92,54,-0.152174,-14,0.444444,24
5202,2010,2,15,13,10,4,4,0.5,5,2.75,11,2.75,11,36047005202,11209,0,88,71,27,0.239437,17,2.259259,61
5202,2010,3,10,15,5,5,5,1,5,1,5,1,5,36047005202,11209,0,61,53,34,0.150943,8,0.794118,27
5202,2010,4,5,10,10,1,1,-0.5,-5,4,4,4,4,36047005202,11209,0,51,51,31,0,0,0.645161,20
5202,2010,5,10,5,5,2,2,1,5,4,8,4,8,36047005202,11209,0,49,44,35,0.113636,5,0.4,14
5601,2001,0,6,6,6,6,6,0,0,0,0,0,0,36047005601,11209,0,41,41,41,0,0,0,0
5601,2001,1,11,6,11,11,11,0,0,0,0,0,0,36047005601,11209,0,51,51,51,0,0,0,0
5601,2001,2,8,11,8,8,8,0,0,0,0,0,0,36047005601,11209,0,44,44,44,0,0,0,0
5601,2001,3,7,8,7,7,7,0,0,0,0,0,0,36047005601,11209,0,38,38,38,0,0,0,0
5601,2001,4,3,7,3,3,3,0,0,0,0,0,0,36047005601,11209,1,40,40,40,0,0,0,0
5601,2001,5,6,3,6,6,6,0,0,0,0,0,0,36047005601,11209,0,28,28,28,0,0,0,0
5601,2002,0,8,8,6,8,8,0.333333,2,0,0,0,0,36047005601,11209,0,46,41,46,0.121951,5,0,0
5601,2002,1,8,8,11,8,8,-0.272727,-3,0,0,0,0,36047005601,11209,0,49,51,49,-0.039216,-2,0,0
5601,2002,2,9,8,8,9,9,0.125,1,0,0,0,0,36047005601,11209,0,43,44,43,-0.022727,-1,0,0
5601,2002,3,6,9,7,6,6,-0.142857,-1,0,0,0,0,36047005601,11209,0,43,38,43,0.131579,5,0,0
5601,2002,4,6,6,3,6,6,1,3,0,0,0,0,36047005601,11209,0,40,40,40,0,0,0,0
5601,2002,5,4,6,6,4,4,-0.333333,-2,0,0,0,0,36047005601,11209,0,37,28,37,0.321429,9,0,0
5601,2003,0,3,3,8,3,3,-0.625,-5,0,0,0,0,36047005601,11209,1,46,46,46,0,0,0,0
5601,2003,1,5,3,8,5,5,-0.375,-3,0,0,0,0,36047005601,11209,1,53,49,53,0.081633,4,0,0
5601,2003,2,6,5,9,6,6,-0.333333,-3,0,0,0,0,36047005601,11209,0,45,43,45,0.046512,2,0,0
5601,2003,3,7,6,6,7,7,0.166667,1,0,0,0,0,36047005601,11209,0,42,43,42,-0.023256,-1,0,0
5601,2003,4,7,7,6,7,7,0.166667,1,0,0,0,0,36047005601,11209,0,49,40,49,0.225,9,0,0
5601,2003,5,4,7,4,4,4,0,0,0,0,0,0,36047005601,11209,0,39,37,39,0.054054,2,0,0
5601,2004,0,7,7,3,6,6,1.333333,4,0.166667,1,0.166667,1,36047005601,11209,0,41,46,41,-0.108696,-5,0,0
5601,2004,1,2,7,5,11,11,-0.6,-3,-0.818182,-9,-0.818182,-9,36047005601,11209,0,45,53,51,-0.150943,-8,-0.117647,-6
5601,2004,2,4,2,6,8,8,-0.333333,-2,-0.5,-4,-0.5,-4,36047005601,11209,1,53,45,44,0.177778,8,0.204545,9
5601,2004,3,6,4,7,7,7,-0.142857,-1,-0.142857,-1,-0.142857,-1,36047005601,11209,0,29,42,38,-0.309524,-13,-0.236842,-9
5601,2004,4,6,6,7,3,3,-0.142857,-1,1,3,1,3,36047005601,11209,0,34,49,40,-0.306122,-15,-0.15,-6
5601,2004,5,6,6,4,6,6,0.5,2,0,0,0,0,36047005601,11209,0,40,39,28,0.025641,1,0.428571,12
5601,2005,0,7,7,7,8,8,0,0,-0.125,-1,-0.125,-1,36047005601,11209,0,46,41,46,0.121951,5,0,0
5601,2005,1,8,7,2,8,8,3,6,0,0,0,0,36047005601,11209,0,41,45,49,-0.088889,-4,-0.163265,-8
5601,2005,2,3,8,4,9,9,-0.25,-1,-0.666667,-6,-0.666667,-6,36047005601,11209,0,34,53,43,-0.358491,-19,-0.209302,-9
5601,2005,3,4,3,6,6,6,-0.333333,-2,-0.333333,-2,-0.333333,-2,36047005601,11209,0,44,29,43,0.517241,15,0.023256,1
5601,2005,4,6,4,6,6,6,0,0,0,0,0,0,36047005601,11209,0,26,34,40,-0.235294,-8,-0.35,-14
5601,2005,5,5,6,6,4,4,-0.166667,-1,0.25,1,0.25,1,36047005601,11209,0,32,40,37,-0.2,-8,-0.135135,-5
5601,2006,0,7,7,7,3,3,0,0,1.333333,4,1.333333,4,36047005601,11209,0,38,46,46,-0.173913,-8,-0.173913,-8
5601,2006,1,3,7,8,5,5,-0.625,-5,-0.4,-2,-0.4,-2,36047005601,11209,0,39,41,53,-0.04878,-2,-0.264151,-14
5601,2006,2,7,3,3,6,6,1.333333,4,0.166667,1,0.166667,1,36047005601,11209,0,34,34,45,0,0,-0.244444,-11
5601,2006,3,3,7,4,7,7,-0.25,-1,-0.571429,-4,-0.571429,-4,36047005601,11209,0,25,44,42,-0.431818,-19,-0.404762,-17
5601,2006,4,3,3,6,7,7,-0.5,-3,-0.571429,-4,-0.571429,-4,36047005601,11209,0,44,26,49,0.692308,18,-0.102041,-5
5601,2006,5,4,3,5,4,4,-0.2,-1,0,0,0,0,36047005601,11209,0,18,32,39,-0.4375,-14,-0.538462,-21
5601,2007,0,1,1,7,7,7,-0.857143,-6,-0.857143,-6,-0.857143,-6,36047005601,11209,1,61,38,41,0.605263,23,0.487805,20
5601,2007,1,8,1,3,2,2,1.666667,5,3,6,3,6,36047005601,11209,0,40,39,45,0.025641,1,-0.111111,-5
5601,2007,2,3,8,7,4,4,-0.571429,-4,-0.25,-1,-0.25,-1,36047005601,11209,0,30,34,53,-0.117647,-4,-0.433962,-23
5601,2007,3,5,3,3,6,6,0.666667,2,-0.166667,-1,-0.166667,-1,36047005601,11209,0,30,25,29,0.2,5,0.034483,1
5601,2007,4,3,5,3,6,6,0,0,-0.5,-3,-0.5,-3,36047005601,11209,0,21,44,34,-0.522727,-23,-0.382353,-13
5601,2007,5,4,3,4,6,6,0,0,-0.333333,-2,-0.333333,-2,36047005601,11209,0,36,18,40,1,18,-0.1,-4
5601,2008,0,9,9,1,7,7,8,8,0.285714,2,0.285714,2,36047005601,11209,0,76,61,46,0.245902,15,0.652174,30
5601,2008,1,1,9,8,8,8,-0.875,-7,-0.875,-7,-0.875,-7,36047005601,11209,1,52,40,41,0.3,12,0.268293,11
5601,2008,2,6,1,3,3,3,1,3,1,3,1,3,36047005601,11209,1,27,30,34,-0.1,-3,-0.205882,-7
5601,2008,3,3,6,5,4,4,-0.4,-2,-0.25,-1,-0.25,-1,36047005601,11209,0,29,30,44,-0.033333,-1,-0.340909,-15
5601,2008,4,4,3,3,6,6,0.333333,1,-0.333333,-2,-0.333333,-2,36047005601,11209,0,23,21,26,0.095238,2,-0.115385,-3
5601,2008,5,3,4,4,5,5,-0.25,-1,-0.4,-2,-0.4,-2,36047005601,11209,0,19,36,32,-0.472222,-17,-0.40625,-13
5601,2009,0,8,8,9,7,7,-0.111111,-1,0.142857,1,0.142857,1,36047005601,11209,0,71,76,38,-0.065789,-5,0.868421,33
5601,2009,1,8,8,1,3,3,7,7,1.666667,5,1.666667,5,36047005601,11209,0,92,52,39,0.769231,40,1.358974,53
5601,2009,2,1,8,6,7,7,-0.833333,-5,-0.857143,-6,-0.857143,-6,36047005601,11209,0,58,27,34,1.148148,31,0.705882,24
5601,2009,3,6,1,3,3,3,1,3,1,3,1,3,36047005601,11209,0,31,29,25,0.068966,2,0.24,6
5601,2009,4,4,6,4,3,3,0,0,0.333333,1,0.333333,1,36047005601,11209,0,44,23,44,0.913043,21,0,0
5601,2009,5,3,4,3,4,4,0,0,-0.25,-1,-0.25,-1,36047005601,11209,0,30,19,18,0.578947,11,0.666667,12
5601,2010,0,9,9,8,1,1,0.125,1,8,8,8,8,36047005601,11209,0,89,71,61,0.253521,18,0.459016,28
5601,2010,1,4,9,8,8,8,-0.5,-4,-0.5,-4,-0.5,-4,36047005601,11209,0,60,92,40,-0.347826,-32,0.5,20
5601,2010,2,11,4,1,3,3,10,10,2.666667,8,2.666667,8,36047005601,11209,0,85,58,30,0.465517,27,1.833333,55
5601,2010,4,4,0,4,3,3,0,0,0.333333,1,0.333333,1,36047005601,11209,0,28,44,21,-0.363636,-16,0.333333,7
5601,2010,5,4,4,3,4,4,0.333333,1,0,0,0,0,36047005601,11209,0,40,30,36,0.333333,10,0.111111,4
5602,2001,0,1,1,1,1,1,0,0,0,0,0,0,36047005602,11209,0,44,44,44,0,0,0,0
5602,2001,1,6,1,6,6,6,0,0,0,0,0,0,36047005602,11209,0,59,59,59,0,0,0,0
5602,2001,2,6,6,6,6,6,0,0,0,0,0,0,36047005602,11209,0,50,50,50,0,0,0,0
5602,2001,3,3,6,3,3,3,0,0,0,0,0,0,36047005602,11209,1,42,42,42,0,0,0,0
5602,2001,4,2,3,2,2,2,0,0,0,0,0,0,36047005602,11209,0,43,43,43,0,0,0,0
5602,2001,5,2,2,2,2,2,0,0,0,0,0,0,36047005602,11209,0,30,30,30,0,0,0,0
5602,2002,0,4,4,1,4,4,3,3,0,0,0,0,36047005602,11209,0,44,44,44,0,0,0,0
5602,2002,1,2,4,6,2,2,-0.666667,-4,0,0,0,0,36047005602,11209,0,56,59,56,-0.050847,-3,0,0
5602,2002,2,5,2,6,5,5,-0.166667,-1,0,0,0,0,36047005602,11209,0,50,50,50,0,0,0,0
5602,2002,3,4,5,3,4,4,0.333333,1,0,0,0,0,36047005602,11209,0,51,42,51,0.214286,9,0,0
5602,2002,4,2,4,2,2,2,0,0,0,0,0,0,36047005602,11209,0,43,43,43,0,0,0,0
5602,2002,5,1,2,2,1,1,-0.5,-1,0,0,0,0,36047005602,11209,0,36,30,36,0.2,6,0,0
5602,2003,0,3,3,4,3,3,-0.25,-1,0,0,0,0,36047005602,11209,0,41,44,41,-0.068182,-3,0,0
5602,2003,1,4,3,2,4,4,1,2,0,0,0,0,36047005602,11209,0,47,56,47,-0.160714,-9,0,0
5602,2003,2,3,4,5,3,3,-0.4,-2,0,0,0,0,36047005602,11209,0,49,50,49,-0.02,-1,0,0
5602,2003,3,6,3,4,6,6,0.5,2,0,0,0,0,36047005602,11209,0,46,51,46,-0.098039,-5,0,0
5602,2003,4,3,6,2,3,3,0.5,1,0,0,0,0,36047005602,11209,0,52,43,52,0.209302,9,0,0
5602,2004,1,3,0,4,6,6,-0.25,-1,-0.5,-3,-0.5,-3,36047005602,11209,0,39,47,59,-0.170213,-8,-0.338983,-20
5602,2004,2,4,3,3,6,6,0.333333,1,-0.333333,-2,-0.333333,-2,36047005602,11209,0,46,49,50,-0.061224,-3,-0.08,-4
5602,2004,3,2,4,6,3,3,-0.666667,-4,-0.333333,-1,-0.333333,-1,36047005602,11209,0,31,46,42,-0.326087,-15,-0.261905,-11
5602,2004,4,4,2,3,2,2,0.333333,1,1,2,1,2,36047005602,11209,0,37,52,43,-0.288462,-15,-0.139535,-6
5602,2004,5,3,4,0,2,2,1,3,0.5,1,0.5,1,36047005602,11209,0,41,40,30,0.025,1,0.366667,11
5602,2005,0,5,5,0,4,4,1,5,0.25,1,0.25,1,36047005602,11209,0,47,49,44,-0.040816,-2,0.068182,3
5602,2005,2,3,0,4,5,5,-0.25,-1,-0.4,-2,-0.4,-2,36047005602,11209,0,31,46,50,-0.326087,-15,-0.38,-19
5602,2005,3,3,3,2,4,4,0.5,1,-0.25,-1,-0.25,-1,36047005602,11209,0,40,31,51,0.290323,9,-0.215686,-11
5602,2005,4,1,3,4,2,2,-0.75,-3,-0.5,-1,-0.5,-1,36047005602,11209,0,30,37,43,-0.189189,-7,-0.302326,-13
5602,2005,5,3,1,3,1,1,0,0,2,2,2,2,36047005602,11209,0,31,41,36,-0.243902,-10,-0.138889,-5
5602,2006,0,4,4,5,3,3,-0.2,-1,0.333333,1,0.333333,1,36047005602,11209,0,49,47,41,0.042553,2,0.195122,8
5602,2006,1,5,4,0,4,4,1,5,0.25,1,0.25,1,36047005602,11209,0,37,53,47,-0.301887,-16,-0.212766,-10
5602,2006,2,1,5,3,3,3,-0.666667,-2,-0.666667,-2,-0.666667,-2,36047005602,11209,1,42,31,49,0.354839,11,-0.142857,-7
5602,2006,3,3,1,3,6,6,0,0,-0.5,-3,-0.5,-3,36047005602,11209,0,23,40,46,-0.425,-17,-0.5,-23
5602,2006,4,3,3,1,3,3,2,2,0,0,0,0,36047005602,11209,0,39,30,52,0.3,9,-0.25,-13
5602,2006,5,1,3,3,0,0,-0.666667,-2,1,1,1,1,36047005602,11209,0,20,31,40,-0.354839,-11,-0.5,-20
5602,2007,0,4,4,4,0,0,0,0,1,4,1,4,36047005602,11209,0,60,49,49,0.22449,11,0.22449,11
5602,2007,1,4,4,5,3,3,-0.2,-1,0.333333,1,0.333333,1,36047005602,11209,1,47,37,39,0.27027,10,0.205128,8
5602,2007,2,4,4,1,4,4,3,3,0,0,0,0,36047005602,11209,0,32,42,46,-0.238095,-10,-0.304348,-14
5602,2007,3,1,4,3,2,2,-0.666667,-2,-0.5,-1,-0.5,-1,36047005602,11209,1,37,23,31,0.608696,14,0.193548,6
5602,2007,4,3,1,3,4,4,0,0,-0.25,-1,-0.25,-1,36047005602,11209,0,14,39,37,-0.641026,-25,-0.621622,-23
5602,2007,5,3,3,1,3,3,2,2,0,0,0,0,36047005602,11209,0,35,20,41,0.75,15,-0.146341,-6
5602,2008,0,4,4,4,5,5,0,0,-0.2,-1,-0.2,-1,36047005602,11209,0,89,60,47,0.483333,29,0.893617,42
5602,2008,1,5,4,4,0,0,0.25,1,1,5,1,5,36047005602,11209,0,49,47,53,0.042553,2,-0.075472,-4
5602,2008,2,4,5,4,3,3,0,0,0.333333,1,0.333333,1,36047005602,11209,1,33,32,31,0.03125,1,0.064516,2
5602,2008,3,3,4,1,3,3,2,2,0,0,0,0,36047005602,11209,0,32,37,40,-0.135135,-5,-0.2,-8
5602,2008,4,1,3,3,1,1,-0.666667,-2,0,0,0,0,36047005602,11209,0,27,14,30,0.928571,13,-0.1,-3
5602,2008,5,3,1,3,3,3,0,0,0,0,0,0,36047005602,11209,0,14,35,31,-0.6,-21,-0.548387,-17
5602,2009,0,3,3,4,4,4,-0.25,-1,-0.25,-1,-0.25,-1,36047005602,11209,0,76,89,49,-0.146067,-13,0.55102,27
5602,2009,1,8,3,5,5,5,0.6,3,0.6,3,0.6,3,36047005602,11209,0,97,49,37,0.979592,48,1.621622,60
5602,2009,2,2,8,4,1,1,-0.5,-2,1,1,1,1,36047005602,11209,0,55,33,42,0.666667,22,0.309524,13
5602,2009,3,5,2,3,3,3,0.666667,2,0.666667,2,0.666667,2,36047005602,11209,0,32,32,23,0,0,0.391304,9
5602,2009,4,3,5,1,3,3,2,2,0,0,0,0,36047005602,11209,0,41,27,39,0.518519,14,0.051282,2
5602,2009,5,2,3,3,1,1,-0.333333,-1,1,1,1,1,36047005602,11209,0,28,14,20,1,14,0.4,8
5602,2010,0,6,6,3,4,4,1,3,0.5,2,0.5,2,36047005602,11209,0,109,76,60,0.434211,33,0.816667,49
5602,2010,1,3,6,8,4,4,-0.625,-5,-0.25,-1,-0.25,-1,36047005602,11209,0,68,97,47,-0.298969,-29,0.446809,21
5602,2010,2,8,3,2,4,4,3,6,1,4,1,4,36047005602,11209,0,105,55,32,0.909091,50,2.28125,73
5602,2010,3,2,8,5,1,1,-0.6,-3,1,1,1,1,36047005602,11209,0,48,32,37,0.5,16,0.297297,11
5602,2010,4,2,2,3,3,3,-0.333333,-1,-0.333333,-1,-0.333333,-1,36047005602,11209,0,32,41,14,-0.219512,-9,1.285714,18
5602,2010,5,3,2,2,3,3,0.5,1,0,0,0,0,36047005602,11209,0,36,28,35,0.285714,8,0.028571,1
12801,2001,0,26,26,26,26,26,0,0,0,0,0,0,36047012801,11219,0,100,100,100,0,0,0,0
12801,2001,1,17,26,17,17,17,0,0,0,0,0,0,36047012801,11219,0,104,104,104,0,0,0,0
12801,2001,2,26,17,26,26,26,0,0,0,0,0,0,36047012801,11219,0,135,135,135,0,0,0,0
12801,2001,3,23,26,23,23,23,0,0,0,0,0,0,36047012801,11219,0,119,119,119,0,0,0,0
12801,2001,4,22,23,22,22,22,0,0,0,0,0,0,36047012801,11219,0,116,116,116,0,0,0,0
12801,2001,5,22,22,22,22,22,0,0,0,0,0,0,36047012801,11219,0,111,111,111,0,0,0,0
12801,2002,0,13,13,26,13,13,-0.5,-13,0,0,0,0,36047012801,11219,1,109,100,109,0.09,9,0,0
12801,2002,1,26,13,17,26,26,0.529412,9,0,0,0,0,36047012801,11219,0,106,104,106,0.019231,2,0,0
12801,2002,2,17,26,26,17,17,-0.346154,-9,0,0,0,0,36047012801,11219,0,131,135,131,-0.02963,-4,0,0
12801,2002,3,21,17,23,21,21,-0.086957,-2,0,0,0,0,36047012801,11219,1,137,119,137,0.151261,18,0,0
12801,2002,4,24,21,22,24,24,0.090909,2,0,0,0,0,36047012801,11219,0,123,116,123,0.060345,7,0,0
12801,2002,5,23,24,22,23,23,0.045455,1,0,0,0,0,36047012801,11219,0,129,111,129,0.162162,18,0,0
12801,2003,0,10,10,13,10,10,-0.230769,-3,0,0,0,0,36047012801,11219,1,106,109,106,-0.027523,-3,0,0
12801,2003,1,14,10,26,14,14,-0.461538,-12,0,0,0,0,36047012801,11219,1,121,106,121,0.141509,15,0,0
12801,2003,2,23,14,17,23,23,0.352941,6,0,0,0,0,36047012801,11219,0,104,131,104,-0.206107,-27,0,0
12801,2003,3,20,23,21,20,20,-0.047619,-1,0,0,0,0,36047012801,11219,0,137,137,137,0,0,0,0
12801,2003,4,23,20,24,23,23,-0.041667,-1,0,0,0,0,36047012801,11219,0,142,123,142,0.154472,19,0,0
12801,2003,5,20,23,23,20,20,-0.130435,-3,0,0,0,0,36047012801,11219,0,120,129,120,-0.069767,-9,0,0
12801,2004,0,21,21,10,26,26,1.1,11,-0.192308,-5,-0.192308,-5,36047012801,11219,0,101,106,100,-0.04717,-5,0.01,1
12801,2004,1,13,21,14,17,17,-0.071429,-1,-0.235294,-4,-0.235294,-4,36047012801,11219,1,115,121,104,-0.049587,-6,0.105769,11
12801,2004,2,13,13,23,26,26,-0.434783,-10,-0.5,-13,-0.5,-13,36047012801,11219,1,121,104,135,0.163462,17,-0.103704,-14
12801,2004,3,25,13,20,23,23,0.25,5,0.086957,2,0.086957,2,36047012801,11219,0,114,137,119,-0.167883,-23,-0.042017,-5
12801,2004,4,20,25,23,22,22,-0.130435,-3,-0.090909,-2,-0.090909,-2,36047012801,11219,0,135,142,116,-0.049296,-7,0.163793,19
12801,2004,5,23,20,20,22,22,0.15,3,0.045455,1,0.045455,1,36047012801,11219,1,139,120,111,0.158333,19,0.252252,28
12801,2005,0,19,19,21,13,13,-0.095238,-2,0.461538,6,0.461538,6,36047012801,11219,0,109,101,109,0.079208,8,0,0
12801,2005,1,27,19,13,26,26,1.076923,14,0.038462,1,0.038462,1,36047012801,11219,0,112,115,106,-0.026087,-3,0.056604,6
12801,2005,2,14,27,13,17,17,0.076923,1,-0.176471,-3,-0.176471,-3,36047012801,11219,1,126,121,131,0.041322,5,-0.038168,-5
12801,2005,3,15,14,25,21,21,-0.4,-10,-0.285714,-6,-0.285714,-6,36047012801,11219,1,132,114,137,0.157895,18,-0.036496,-5
12801,2005,4,23,15,20,24,24,0.15,3,-0.041667,-1,-0.041667,-1,36047012801,11219,0,115,135,123,-0.148148,-20,-0.065041,-8
12801,2005,5,22,23,23,23,23,-0.043478,-1,-0.043478,-1,-0.043478,-1,36047012801,11219,0,144,139,129,0.035971,5,0.116279,15
12801,2006,0,20,20,19,10,10,0.052632,1,1,10,1,10,36047012801,11219,0,125,109,106,0.146789,16,0.179245,19
12801,2006,1,17,20,27,14,14,-0.37037,-10,0.214286,3,0.214286,3,36047012801,11219,1,119,112,121,0.0625,7,-0.016529,-2
12801,2006,2,26,17,14,23,23,0.857143,12,0.130435,3,0.130435,3,36047012801,11219,0,116,126,104,-0.079365,-10,0.115385,12
12801,2006,3,14,26,15,20,20,-0.066667,-1,-0.3,-6,-0.3,-6,36047012801,11219,1,128,132,137,-0.030303,-4,-0.065693,-9
12801,2006,4,15,14,23,23,23,-0.347826,-8,-0.347826,-8,-0.347826,-8,36047012801,11219,1,130,115,142,0.130435,15,-0.084507,-12
12801,2006,5,27,15,22,20,20,0.227273,5,0.35,7,0.35,7,36047012801,11219,0,115,144,120,-0.201389,-29,-0.041667,-5
12801,2007,0,17,17,20,21,21,-0.15,-3,-0.190476,-4,-0.190476,-4,36047012801,11219,0,94,125,101,-0.248,-31,-0.069307,-7
12801,2007,1,22,17,17,13,13,0.294118,5,0.692308,9,0.692308,9,36047012801,11219,0,122,119,115,0.02521,3,0.06087,7
12801,2007,2,21,22,26,13,13,-0.192308,-5,0.615385,8,0.615385,8,36047012801,11219,1,121,116,121,0.043103,5,0,0
12801,2007,3,24,21,14,25,25,0.714286,10,-0.04,-1,-0.04,-1,36047012801,11219,0,104,128,114,-0.1875,-24,-0.087719,-10
12801,2007,4,13,24,15,20,20,-0.133333,-2,-0.35,-7,-0.35,-7,36047012801,11219,1,132,130,135,0.015385,2,-0.022222,-3
12801,2007,5,15,13,27,23,23,-0.444444,-12,-0.347826,-8,-0.347826,-8,36047012801,11219,1,126,115,139,0.095652,11,-0.093525,-13
12801,2008,0,19,19,17,19,19,0.117647,2,0,0,0,0,36047012801,11219,0,134,94,109,0.425532,40,0.229358,25
12801,2008,1,20,19,22,27,27,-0.090909,-2,-0.259259,-7,-0.259259,-7,36047012801,11219,0,112,122,112,-0.081967,-10,0,0
12801,2008,2,25,20,21,14,14,0.190476,4,0.785714,11,0.785714,11,36047012801,11219,0,135,121,126,0.115702,14,0.071429,9
12801,2008,3,19,25,24,15,15,-0.208333,-5,0.266667,4,0.266667,4,36047012801,11219,0,126,104,132,0.211538,22,-0.045455,-6
12801,2008,4,25,19,13,23,23,0.923077,12,0.086957,2,0.086957,2,36047012801,11219,0,121,132,115,-0.083333,-11,0.052174,6
12801,2008,5,16,25,15,22,22,0.066667,1,-0.272727,-6,-0.272727,-6,36047012801,11219,0,139,126,144,0.103175,13,-0.034722,-5
12801,2009,0,11,11,19,20,20,-0.421053,-8,-0.45,-9,-0.45,-9,36047012801,11219,0,157,134,125,0.171642,23,0.256,32
12801,2009,1,24,11,20,17,17,0.2,4,0.411765,7,0.411765,7,36047012801,11219,0,167,112,119,0.491071,55,0.403361,48
12801,2009,2,24,24,25,26,26,-0.04,-1,-0.076923,-2,-0.076923,-2,36047012801,11219,0,137,135,116,0.014815,2,0.181034,21
12801,2009,3,26,24,19,14,14,0.368421,7,0.857143,12,0.857143,12,36047012801,11219,0,157,126,128,0.246032,31,0.226563,29
12801,2009,4,20,26,25,15,15,-0.2,-5,0.333333,5,0.333333,5,36047012801,11219,0,140,121,130,0.157025,19,0.076923,10
12801,2009,5,21,20,16,27,27,0.3125,5,-0.222222,-6,-0.222222,-6,36047012801,11219,0,146,139,115,0.05036,7,0.269565,31
12801,2010,0,20,20,11,17,17,0.818182,9,0.176471,3,0.176471,3,36047012801,11219,0,162,157,94,0.031847,5,0.723404,68
12801,2010,1,15,20,24,22,22,-0.375,-9,-0.318182,-7,-0.318182,-7,36047012801,11219,0,187,167,122,0.11976,20,0.532787,65
12801,2010,2,23,15,24,21,21,-0.041667,-1,0.095238,2,0.095238,2,36047012801,11219,0,169,137,121,0.233577,32,0.396694,48
12801,2010,3,21,23,26,24,24,-0.192308,-5,-0.125,-3,-0.125,-3,36047012801,11219,0,143,157,104,-0.089172,-14,0.375,39
12801,2010,4,25,21,20,13,13,0.25,5,0.923077,12,0.923077,12,36047012801,11219,0,152,140,132,0.085714,12,0.151515,20
12801,2010,5,18,25,21,15,15,-0.142857,-3,0.2,3,0.2,3,36047012801,11219,0,160,146,126,0.09589,14,0.269841,34
46201,2001,0,4,4,4,4,4,0,0,0,0,0,0,36047046201,11230,0,45,45,45,0,0,0,0
46201,2001,1,2,4,2,2,2,0,0,0,0,0,0,36047046201,11230,0,39,39,39,0,0,0,0
46201,2001,2,2,2,2,2,2,0,0,0,0,0,0,36047046201,11230,0,36,36,36,0,0,0,0
46201,2001,4,1,0,1,1,1,0,0,0,0,0,0,36047046201,11230,0,40,40,40,0,0,0,0
46201,2001,5,1,1,1,1,1,0,0,0,0,0,0,36047046201,11230,0,46,46,46,0,0,0,0
46201,2002,0,1,1,4,1,1,-0.75,-3,0,0,0,0,36047046201,11230,0,38,45,38,-0.155556,-7,0,0
46201,2002,1,4,1,2,4,4,1,2,0,0,0,0,36047046201,11230,0,43,39,43,0.102564,4,0,0
46201,2002,2,2,4,2,2,2,0,0,0,0,0,0,36047046201,11230,0,35,36,35,-0.027778,-1,0,0
46201,2002,3,2,2,0,2,2,1,2,0,0,0,0,36047046201,11230,0,42,40,42,0.05,2,0,0
46201,2002,5,2,0,1,2,2,1,1,0,0,0,0,36047046201,11230,0,36,46,36,-0.217391,-10,0,0
46201,2003,0,1,1,1,1,1,0,0,0,0,0,0,36047046201,11230,0,30,38,30,-0.210526,-8,0,0
46201,2003,1,1,1,4,1,1,-0.75,-3,0,0,0,0,36047046201,11230,0,29,43,29,-0.325581,-14,0,0
46201,2003,2,2,1,2,2,2,0,0,0,0,0,0,36047046201,11230,0,40,35,40,0.142857,5,0,0
46201,2003,3,2,2,2,2,2,0,0,0,0,0,0,36047046201,11230,0,31,42,31,-0.261905,-11,0,0
46201,2003,4,2,2,0,2,2,1,2,0,0,0,0,36047046201,11230,0,39,32,39,0.21875,7,0,0
46201,2004,0,1,1,1,4,4,0,0,-0.75,-3,-0.75,-3,36047046201,11230,0,35,30,45,0.166667,5,-0.222222,-10
46201,2004,1,1,1,1,2,2,0,0,-0.5,-1,-0.5,-1,36047046201,11230,0,31,29,39,0.068966,2,-0.205128,-8
46201,2004,2,1,1,2,2,2,-0.5,-1,-0.5,-1,-0.5,-1,36047046201,11230,0,31,40,36,-0.225,-9,-0.138889,-5
46201,2004,3,1,1,2,0,0,-0.5,-1,1,1,1,1,36047046201,11230,0,42,31,40,0.354839,11,0.05,2
46201,2004,4,2,1,2,1,1,0,0,1,1,1,1,36047046201,11230,0,26,39,40,-0.333333,-13,-0.35,-14
46201,2004,5,1,2,0,1,1,1,1,0,0,0,0,36047046201,11230,0,37,31,46,0.193548,6,-0.195652,-9
46201,2005,0,2,2,1,1,1,1,1,1,1,1,1,36047046201,11230,0,29,35,38,-0.171429,-6,-0.236842,-9
46201,2005,1,1,2,1,4,4,0,0,-0.75,-3,-0.75,-3,36047046201,11230,0,34,31,43,0.096774,3,-0.209302,-9
46201,2005,5,1,0,1,2,2,0,0,-0.5,-1,-0.5,-1,36047046201,11230,0,27,37,36,-0.27027,-10,-0.25,-9
46201,2006,1,1,0,1,1,1,0,0,0,0,0,0,36047046201,11230,0,24,34,29,-0.294118,-10,-0.172414,-5
46201,2006,2,1,1,0,2,2,1,1,-0.5,-1,-0.5,-1,36047046201,11230,0,36,35,40,0.028571,1,-0.1,-4
46201,2007,0,2,2,0,1,1,1,2,1,1,1,1,36047046201,11230,0,36,27,35,0.333333,9,0.028571,1
46201,2007,2,1,0,1,1,1,0,0,0,0,0,0,36047046201,11230,0,22,36,31,-0.388889,-14,-0.290323,-9
46201,2008,0,1,1,2,2,2,-0.5,-1,-0.5,-1,-0.5,-1,36047046201,11230,0,39,36,29,0.083333,3,0.344828,10
46201,2008,1,2,1,0,1,1,1,2,1,1,1,1,36047046201,11230,0,34,28,34,0.214286,6,0,0
46201,2008,4,1,0,0,0,0,1,1,1,1,1,1,36047046201,11230,0,28,29,32,-0.034483,-1,-0.125,-4
46201,2008,5,1,1,0,1,1,1,1,0,0,0,0,36047046201,11230,0,33,34,27,-0.029412,-1,0.222222,6
46201,2009,1,2,0,2,1,1,0,0,1,1,1,1,36047046201,11230,0,55,34,24,0.617647,21,1.291667,31
46201,2009,2,1,2,0,1,1,1,1,0,0,0,0,36047046201,11230,0,34,26,36,0.307692,8,-0.055556,-2
46201,2009,3,1,1,0,0,0,1,1,1,1,1,1,36047046201,11230,0,33,22,34,0.5,11,-0.029412,-1
46201,2010,0,3,3,0,2,2,1,3,0.5,1,0.5,1,36047046201,11230,0,42,37,36,0.135135,5,0.166667,6
46201,2010,1,1,3,2,0,0,-0.5,-1,1,1,1,1,36047046201,11230,0,44,55,28,-0.2,-11,0.571429,16
46201,2010,2,3,1,1,1,1,2,2,2,2,2,2,36047046201,11230,0,61,34,22,0.794118,27,1.772727,39
46201,2010,3,1,3,1,0,0,0,0,1,1,1,1,36047046201,11230,0,34,33,33,0.030303,1,0.030303,1
46201,2010,4,2,1,0,0,0,1,2,1,2,1,2,36047046201,11230,0,37,22,29,0.681818,15,0.275862,8
50804,2001,4,1,0,1,1,1,0,0,0,0,0,0,,,0,0,0,0,0,0,0,0
51601,2001,4,1,0,1,1,1,0,0,0,0,0,0,,,0,0,0,0,0,0,0,0
51601,2001,5,1,1,1,1,1,0,0,0,0,0,0,,,0,0,0,0,0,0,0,0
51601,2002,4,1,0,1,1,1,0,0,0,0,0,0,,,0,0,0,0,0,0,0,0
51601,2002,5,1,1,1,1,1,0,0,0,0,0,0,,,0,0,0,0,0,0,0,0
51601,2003,0,1,1,0,1,1,1,1,0,0,0,0,,,0,0,0,0,0,0,0,0
51601,2003,5,1,0,1,1,1,0,0,0,0,0,0,,,0,0,0,0,0,0,0,0
61002,2003,5,1,0,0,1,1,1,1,0,0,0,0,36047061002,11235,0,0,0,0,0,0,0,0
69602,2006,4,1,0,0,0,0,1,1,1,1,1,1,,,0,0,0,0,0,0,0,0
69602,2007,5,1,0,0,0,0,1,1,1,1,1,1,,,0,0,0,0,0,0,0,0
51,2008,1,0,0,0,0,0,0,0,0,0,0,0,36047005100,11231,0,0,0,0,0,0,0,0
51,2008,2,0,0,0,0,0,0,0,0,0,0,0,36047005100,11231,0,0,0,0,0,0,0,0
51,2008,3,0,0,0,0,0,0,0,0,0,0,0,36047005100,11231,0,0,0,0,0,0,0,0
51,2008,4,0,0,0,0,0,0,0,0,0,0,0,36047005100,11231,0,0,0,0,0,0,0,0
51,2008,5,0,0,0,0,0,0,0,0,0,0,0,36047005100,11231,0,0,0,0,0,0,0,0
51,2009,0,0,0,0,0,0,0,0,0,0,0,0,36047005100,11231,0,0,0,0,0,0,0,0
51,2009,1,0,0,0,0,0,0,0,0,0,0,0,36047005100,11231,0,0,0,0,0,0,0,0
51,2009,2,0,0,0,0,0,0,0,0,0,0,0,36047005100,11231,0,0,0,0,0,0,0,0
51,2009,3,0,0,0,0,0,0,0,0,0,0,0,36047005100,11231,0,0,0,0,0,0,0,0
51,2009,4,0,0,0,0,0,0,0,0,0,0,0,36047005100,11231,0,0,0,0,0,0,0,0
51,2009,5,0,0,0,0,0,0,0,0,0,0,0,36047005100,11231,0,0,0,0,0,0,0,0
5602,2003,5,0,3,1,0,0,-1,-1,0,0,0,0,36047005602,11209,1,40,36,40,0.111111,4,0,0
5602,2004,0,0,0,3,1,1,-1,-3,-1,-1,-1,-1,36047005602,11209,1,49,41,44,0.195122,8,0.113636,5
5602,2005,1,0,5,3,2,2,-1,-3,-1,-2,-1,-2,36047005602,11209,1,53,39,56,0.358974,14,-0.053571,-3
75,2001,1,0,1,0,0,0,0,0,0,0,0,0,36047007500,11217,0,0,0,0,0,0,0,0
75,2001,2,0,0,0,0,0,0,0,0,0,0,0,36047007500,11217,0,0,0,0,0,0,0,0
75,2001,3,0,0,0,0,0,0,0,0,0,0,0,36047007500,11217,0,0,0,0,0,0,0,0
75,2001,4,0,0,0,0,0,0,0,0,0,0,0,36047007500,11217,0,0,0,0,0,0,0,0
75,2001,5,0,0,0,0,0,0,0,0,0,0,0,36047007500,11217,0,0,0,0,0,0,0,0
75,2002,0,0,0,1,0,0,-1,-1,0,0,0,0,36047007500,11217,0,0,0,0,0,0,0,0
75,2002,2,0,1,0,0,0,0,0,0,0,0,0,36047007500,11217,0,0,0,0,0,0,0,0
75,2002,3,0,0,0,0,0,0,0,0,0,0,0,36047007500,11217,0,0,0,0,0,0,0,0
75,2002,4,0,0,0,0,0,0,0,0,0,0,0,36047007500,11217,0,0,0,0,0,0,0,0
75,2002,5,0,0,0,0,0,0,0,0,0,0,0,36047007500,11217,0,0,0,0,0,0,0,0
75,2003,0,0,0,0,0,0,0,0,0,0,0,0,36047007500,11217,0,0,0,0,0,0,0,0
75,2003,1,0,0,1,0,0,-1,-1,0,0,0,0,36047007500,11217,0,0,0,0,0,0,0,0
75,2003,2,0,0,0,0,0,0,0,0,0,0,0,36047007500,11217,0,0,0,0,0,0,0,0
75,2003,3,0,0,0,0,0,0,0,0,0,0,0,36047007500,11217,0,0,0,0,0,0,0,0
75,2003,4,0,0,0,0,0,0,0,0,0,0,0,36047007500,11217,0,0,0,0,0,0,0,0
75,2003,5,0,0,0,0,0,0,0,0,0,0,0,36047007500,11217,0,0,0,0,0,0,0,0
75,2004,0,0,0,0,1,1,0,0,-1,-1,-1,-1,36047007500,11217,0,0,0,0,0,0,0,0
75,2004,1,0,0,0,0,0,0,0,0,0,0,0,36047007500,11217,0,0,0,0,0,0,0,0
75,2004,2,0,0,0,0,0,0,0,0,0,0,0,36047007500,11217,0,0,0,0,0,0,0,0
75,2004,3,0,0,0,0,0,0,0,0,0,0,0,36047007500,11217,0,0,0,0,0,0,0,0
75,2004,4,0,0,0,0,0,0,0,0,0,0,0,36047007500,11217,0,0,0,0,0,0,0,0
75,2004,5,0,0,0,0,0,0,0,0,0,0,0,36047007500,11217,0,0,0,0,0,0,0,0
75,2005,0,0,0,0,0,0,0,0,0,0,0,0,36047007500,11217,0,0,0,0,0,0,0,0
75,2005,1,0,0,0,1,1,0,0,-1,-1,-1,-1,36047007500,11217,0,0,0,0,0,0,0,0
75,2005,2,0,0,0,0,0,0,0,0,0,0,0,36047007500,11217,0,0,0,0,0,0,0,0
75,2005,3,0,0,0,0,0,0,0,0,0,0,0,36047007500,11217,0,0,0,0,0,0,0,0
75,2005,4,0,0,0,0,0,0,0,0,0,0,0,36047007500,11217,0,0,0,0,0,0,0,0
75,2005,5,0,0,0,0,0,0,0,0,0,0,0,36047007500,11217,0,0,0,0,0,0,0,0
75,2006,0,0,0,0,0,0,0,0,0,0,0,0,36047007500,11217,0,0,0,0,0,0,0,0
75,2006,1,0,0,0,0,0,0,0,0,0,0,0,36047007500,11217,0,0,0,0,0,0,0,0
75,2006,2,0,0,0,0,0,0,0,0,0,0,0,36047007500,11217,0,0,0,0,0,0,0,0
75,2006,3,0,0,0,0,0,0,0,0,0,0,0,36047007500,11217,0,0,0,0,0,0,0,0
75,2006,4,0,0,0,0,0,0,0,0,0,0,0,36047007500,11217,0,0,0,0,0,0,0,0
75,2006,5,0,0,0,0,0,0,0,0,0,0,0,36047007500,11217,0,0,0,0,0,0,0,0
75,2007,0,0,0,0,0,0,0,0,0,0,0,0,36047007500,11217,0,0,0,0,0,0,0,0
75,2007,1,0,0,0,0,0,0,0,0,0,0,0,36047007500,11217,0,0,0,0,0,0,0,0
75,2007,2,0,0,0,0,0,0,0,0,0,0,0,36047007500,11217,0,0,0,0,0,0,0,0
75,2007,3,0,0,0,0,0,0,0,0,0,0,0,36047007500,11217,0,0,0,0,0,0,0,0
75,2007,4,0,0,0,0,0,0,0,0,0,0,0,36047007500,11217,0,0,0,0,0,0,0,0
75,2007,5,0,0,0,0,0,0,0,0,0,0,0,36047007500,11217,0,0,0,0,0,0,0,0
75,2008,0,0,0,0,0,0,0,0,0,0,0,0,36047007500,11217,0,0,0,0,0,0,0,0
75,2008,1,0,0,0,0,0,0,0,0,0,0,0,36047007500,11217,0,0,0,0,0,0,0,0
75,2008,2,0,0,0,0,0,0,0,0,0,0,0,36047007500,11217,0,0,0,0,0,0,0,0
75,2008,3,0,0,0,0,0,0,0,0,0,0,0,36047007500,11217,0,0,0,0,0,0,0,0
75,2008,4,0,0,0,0,0,0,0,0,0,0,0,36047007500,11217,0,0,0,0,0,0,0,0
75,2008,5,0,0,0,0,0,0,0,0,0,0,0,36047007500,11217,0,0,0,0,0,0,0,0
75,2009,0,0,0,0,0,0,0,0,0,0,0,0,36047007500,11217,0,0,0,0,0,0,0,0
75,2009,1,0,0,0,0,0,0,0,0,0,0,0,36047007500,11217,0,0,0,0,0,0,0,0
75,2009,2,0,0,0,0,0,0,0,0,0,0,0,36047007500,11217,0,0,0,0,0,0,0,0
75,2009,3,0,0,0,0,0,0,0,0,0,0,0,36047007500,11217,0,0,0,0,0,0,0,0
75,2009,4,0,0,0,0,0,0,0,0,0,0,0,36047007500,11217,0,0,0,0,0,0,0,0
75,2009,5,0,0,0,0,0,0,0,0,0,0,0,36047007500,11217,0,0,0,0,0,0,0,0
78,2001,0,0,0,0,0,0,0,0,0,0,0,0,36047007800,11220,0,71,71,71,0,0,0,0
78,2001,1,0,0,0,0,0,0,0,0,0,0,0,36047007800,11220,0,85,85,85,0,0,0,0
78,2001,2,0,0,0,0,0,0,0,0,0,0,0,36047007800,11220,0,71,71,71,0,0,0,0
78,2001,3,0,0,0,0,0,0,0,0,0,0,0,36047007800,11220,0,64,64,64,0,0,0,0
78,2001,5,0,1,0,0,0,0,0,0,0,0,0,36047007800,11220,0,70,70,70,0,0,0,0
78,2002,0,0,0,0,0,0,0,0,0,0,0,0,36047007800,11220,0,73,71,73,0.028169,2,0,0
78,2002,1,0,0,0,0,0,0,0,0,0,0,0,36047007800,11220,0,71,85,71,-0.164706,-14,0,0
78,2002,2,0,0,0,0,0,0,0,0,0,0,0,36047007800,11220,0,91,71,91,0.28169,20,0,0
78,2002,3,0,0,0,0,0,0,0,0,0,0,0,36047007800,11220,0,72,64,72,0.125,8,0,0
78,2002,4,0,0,1,0,0,-1,-1,0,0,0,0,36047007800,11220,0,59,70,59,-0.157143,-11,0,0
78,2003,0,0,0,0,0,0,0,0,0,0,0,0,36047007800,11220,0,72,73,72,-0.013699,-1,0,0
80,2008,2,0,0,0,0,0,0,0,0,0,0,0,36047008000,11220,0,6,8,10,-0.25,-2,-0.4,-4
80,2008,3,0,0,0,0,0,0,0,0,0,0,0,36047008000,11220,0,9,6,5,0.5,3,0.8,4
80,2008,4,0,0,0,0,0,0,0,0,0,0,0,36047008000,11220,0,7,11,5,-0.363636,-4,0.4,2
80,2008,5,0,0,0,0,0,0,0,0,0,0,0,36047008000,11220,0,11,6,12,0.833333,5,-0.083333,-1
80,2009,0,0,0,0,0,0,0,0,0,0,0,0,36047008000,11220,0,6,6,4,0,0,0.5,2
80,2009,1,0,0,0,0,0,0,0,0,0,0,0,36047008000,11220,0,6,10,7,-0.4,-4,-0.142857,-1
80,2009,2,0,0,0,0,0,0,0,0,0,0,0,36047008000,11220,0,8,6,6,0.333333,2,0.333333,2
80,2009,3,0,0,0,0,0,0,0,0,0,0,0,36047008000,11220,0,5,9,9,-0.444444,-4,-0.444444,-4
80,2009,4,0,0,0,0,0,0,0,0,0,0,0,36047008000,11220,0,9,7,4,0.285714,2,1.25,5
80,2009,5,0,0,0,0,0,0,0,0,0,0,0,36047008000,11220,0,7,11,6,-0.363636,-4,0.166667,1
82,2001,0,0,0,0,0,0,0,0,0,0,0,0,36047008200,11220,0,1,1,1,0,0,0,0
82,2001,2,0,1,0,0,0,0,0,0,0,0,0,36047008200,11220,0,1,1,1,0,0,0,0
82,2001,3,0,0,0,0,0,0,0,0,0,0,0,36047008200,11220,0,0,0,0,0,0,0,0
82,2001,4,0,0,0,0,0,0,0,0,0,0,0,36047008200,11220,0,1,1,1,0,0,0,0
82,2001,5,0,0,0,0,0,0,0,0,0,0,0,36047008200,11220,0,2,2,2,0,0,0,0
82,2002,1,0,1,1,0,0,-1,-1,0,0,0,0,36047008200,11220,0,0,0,0,0,0,0,0
82,2002,3,0,1,0,0,0,0,0,0,0,0,0,36047008200,11220,0,2,0,2,1,2,0,0
82,2002,4,0,0,0,0,0,0,0,0,0,0,0,36047008200,11220,0,0,1,0,-1,-1,0,0
82,2002,5,0,0,0,0,0,0,0,0,0,0,0,36047008200,11220,0,1,2,1,-0.5,-1,0,0
82,2003,0,0,0,1,0,0,-1,-1,0,0,0,0,36047008200,11220,0,0,0,0,0,0,0,0
82,2003,2,0,1,1,0,0,-1,-1,0,0,0,0,36047008200,11220,0,0,0,0,0,0,0,0
82,2003,4,0,1,0,0,0,0,0,0,0,0,0,36047008200,11220,0,2,0,2,1,2,0,0
82,2003,5,0,0,0,0,0,0,0,0,0,0,0,36047008200,11220,0,0,1,0,-1,-1,0,0
82,2004,0,0,0,0,0,0,0,0,0,0,0,0,36047008200,11220,0,0,0,1,0,0,-1,-1
82,2004,1,0,0,1,1,1,-1,-1,-1,-1,-1,-1,36047008200,11220,0,0,0,0,0,0,0,0
82,2004,2,0,0,0,0,0,0,0,0,0,0,0,36047008200,11220,0,0,0,1,0,0,-1,-1
82,2004,3,0,0,1,0,0,-1,-1,0,0,0,0,36047008200,11220,0,0,0,0,0,0,0,0
82,2004,5,0,1,0,0,0,0,0,0,0,0,0,36047008200,11220,0,1,0,2,1,1,-0.5,-1
82,2005,0,0,0,0,1,1,0,0,-1,-1,-1,-1,36047008200,11220,0,0,0,0,0,0,0,0
82,2005,1,0,0,0,0,0,0,0,0,0,0,0,36047008200,11220,0,0,0,0,0,0,0,0
82,2005,2,0,0,0,1,1,0,0,-1,-1,-1,-1,36047008200,11220,0,0,0,0,0,0,0,0
82,2005,3,0,0,0,0,0,0,0,0,0,0,0,36047008200,11220,0,0,0,2,0,0,-1,-2
82,2005,4,0,0,1,0,0,-1,-1,0,0,0,0,36047008200,11220,0,0,1,0,-1,-1,0,0
82,2006,0,0,0,0,0,0,0,0,0,0,0,0,36047008200,11220,0,0,0,0,0,0,0,0
82,2006,1,0,0,0,1,1,0,0,-1,-1,-1,-1,36047008200,11220,0,0,0,0,0,0,0,0
82,2006,2,0,0,0,0,0,0,0,0,0,0,0,36047008200,11220,0,0,0,0,0,0,0,0
82,2006,3,0,0,0,1,1,0,0,-1,-1,-1,-1,36047008200,11220,0,0,0,0,0,0,0,0
82,2006,4,0,0,0,0,0,0,0,0,0,0,0,36047008200,11220,0,0,0,2,0,0,-1,-2
82,2006,5,0,0,1,0,0,-1,-1,0,0,0,0,36047008200,11220,0,0,1,0,-1,-1,0,0
82,2007,0,0,0,0,0,0,0,0,0,0,0,0,36047008200,11220,0,0,0,0,0,0,0,0
82,2007,1,0,0,0,0,0,0,0,0,0,0,0,36047008200,11220,0,0,0,0,0,0,0,0
82,2007,2,0,0,0,0,0,0,0,0,0,0,0,36047008200,11220,0,0,0,0,0,0,0,0
82,2007,3,0,0,0,0,0,0,0,0,0,0,0,36047008200,11220,0,0,0,0,0,0,0,0
82,2007,4,0,0,0,1,1,0,0,-1,-1,-1,-1,36047008200,11220,0,0,0,1,0,0,-1,-1
82,2007,5,0,0,0,0,0,0,0,0,0,0,0,36047008200,11220,0,0,0,1,0,0,-1,-1
82,2008,0,0,0,0,0,0,0,0,0,0,0,0,36047008200,11220,0,0,0,0,0,0,0,0
82,2008,1,0,0,0,0,0,0,0,0,0,0,0,36047008200,11220,0,0,0,0,0,0,0,0
82,2008,2,0,0,0,0,0,0,0,0,0,0,0,36047008200,11220,0,0,0,0,0,0,0,0
82,2008,3,0,0,0,0,0,0,0,0,0,0,0,36047008200,11220,0,0,0,0,0,0,0,0
82,2008,4,0,0,0,0,0,0,0,0,0,0,0,36047008200,11220,0,0,0,0,0,0,0,0
82,2008,5,0,0,0,1,1,0,0,-1,-1,-1,-1,36047008200,11220,0,0,0,1,0,0,-1,-1
82,2009,0,0,0,0,0,0,0,0,0,0,0,0,36047008200,11220,0,0,0,0,0,0,0,0
82,2009,1,0,0,0,0,0,0,0,0,0,0,0,36047008200,11220,0,0,0,0,0,0,0,0
82,2009,2,0,0,0,0,0,0,0,0,0,0,0,36047008200,11220,0,0,0,0,0,0,0,0
82,2009,3,0,0,0,0,0,0,0,0,0,0,0,36047008200,11220,0,0,0,0,0,0,0,0
82,2009,4,0,0,0,0,0,0,0,0,0,0,0,36047008200,11220,0,0,0,0,0,0,0,0
82,2009,5,0,0,0,0,0,0,0,0,0,0,0,36047008200,11220,0,0,0,0,0,0,0,0
90,2001,0,0,0,0,0,0,0,0,0,0,0,0,36047009000,11232,0,12,12,12,0,0,0,0
90,2001,1,0,0,0,0,0,0,0,0,0,0,0,36047009000,11232,0,14,14,14,0,0,0,0
90,2001,2,0,0,0,0,0,0,0,0,0,0,0,36047009000,11232,0,3,3,3,0,0,0,0
90,2001,3,0,0,0,0,0,0,0,0,0,0,0,36047009000,11232,0,10,10,10,0,0,0,0
90,2001,4,0,0,0,0,0,0,0,0,0,0,0,36047009000,11232,0,8,8,8,0,0,0,0
90,2001,5,0,0,0,0,0,0,0,0,0,0,0,36047009000,11232,0,9,9,9,0,0,0,0
90,2002,0,0,0,0,0,0,0,0,0,0,0,0,36047009000,11232,0,10,12,10,-0.166667,-2,0,0
90,2002,1,0,0,0,0,0,0,0,0,0,0,0,36047009000,11232,0,10,14,10,-0.285714,-4,0,0
90,2002,2,0,0,0,0,0,0,0,0,0,0,0,36047009000,11232,0,9,3,9,2,6,0,0
90,2002,3,0,0,0,0,0,0,0,0,0,0,0,36047009000,11232,0,2,10,2,-0.8,-8,0,0
90,2002,4,0,0,0,0,0,0,0,0,0,0,0,36047009000,11232,0,11,8,11,0.375,3,0,0
90,2003,0,0,0,0,0,0,0,0,0,0,0,0,36047009000,11232,0,6,10,6,-0.4,-4,0,0
90,2003,1,0,0,0,0,0,0,0,0,0,0,0,36047009000,11232,0,10,10,10,0,0,0,0
90,2003,2,0,0,0,0,0,0,0,0,0,0,0,36047009000,11232,0,10,9,10,0.111111,1,0,0
90,2003,3,0,0,0,0,0,0,0,0,0,0,0,36047009000,11232,0,9,2,9,3.5,7,0,0
90,2003,4,0,0,0,0,0,0,0,0,0,0,0,36047009000,11232,0,4,11,4,-0.636364,-7,0,0
90,2003,5,0,0,1,0,0,-1,-1,0,0,0,0,36047009000,11232,0,12,6,12,1,6,0,0
90,2004,0,0,0,0,0,0,0,0,0,0,0,0,36047009000,11232,0,13,6,12,1.166667,7,0.083333,1
90,2004,1,0,0,0,0,0,0,0,0,0,0,0,36047009000,11232,0,7,10,14,-0.3,-3,-0.5,-7
90,2004,2,0,0,0,0,0,0,0,0,0,0,0,36047009000,11232,0,10,10,3,0,0,2.333333,7
90,2004,3,0,0,0,0,0,0,0,0,0,0,0,36047009000,11232,0,9,9,10,0,0,-0.1,-1
90,2004,4,0,0,0,0,0,0,0,0,0,0,0,36047009000,11232,0,8,4,8,1,4,0,0
90,2004,5,0,0,0,0,0,0,0,0,0,0,0,36047009000,11232,0,4,12,9,-0.666667,-8,-0.555556,-5
90,2005,0,0,0,0,0,0,0,0,0,0,0,0,36047009000,11232,0,7,13,10,-0.461538,-6,-0.3,-3
90,2005,1,0,0,0,0,0,0,0,0,0,0,0,36047009000,11232,0,15,7,10,1.142857,8,0.5,5
90,2005,2,0,0,0,0,0,0,0,0,0,0,0,36047009000,11232,0,10,10,9,0,0,0.111111,1
90,2005,3,0,0,0,0,0,0,0,0,0,0,0,36047009000,11232,0,11,9,2,0.222222,2,4.5,9
90,2005,4,0,0,0,0,0,0,0,0,0,0,0,36047009000,11232,0,12,8,11,0.5,4,0.090909,1
90,2005,5,0,0,0,1,1,0,0,-1,-1,-1,-1,36047009000,11232,0,9,4,6,1.25,5,0.5,3
90,2006,0,0,0,0,0,0,0,0,0,0,0,0,36047009000,11232,0,12,7,6,0.714286,5,1,6
90,2006,1,0,0,0,0,0,0,0,0,0,0,0,36047009000,11232,0,6,15,10,-0.6,-9,-0.4,-4
90,2006,2,0,0,0,0,0,0,0,0,0,0,0,36047009000,11232,0,14,10,10,0.4,4,0.4,4
90,2006,3,0,0,0,0,0,0,0,0,0,0,0,36047009000,11232,0,10,11,9,-0.090909,-1,0.111111,1
90,2006,4,0,0,0,0,0,0,0,0,0,0,0,36047009000,11232,0,8,12,4,-0.333333,-4,1,4
90,2006,5,0,0,0,0,0,0,0,0,0,0,0,36047009000,11232,0,13,9,12,0.444444,4,0.083333,1
90,2007,0,0,0,0,0,0,0,0,0,0,0,0,36047009000,11232,0,7,12,13,-0.416667,-5,-0.461538,-6
90,2007,1,0,0,0,0,0,0,0,0,0,0,0,36047009000,11232,0,8,6,7,0.333333,2,0.142857,1
90,2007,2,0,0,0,0,0,0,0,0,0,0,0,36047009000,11232,0,5,14,10,-0.642857,-9,-0.5,-5
90,2007,3,0,0,0,0,0,0,0,0,0,0,0,36047009000,11232,0,14,10,9,0.4,4,0.555556,5
90,2007,4,0,0,0,0,0,0,0,0,0,0,0,36047009000,11232,0,10,8,8,0.25,2,0.25,2
90,2007,5,0,0,0,0,0,0,0,0,0,0,0,36047009000,11232,0,6,13,4,-0.538462,-7,0.5,2
90,2008,0,0,0,0,0,0,0,0,0,0,0,0,36047009000,11232,0,6,7,7,-0.142857,-1,-0.142857,-1
90,2008,1,0,0,0,0,0,0,0,0,0,0,0,36047009000,11232,0,8,8,15,0,0,-0.466667,-7
90,2008,2,0,0,0,0,0,0,0,0,0,0,0,36047009000,11232,0,7,5,10,0.4,2,-0.3,-3
90,2008,3,0,0,0,0,0,0,0,0,0,0,0,36047009000,11232,0,7,14,11,-0.5,-7,-0.363636,-4
90,2008,4,0,0,0,0,0,0,0,0,0,0,0,36047009000,11232,0,13,10,12,0.3,3,0.083333,1
90,2008,5,0,0,0,0,0,0,0,0,0,0,0,36047009000,11232,0,11,6,9,0.833333,5,0.222222,2
90,2009,0,0,0,0,0,0,0,0,0,0,0,0,36047009000,11232,0,11,6,12,0.833333,5,-0.083333,-1
90,2009,1,0,0,0,0,0,0,0,0,0,0,0,36047009000,11232,0,12,8,6,0.5,4,1,6
90,2009,2,0,0,0,0,0,0,0,0,0,0,0,36047009000,11232,0,9,7,14,0.285714,2,-0.357143,-5
90,2009,3,0,0,0,0,0,0,0,0,0,0,0,36047009000,11232,0,12,7,10,0.714286,5,0.2,2
90,2009,4,0,0,0,0,0,0,0,0,0,0,0,36047009000,11232,0,7,13,8,-0.461538,-6,-0.125,-1
90,2009,5,0,0,0,0,0,0,0,0,0,0,0,36047009000,11232,0,9,11,13,-0.181818,-2,-0.307692,-4
96,2001,0,0,0,0,0,0,0,0,0,0,0,0,36047009600,11220,0,57,57,57,0,0,0,0
96,2001,1,0,0,0,0,0,0,0,0,0,0,0,36047009600,11220,0,52,52,52,0,0,0,0
96,2001,3,0,1,0,0,0,0,0,0,0,0,0,36047009600,11220,0,39,39,39,0,0,0,0
96,2002,0,0,0,0,0,0,0,0,0,0,0,0,36047009600,11220,0,41,57,41,-0.280702,-16,0,0
96,2002,1,0,0,0,0,0,0,0,0,0,0,0,36047009600,11220,0,49,52,49,-0.057692,-3,0,0
96,2002,2,0,0,1,0,0,-1,-1,0,0,0,0,36047009600,11220,0,43,38,43,0.131579,5,0,0
96,2002,4,0,2,1,0,0,-1,-1,0,0,0,0,36047009600,11220,0,42,35,42,0.2,7,0,0
96,2003,0,0,0,0,0,0,0,0,0,0,0,0,36047009600,11220,0,34,41,34,-0.170732,-7,0,0
96,2003,1,0,0,0,0,0,0,0,0,0,0,0,36047009600,11220,0,41,49,41,-0.163265,-8,0,0
96,2003,2,0,0,0,0,0,0,0,0,0,0,0,36047009600,11220,0,49,43,49,0.139535,6,0,0
96,2003,3,0,0,2,0,0,-1,-2,0,0,0,0,36047009600,11220,0,41,34,41,0.205882,7,0,0
96,2003,5,0,2,1,0,0,-1,-1,0,0,0,0,36047009600,11220,0,40,29,40,0.37931,11,0,0
96,2004,0,0,0,0,0,0,0,0,0,0,0,0,36047009600,11220,0,47,34,57,0.382353,13,-0.175439,-10
96,2004,1,0,0,0,0,0,0,0,0,0,0,0,36047009600,11220,0,37,41,52,-0.097561,-4,-0.288462,-15
96,2004,2,0,0,0,1,1,0,0,-1,-1,-1,-1,36047009600,11220,0,38,49,38,-0.22449,-11,0,0
96,2004,3,0,0,0,0,0,0,0,0,0,0,0,36047009600,11220,0,47,41,39,0.146341,6,0.205128,8
96,2005,0,0,0,0,0,0,0,0,0,0,0,0,36047009600,11220,0,37,47,41,-0.212766,-10,-0.097561,-4
96,2005,1,0,0,0,0,0,0,0,0,0,0,0,36047009600,11220,0,44,37,49,0.189189,7,-0.102041,-5
96,2005,2,0,0,0,0,0,0,0,0,0,0,0,36047009600,11220,0,38,38,43,0,0,-0.116279,-5
96,2005,3,0,0,0,2,2,0,0,-1,-2,-1,-2,36047009600,11220,0,45,47,34,-0.042553,-2,0.323529,11
96,2005,4,0,0,1,0,0,-1,-1,0,0,0,0,36047009600,11220,0,45,36,42,0.25,9,0.071429,3
96,2006,0,0,0,0,0,0,0,0,0,0,0,0,36047009600,11220,0,55,37,34,0.486486,18,0.617647,21
96,2006,1,0,0,0,0,0,0,0,0,0,0,0,36047009600,11220,0,49,44,41,0.113636,5,0.195122,8
96,2006,2,0,0,0,0,0,0,0,0,0,0,0,36047009600,11220,0,48,38,49,0.263158,10,-0.020408,-1
96,2006,3,0,0,0,0,0,0,0,0,0,0,0,36047009600,11220,0,40,45,41,-0.111111,-5,-0.02439,-1
96,2006,4,0,0,0,2,2,0,0,-1,-2,-1,-2,36047009600,11220,0,45,45,26,0,0,0.730769,19
96,2006,5,0,0,1,0,0,-1,-1,0,0,0,0,36047009600,11220,0,48,35,40,0.371429,13,0.2,8
96,2007,0,0,0,0,0,0,0,0,0,0,0,0,36047009600,11220,0,40,55,47,-0.272727,-15,-0.148936,-7
96,2007,1,0,0,0,0,0,0,0,0,0,0,0,36047009600,11220,0,56,49,37,0.142857,7,0.513514,19
96,2007,2,0,0,0,0,0,0,0,0,0,0,0,36047009600,11220,0,40,48,38,-0.166667,-8,0.052632,2
96,2007,3,0,0,0,0,0,0,0,0,0,0,0,36047009600,11220,0,45,40,47,0.125,5,-0.042553,-2
96,2007,4,0,0,0,1,1,0,0,-1,-1,-1,-1,36047009600,11220,0,40,45,36,-0.111111,-5,0.111111,4
96,2007,5,0,0,0,1,1,0,0,-1,-1,-1,-1,36047009600,11220,0,43,48,24,-0.104167,-5,0.791667,19
96,2008,0,0,0,0,0,0,0,0,0,0,0,0,36047009600,11220,0,44,40,37,0.1,4,0.189189,7
96,2008,1,0,0,0,0,0,0,0,0,0,0,0,36047009600,11220,0,47,56,44,-0.160714,-9,0.068182,3
96,2008,2,0,0,0,0,0,0,0,0,0,0,0,36047009600,11220,0,59,40,38,0.475,19,0.552632,21
96,2008,3,0,0,0,0,0,0,0,0,0,0,0,36047009600,11220,0,37,45,45,-0.177778,-8,-0.177778,-8
96,2008,4,0,0,0,0,0,0,0,0,0,0,0,36047009600,11220,0,50,40,45,0.25,10,0.111111,5
96,2008,5,0,0,0,1,1,0,0,-1,-1,-1,-1,36047009600,11220,0,38,43,35,-0.116279,-5,0.085714,3
96,2009,0,0,0,0,0,0,0,0,0,0,0,0,36047009600,11220,0,55,44,55,0.25,11,0,0
96,2009,1,0,0,0,0,0,0,0,0,0,0,0,36047009600,11220,0,65,47,49,0.382979,18,0.326531,16
96,2009,2,0,0,0,0,0,0,0,0,0,0,0,36047009600,11220,0,63,59,48,0.067797,4,0.3125,15
96,2009,3,0,0,0,0,0,0,0,0,0,0,0,36047009600,11220,0,64,37,40,0.72973,27,0.6,24
96,2009,4,0,0,0,0,0,0,0,0,0,0,0,36047009600,11220,0,43,50,45,-0.14,-7,-0.044444,-2
96,2009,5,0,0,0,0,0,0,0,0,0,0,0,36047009600,11220,0,42,38,48,0.105263,4,-0.125,-6
98,2001,0,0,0,0,0,0,0,0,0,0,0,0,36047009800,11220,0,116,116,116,0,0,0,0
98,2001,4,0,1,0,0,0,0,0,0,0,0,0,36047009800,11220,0,100,100,100,0,0,0,0
98,2001,5,0,0,0,0,0,0,0,0,0,0,0,36047009800,11220,0,107,107,107,0,0,0,0
98,2002,0,0,0,0,0,0,0,0,0,0,0,0,36047009800,11220,0,100,116,100,-0.137931,-16,0,0
98,2002,1,0,0,1,0,0,-1,-1,0,0,0,0,36047009800,11220,0,115,122,115,-0.057377,-7,0,0
98,2002,5,0,1,0,0,0,0,0,0,0,0,0,36047009800,11220,0,93,107,93,-0.130841,-14,0,0
98,2003,0,0,0,0,0,0,0,0,0,0,0,0,36047009800,11220,0,90,100,90,-0.1,-10,0,0
98,2003,1,0,0,0,0,0,0,0,0,0,0,0,36047009800,11220,0,109,115,109,-0.052174,-6,0,0
98,2003,2,0,0,1,0,0,-1,-1,0,0,0,0,36047009800,11220,0,119,116,119,0.025862,3,0,0
98,2004,0,0,0,0,0,0,0,0,0,0,0,0,36047009800,11220,0,109,90,116,0.211111,19,-0.060345,-7
98,2004,1,0,0,0,1,1,0,0,-1,-1,-1,-1,36047009800,11220,0,93,109,122,-0.146789,-16,-0.237705,-29
98,2004,2,0,0,0,3,3,0,0,-1,-3,-1,-3,36047009800,11220,0,97,119,108,-0.184874,-22,-0.101852,-11
98,2004,3,0,0,2,1,1,-1,-2,-1,-1,-1,-1,36047009800,11220,0,104,102,103,0.019608,2,0.009709,1
98,2005,0,0,0,0,0,0,0,0,0,0,0,0,36047009800,11220,0,95,109,100,-0.12844,-14,-0.05,-5
98,2005,1,0,0,0,0,0,0,0,0,0,0,0,36047009800,11220,0,101,93,115,0.086022,8,-0.121739,-14
98,2005,2,0,0,0,1,1,0,0,-1,-1,-1,-1,36047009800,11220,0,86,97,116,-0.113402,-11,-0.258621,-30
98,2005,3,0,0,0,3,3,0,0,-1,-3,-1,-3,36047009800,11220,0,97,104,110,-0.067308,-7,-0.118182,-13
98,2005,4,0,0,2,1,1,-1,-2,-1,-1,-1,-1,36047009800,11220,0,89,95,107,-0.063158,-6,-0.168224,-18
98,2006,0,0,0,0,0,0,0,0,0,0,0,0,36047009800,11220,0,102,95,90,0.073684,7,0.133333,12
98,2006,1,0,0,0,0,0,0,0,0,0,0,0,36047009800,11220,0,116,101,109,0.148515,15,0.06422,7
98,2006,2,0,0,0,0,0,0,0,0,0,0,0,36047009800,11220,0,106,86,119,0.232558,20,-0.109244,-13
98,2006,3,0,0,0,2,2,0,0,-1,-2,-1,-2,36047009800,11220,0,94,97,102,-0.030928,-3,-0.078431,-8
98,2006,4,0,0,0,2,2,0,0,-1,-2,-1,-2,36047009800,11220,0,105,89,97,0.179775,16,0.082474,8
98,2006,5,0,0,2,1,1,-1,-2,-1,-1,-1,-1,36047009800,11220,0,79,84,98,-0.059524,-5,-0.193878,-19
98,2007,0,0,0,0,0,0,0,0,0,0,0,0,36047009800,11220,0,79,102,109,-0.22549,-23,-0.275229,-30
98,2007,1,0,0,0,0,0,0,0,0,0,0,0,36047009800,11220,0,107,116,93,-0.077586,-9,0.150538,14
98,2007,2,0,0,0,0,0,0,0,0,0,0,0,36047009800,11220,0,102,106,97,-0.037736,-4,0.051546,5
98,2007,3,0,0,0,0,0,0,0,0,0,0,0,36047009800,11220,0,100,94,104,0.06383,6,-0.038462,-4
98,2007,4,0,0,0,2,2,0,0,-1,-2,-1,-2,36047009800,11220,0,90,105,95,-0.142857,-15,-0.052632,-5
98,2007,5,0,0,0,1,1,0,0,-1,-1,-1,-1,36047009800,11220,0,105,79,85,0.329114,26,0.235294,20
98,2008,0,0,0,0,0,0,0,0,0,0,0,0,36047009800,11220,0,102,79,95,0.291139,23,0.073684,7
98,2008,1,0,0,0,0,0,0,0,0,0,0,0,36047009800,11220,0,98,107,101,-0.084112,-9,-0.029703,-3
98,2008,2,0,0,0,0,0,0,0,0,0,0,0,36047009800,11220,0,104,102,86,0.019608,2,0.209302,18
98,2008,3,0,0,0,0,0,0,0,0,0,0,0,36047009800,11220,0,92,100,97,-0.08,-8,-0.051546,-5
98,2008,4,0,0,0,0,0,0,0,0,0,0,0,36047009800,11220,0,106,90,89,0.177778,16,0.191011,17
98,2008,5,0,0,0,2,2,0,0,-1,-2,-1,-2,36047009800,11220,0,81,105,84,-0.228571,-24,-0.035714,-3
98,2009,0,0,0,0,0,0,0,0,0,0,0,0,36047009800,11220,0,119,102,102,0.166667,17,0.166667,17
98,2009,1,0,0,0,0,0,0,0,0,0,0,0,36047009800,11220,0,135,98,116,0.377551,37,0.163793,19
98,2009,2,0,0,0,0,0,0,0,0,0,0,0,36047009800,11220,0,131,104,106,0.259615,27,0.235849,25
98,2009,3,0,0,0,0,0,0,0,0,0,0,0,36047009800,11220,0,114,92,94,0.23913,22,0.212766,20
98,2009,4,0,0,0,0,0,0,0,0,0,0,0,36047009800,11220,0,111,106,105,0.04717,5,0.057143,6
98,2009,5,0,0,0,0,0,0,0,0,0,0,0,36047009800,11220,0,104,81,79,0.283951,23,0.316456,25
110,2001,0,0,0,0,0,0,0,0,0,0,0,0,36047011000,11218,0,2,2,2,0,0,0,0
110,2001,1,0,0,0,0,0,0,0,0,0,0,0,36047011000,11218,0,8,8,8,0,0,0,0
110,2001,2,0,0,0,0,0,0,0,0,0,0,0,36047011000,11218,0,2,2,2,0,0,0,0
110,2001,3,0,0,0,0,0,0,0,0,0,0,0,36047011000,11218,0,0,0,0,0,0,0,0
110,2001,4,0,0,0,0,0,0,0,0,0,0,0,36047011000,11218,0,2,2,2,0,0,0,0
110,2002,0,0,0,0,0,0,0,0,0,0,0,0,36047011000,11218,0,4,2,4,1,2,0,0
110,2002,1,0,0,0,0,0,0,0,0,0,0,0,36047011000,11218,0,3,8,3,-0.625,-5,0,0
110,2002,2,0,0,0,0,0,0,0,0,0,0,0,36047011000,11218,0,5,2,5,1.5,3,0,0
110,2002,3,0,0,0,0,0,0,0,0,0,0,0,36047011000,11218,0,2,0,2,1,2,0,0
110,2002,4,0,0,0,0,0,0,0,0,0,0,0,36047011000,11218,0,0,2,0,-1,-2,0,0
110,2002,5,0,0,1,0,0,-1,-1,0,0,0,0,36047011000,11218,0,3,6,3,-0.5,-3,0,0
110,2003,0,0,0,0,0,0,0,0,0,0,0,0,36047011000,11218,0,1,4,1,-0.75,-3,0,0
110,2003,1,0,0,0,0,0,0,0,0,0,0,0,36047011000,11218,0,4,3,4,0.333333,1,0,0
110,2003,2,0,0,0,0,0,0,0,0,0,0,0,36047011000,11218,0,3,5,3,-0.4,-2,0,0
110,2003,3,0,0,0,0,0,0,0,0,0,0,0,36047011000,11218,0,6,2,6,2,4,0,0
110,2003,4,0,0,0,0,0,0,0,0,0,0,0,36047011000,11218,0,2,0,2,1,2,0,0
110,2003,5,0,0,0,0,0,0,0,0,0,0,0,36047011000,11218,0,0,3,0,-1,-3,0,0
110,2004,0,0,0,0,0,0,0,0,0,0,0,0,36047011000,11218,0,11,1,2,10,10,4.5,9
110,2004,1,0,0,0,0,0,0,0,0,0,0,0,36047011000,11218,0,1,4,8,-0.75,-3,-0.875,-7
110,2004,2,0,0,0,0,0,0,0,0,0,0,0,36047011000,11218,0,5,3,2,0.666667,2,1.5,3
110,2004,4,0,1,0,0,0,0,0,0,0,0,0,36047011000,11218,0,5,2,2,1.5,3,1.5,3
110,2004,5,0,0,0,1,1,0,0,-1,-1,-1,-1,36047011000,11218,0,3,0,6,1,3,-0.5,-3
110,2005,0,0,0,0,0,0,0,0,0,0,0,0,36047011000,11218,0,4,11,4,-0.636364,-7,0,0
110,2005,1,0,0,0,0,0,0,0,0,0,0,0,36047011000,11218,0,8,1,3,7,7,1.666667,5
110,2005,2,0,0,0,0,0,0,0,0,0,0,0,36047011000,11218,0,1,5,5,-0.8,-4,-0.8,-4
110,2005,3,0,0,1,0,0,-1,-1,0,0,0,0,36047011000,11218,0,4,3,2,0.333333,1,1,2
110,2005,5,0,1,0,0,0,0,0,0,0,0,0,36047011000,11218,0,6,3,3,1,3,1,3
110,2006,0,0,0,0,0,0,0,0,0,0,0,0,36047011000,11218,0,6,4,1,0.5,2,5,5
110,2006,1,0,0,0,0,0,0,0,0,0,0,0,36047011000,11218,0,4,8,4,-0.5,-4,0,0
110,2006,2,0,0,0,0,0,0,0,0,0,0,0,36047011000,11218,0,7,1,3,6,6,1.333333,4
110,2006,3,0,0,0,0,0,0,0,0,0,0,0,36047011000,11218,0,2,4,6,-0.5,-2,-0.666667,-4
110,2006,4,0,0,1,0,0,-1,-1,0,0,0,0,36047011000,11218,0,4,4,2,0,0,1,2
110,2007,0,0,0,0,0,0,0,0,0,0,0,0,36047011000,11218,0,3,6,11,-0.5,-3,-0.727273,-8
110,2007,1,0,0,0,0,0,0,0,0,0,0,0,36047011000,11218,0,6,4,1,0.5,2,5,5
110,2007,2,0,0,0,0,0,0,0,0,0,0,0,36047011000,11218,0,4,7,5,-0.428571,-3,-0.2,-1
110,2007,3,0,0,0,1,1,0,0,-1,-1,-1,-1,36047011000,11218,0,7,2,3,2.5,5,1.333333,4
110,2007,5,0,1,1,0,0,-1,-1,0,0,0,0,36047011000,11218,0,4,6,3,-0.333333,-2,0.333333,1
110,2008,0,0,0,0,0,0,0,0,0,0,0,0,36047011000,11218,0,5,3,4,0.666667,2,0.25,1
110,2008,1,0,0,0,0,0,0,0,0,0,0,0,36047011000,11218,0,2,6,8,-0.666667,-4,-0.75,-6
110,2008,2,0,0,0,0,0,0,0,0,0,0,0,36047011000,11218,0,9,4,1,1.25,5,8,8
110,2008,3,0,0,0,0,0,0,0,0,0,0,0,36047011000,11218,0,5,7,4,-0.285714,-2,0.25,1
110,2008,4,0,0,1,1,1,-1,-1,-1,-1,-1,-1,36047011000,11218,0,7,2,4,2.5,5,0.75,3
110,2009,0,0,0,0,0,0,0,0,0,0,0,0,36047011000,11218,0,4,5,6,-0.2,-1,-0.333333,-2
110,2009,1,0,0,0,0,0,0,0,0,0,0,0,36047011000,11218,0,8,2,4,3,6,1,4
110,2009,2,0,0,0,0,0,0,0,0,0,0,0,36047011000,11218,0,4,9,7,-0.555556,-5,-0.428571,-3
110,2009,3,0,0,0,0,0,0,0,0,0,0,0,36047011000,11218,0,8,5,2,0.6,3,3,6
110,2009,4,0,0,0,0,0,0,0,0,0,0,0,36047011000,11218,0,5,7,4,-0.285714,-2,0.25,1
110,2009,5,0,0,1,1,1,-1,-1,-1,-1,-1,-1,36047011000,11218,0,7,3,6,1.333333,4,0.166667,1
164,2003,0,0,0,1,0,0,-1,-1,0,0,0,0,36047016400,11209,0,24,33,24,-0.272727,-9,0,0
164,2004,1,0,4,1,7,7,-1,-1,-1,-7,-1,-7,36047016400,11209,1,25,31,38,-0.193548,-6,-0.342105,-13
164,2007,4,0,4,3,4,4,-1,-3,-1,-4,-1,-4,36047016400,11209,1,14,25,22,-0.44,-11,-0.363636,-8
164,2009,5,0,4,1,2,2,-1,-1,-1,-2,-1,-2,36047016400,11209,0,19,13,13,0.461538,6,0.461538,6
207,2001,0,0,0,0,0,0,0,0,0,0,0,0,36047020700,11238,0,0,0,0,0,0,0,0
207,2001,1,0,0,0,0,0,0,0,0,0,0,0,36047020700,11238,0,0,0,0,0,0,0,0
207,2001,2,0,0,0,0,0,0,0,0,0,0,0,36047020700,11238,0,0,0,0,0,0,0,0
207,2001,3,0,0,0,0,0,0,0,0,0,0,0,36047020700,11238,0,0,0,0,0,0,0,0
207,2001,4,0,0,0,0,0,0,0,0,0,0,0,36047020700,11238,0,0,0,0,0,0,0,0
207,2001,5,0,0,0,0,0,0,0,0,0,0,0,36047020700,11238,0,0,0,0,0,0,0,0
207,2002,0,0,0,0,0,0,0,0,0,0,0,0,36047020700,11238,0,0,0,0,0,0,0,0
207,2002,1,0,0,0,0,0,0,0,0,0,0,0,36047020700,11238,0,0,0,0,0,0,0,0
207,2002,2,0,0,0,0,0,0,0,0,0,0,0,36047020700,11238,0,0,0,0,0,0,0,0
207,2002,3,0,0,0,0,0,0,0,0,0,0,0,36047020700,11238,0,0,0,0,0,0,0,0
207,2002,4,0,0,0,0,0,0,0,0,0,0,0,36047020700,11238,0,0,0,0,0,0,0,0
207,2002,5,0,0,0,0,0,0,0,0,0,0,0,36047020700,11238,0,0,0,0,0,0,0,0
207,2003,0,0,0,0,0,0,0,0,0,0,0,0,36047020700,11238,0,0,0,0,0,0,0,0
207,2003,1,0,0,0,0,0,0,0,0,0,0,0,36047020700,11238,0,0,0,0,0,0,0,0
207,2003,2,0,0,0,0,0,0,0,0,0,0,0,36047020700,11238,0,0,0,0,0,0,0,0
207,2003,3,0,0,0,0,0,0,0,0,0,0,0,36047020700,11238,0,0,0,0,0,0,0,0
207,2003,4,0,0,0,0,0,0,0,0,0,0,0,36047020700,11238,0,0,0,0,0,0,0,0
207,2003,5,0,0,0,0,0,0,0,0,0,0,0,36047020700,11238,0,0,0,0,0,0,0,0
207,2004,0,0,0,0,0,0,0,0,0,0,0,0,36047020700,11238,0,0,0,0,0,0,0,0
207,2004,1,0,0,0,0,0,0,0,0,0,0,0,36047020700,11238,0,0,0,0,0,0,0,0
207,2004,2,0,0,0,0,0,0,0,0,0,0,0,36047020700,11238,0,0,0,0,0,0,0,0
207,2004,3,0,0,0,0,0,0,0,0,0,0,0,36047020700,11238,0,0,0,0,0,0,0,0
207,2004,4,0,0,0,0,0,0,0,0,0,0,0,36047020700,11238,0,0,0,0,0,0,0,0
207,2004,5,0,0,0,0,0,0,0,0,0,0,0,36047020700,11238,0,0,0,0,0,0,0,0
207,2005,0,0,0,0,0,0,0,0,0,0,0,0,36047020700,11238,0,0,0,0,0,0,0,0
207,2005,1,0,0,0,0,0,0,0,0,0,0,0,36047020700,11238,0,0,0,0,0,0,0,0
207,2005,2,0,0,0,0,0,0,0,0,0,0,0,36047020700,11238,0,0,0,0,0,0,0,0
207,2005,3,0,0,0,0,0,0,0,0,0,0,0,36047020700,11238,0,0,0,0,0,0,0,0
207,2005,4,0,0,0,0,0,0,0,0,0,0,0,36047020700,11238,0,0,0,0,0,0,0,0
207,2005,5,0,0,0,0,0,0,0,0,0,0,0,36047020700,11238,0,0,0,0,0,0,0,0
207,2006,0,0,0,0,0,0,0,0,0,0,0,0,36047020700,11238,0,0,0,0,0,0,0,0
207,2006,1,0,0,0,0,0,0,0,0,0,0,0,36047020700,11238,0,0,0,0,0,0,0,0
207,2006,2,0,0,0,0,0,0,0,0,0,0,0,36047020700,11238,0,0,0,0,0,0,0,0
207,2006,3,0,0,0,0,0,0,0,0,0,0,0,36047020700,11238,0,0,0,0,0,0,0,0
207,2006,4,0,0,0,0,0,0,0,0,0,0,0,36047020700,11238,0,0,0,0,0,0,0,0
207,2006,5,0,0,0,0,0,0,0,0,0,0,0,36047020700,11238,0,0,0,0,0,0,0,0
207,2007,0,0,0,0,0,0,0,0,0,0,0,0,36047020700,11238,0,0,0,0,0,0,0,0
207,2007,1,0,0,0,0,0,0,0,0,0,0,0,36047020700,11238,0,0,0,0,0,0,0,0
207,2007,2,0,0,0,0,0,0,0,0,0,0,0,36047020700,11238,0,0,0,0,0,0,0,0
207,2007,3,0,0,0,0,0,0,0,0,0,0,0,36047020700,11238,0,0,0,0,0,0,0,0
207,2007,4,0,0,0,0,0,0,0,0,0,0,0,36047020700,11238,0,0,0,0,0,0,0,0
207,2007,5,0,0,0,0,0,0,0,0,0,0,0,36047020700,11238,0,0,0,0,0,0,0,0
207,2008,0,0,0,0,0,0,0,0,0,0,0,0,36047020700,11238,0,0,0,0,0,0,0,0
207,2008,1,0,0,0,0,0,0,0,0,0,0,0,36047020700,11238,0,0,0,0,0,0,0,0
207,2008,2,0,0,0,0,0,0,0,0,0,0,0,36047020700,11238,0,0,0,0,0,0,0,0
207,2008,3,0,0,0,0,0,0,0,0,0,0,0,36047020700,11238,0,0,0,0,0,0,0,0
207,2008,4,0,0,0,0,0,0,0,0,0,0,0,36047020700,11238,0,0,0,0,0,0,0,0
207,2008,5,0,0,0,0,0,0,0,0,0,0,0,36047020700,11238,0,0,0,0,0,0,0,0
207,2009,0,0,0,0,0,0,0,0,0,0,0,0,36047020700,11238,0,0,0,0,0,0,0,0
207,2009,1,0,0,0,0,0,0,0,0,0,0,0,36047020700,11238,0,0,0,0,0,0,0,0
207,2009,2,0,0,0,0,0,0,0,0,0,0,0,36047020700,11238,0,0,0,0,0,0,0,0
207,2009,3,0,0,0,0,0,0,0,0,0,0,0,36047020700,11238,0,0,0,0,0,0,0,0
207,2009,4,0,0,0,0,0,0,0,0,0,0,0,36047020700,11238,0,0,0,0,0,0,0,0
207,2009,5,0,0,0,0,0,0,0,0,0,0,0,36047020700,11238,0,0,0,0,0,0,0,0
221,2001,0,0,0,0,0,0,0,0,0,0,0,0,36047022100,11216,0,0,0,0,0,0,0,0
221,2001,1,0,0,0,0,0,0,0,0,0,0,0,36047022100,11216,0,0,0,0,0,0,0,0
221,2001,2,0,0,0,0,0,0,0,0,0,0,0,36047022100,11216,0,0,0,0,0,0,0,0
221,2001,3,0,0,0,0,0,0,0,0,0,0,0,36047022100,11216,0,0,0,0,0,0,0,0
221,2001,4,0,0,0,0,0,0,0,0,0,0,0,36047022100,11216,0,0,0,0,0,0,0,0
221,2001,5,0,0,0,0,0,0,0,0,0,0,0,36047022100,11216,0,0,0,0,0,0,0,0
221,2002,0,0,0,0,0,0,0,0,0,0,0,0,36047022100,11216,0,0,0,0,0,0,0,0
221,2002,1,0,0,0,0,0,0,0,0,0,0,0,36047022100,11216,0,0,0,0,0,0,0,0
221,2002,2,0,0,0,0,0,0,0,0,0,0,0,36047022100,11216,0,0,0,0,0,0,0,0
221,2002,3,0,0,0,0,0,0,0,0,0,0,0,36047022100,11216,0,0,0,0,0,0,0,0
221,2002,4,0,0,0,0,0,0,0,0,0,0,0,36047022100,11216,0,0,0,0,0,0,0,0
221,2002,5,0,0,0,0,0,0,0,0,0,0,0,36047022100,11216,0,0,0,0,0,0,0,0
221,2003,0,0,0,0,0,0,0,0,0,0,0,0,36047022100,11216,0,0,0,0,0,0,0,0
221,2003,1,0,0,0,0,0,0,0,0,0,0,0,36047022100,11216,0,0,0,0,0,0,0,0
221,2003,2,0,0,0,0,0,0,0,0,0,0,0,36047022100,11216,0,0,0,0,0,0,0,0
221,2003,3,0,0,0,0,0,0,0,0,0,0,0,36047022100,11216,0,0,0,0,0,0,0,0
221,2003,4,0,0,0,0,0,0,0,0,0,0,0,36047022100,11216,0,0,0,0,0,0,0,0
221,2003,5,0,0,0,0,0,0,0,0,0,0,0,36047022100,11216,0,0,0,0,0,0,0,0
221,2004,0,0,0,0,0,0,0,0,0,0,0,0,36047022100,11216,0,0,0,0,0,0,0,0
221,2004,1,0,0,0,0,0,0,0,0,0,0,0,36047022100,11216,0,0,0,0,0,0,0,0
221,2004,2,0,0,0,0,0,0,0,0,0,0,0,36047022100,11216,0,0,0,0,0,0,0,0
221,2004,3,0,0,0,0,0,0,0,0,0,0,0,36047022100,11216,0,0,0,0,0,0,0,0
221,2004,4,0,0,0,0,0,0,0,0,0,0,0,36047022100,11216,0,0,0,0,0,0,0,0
221,2004,5,0,0,0,0,0,0,0,0,0,0,0,36047022100,11216,0,0,0,0,0,0,0,0
221,2005,0,0,0,0,0,0,0,0,0,0,0,0,36047022100,11216,0,0,0,0,0,0,0,0
221,2005,1,0,0,0,0,0,0,0,0,0,0,0,36047022100,11216,0,0,0,0,0,0,0,0
221,2005,2,0,0,0,0,0,0,0,0,0,0,0,36047022100,11216,0,0,0,0,0,0,0,0
221,2005,3,0,0,0,0,0,0,0,0,0,0,0,36047022100,11216,0,0,0,0,0,0,0,0
221,2005,4,0,0,0,0,0,0,0,0,0,0,0,36047022100,11216,0,0,0,0,0,0,0,0
221,2005,5,0,0,0,0,0,0,0,0,0,0,0,36047022100,11216,0,0,0,0,0,0,0,0
221,2006,0,0,0,0,0,0,0,0,0,0,0,0,36047022100,11216,0,0,0,0,0,0,0,0
221,2006,1,0,0,0,0,0,0,0,0,0,0,0,36047022100,11216,0,0,0,0,0,0,0,0
221,2006,2,0,0,0,0,0,0,0,0,0,0,0,36047022100,11216,0,0,0,0,0,0,0,0
221,2006,3,0,0,0,0,0,0,0,0,0,0,0,36047022100,11216,0,0,0,0,0,0,0,0
221,2006,4,0,0,0,0,0,0,0,0,0,0,0,36047022100,11216,0,0,0,0,0,0,0,0
221,2006,5,0,0,0,0,0,0,0,0,0,0,0,36047022100,11216,0,0,0,0,0,0,0,0
221,2007,1,0,1,0,0,0,0,0,0,0,0,0,36047022100,11216,0,0,0,0,0,0,0,0
221,2007,2,0,0,0,0,0,0,0,0,0,0,0,36047022100,11216,0,0,0,0,0,0,0,0
221,2007,3,0,0,0,0,0,0,0,0,0,0,0,36047022100,11216,0,0,0,0,0,0,0,0
221,2007,4,0,0,0,0,0,0,0,0,0,0,0,36047022100,11216,0,0,0,0,0,0,0,0
221,2007,5,0,0,0,0,0,0,0,0,0,0,0,36047022100,11216,0,0,0,0,0,0,0,0
221,2008,0,0,0,1,0,0,-1,-1,0,0,0,0,36047022100,11216,0,0,0,0,0,0,0,0
221,2008,2,0,1,0,0,0,0,0,0,0,0,0,36047022100,11216,0,0,0,0,0,0,0,0
221,2008,3,0,0,0,0,0,0,0,0,0,0,0,36047022100,11216,0,0,0,0,0,0,0,0
221,2008,4,0,0,0,0,0,0,0,0,0,0,0,36047022100,11216,0,0,0,0,0,0,0,0
221,2008,5,0,0,0,0,0,0,0,0,0,0,0,36047022100,11216,0,0,0,0,0,0,0,0
221,2009,0,0,0,0,0,0,0,0,0,0,0,0,36047022100,11216,0,0,0,0,0,0,0,0
221,2009,1,0,0,1,0,0,-1,-1,0,0,0,0,36047022100,11216,0,0,0,0,0,0,0,0
221,2009,3,0,1,0,0,0,0,0,0,0,0,0,36047022100,11216,0,0,0,0,0,0,0,0
221,2009,4,0,0,0,0,0,0,0,0,0,0,0,36047022100,11216,0,0,0,0,0,0,0,0
221,2009,5,0,0,0,0,0,0,0,0,0,0,0,36047022100,11216,0,0,0,0,0,0,0,0
222,2001,3,0,2,0,0,0,0,0,0,0,0,0,36047022200,11219,1,36,36,36,0,0,0,0
222,2002,4,0,2,2,0,0,-1,-2,0,0,0,0,36047022200,11219,1,31,29,31,0.068966,2,0,0
222,2003,5,0,2,2,0,0,-1,-2,0,0,0,0,36047022200,11219,1,22,28,22,-0.214286,-6,0,0
228,2007,5,0,5,4,1,1,-1,-4,-1,-1,-1,-1,36047022800,11218,1,88,109,101,-0.192661,-21,-0.128713,-13
234,2007,2,0,2,1,1,1,-1,-1,-1,-1,-1,-1,36047023400,11204,0,39,51,63,-0.235294,-12,-0.380952,-24
236,2009,3,0,3,5,9,9,-1,-5,-1,-9,-1,-9,36047023600,11204,0,24,26,27,-0.076923,-2,-0.111111,-3
238,2006,0,0,0,2,6,6,-1,-2,-1,-6,-1,-6,36047023800,11204,1,29,24,31,0.208333,5,-0.064516,-2
238,2006,4,0,1,1,5,5,-1,-1,-1,-5,-1,-5,36047023800,11204,0,22,31,28,-0.290323,-9,-0.214286,-6
238,2006,5,0,0,4,3,3,-1,-4,-1,-3,-1,-3,36047023800,11204,0,30,28,29,0.071429,2,0.034483,1
238,2007,1,0,1,2,5,5,-1,-2,-1,-5,-1,-5,36047023800,11204,1,26,21,36,0.238095,5,-0.277778,-10
238,2007,5,0,1,0,5,5,0,0,-1,-5,-1,-5,36047023800,11204,0,23,30,29,-0.233333,-7,-0.206897,-6
238,2008,1,0,8,0,3,3,0,0,-1,-3,-1,-3,36047023800,11204,1,17,26,30,-0.346154,-9,-0.433333,-13
238,2008,2,0,0,3,2,2,-1,-3,-1,-2,-1,-2,36047023800,11204,1,20,21,34,-0.047619,-1,-0.411765,-14
238,2008,3,0,0,3,1,1,-1,-3,-1,-1,-1,-1,36047023800,11204,0,22,24,26,-0.083333,-2,-0.153846,-4
238,2009,3,0,1,0,1,1,0,0,-1,-1,-1,-1,36047023800,11204,0,18,22,33,-0.181818,-4,-0.454545,-15
238,2009,5,0,1,1,0,0,-1,-1,0,0,0,0,36047023800,11204,0,26,28,30,-0.071429,-2,-0.133333,-4
298,2001,0,0,0,0,0,0,0,0,0,0,0,0,36047029800,11214,0,9,9,9,0,0,0,0
298,2001,1,0,0,0,0,0,0,0,0,0,0,0,36047029800,11214,0,24,24,24,0,0,0,0
298,2001,2,0,0,0,0,0,0,0,0,0,0,0,36047029800,11214,0,20,20,20,0,0,0,0
298,2001,3,0,0,0,0,0,0,0,0,0,0,0,36047029800,11214,0,18,18,18,0,0,0,0
298,2001,4,0,0,0,0,0,0,0,0,0,0,0,36047029800,11214,0,12,12,12,0,0,0,0
298,2001,5,0,0,0,0,0,0,0,0,0,0,0,36047029800,11214,0,19,19,19,0,0,0,0
298,2002,0,0,0,0,0,0,0,0,0,0,0,0,36047029800,11214,0,18,9,18,1,9,0,0
298,2002,1,0,0,0,0,0,0,0,0,0,0,0,36047029800,11214,0,10,24,10,-0.583333,-14,0,0
298,2002,2,0,0,0,0,0,0,0,0,0,0,0,36047029800,11214,0,19,20,19,-0.05,-1,0,0
298,2002,3,0,0,0,0,0,0,0,0,0,0,0,36047029800,11214,0,15,18,15,-0.166667,-3,0,0
298,2002,4,0,0,0,0,0,0,0,0,0,0,0,36047029800,11214,0,15,12,15,0.25,3,0,0
298,2002,5,0,0,0,0,0,0,0,0,0,0,0,36047029800,11214,0,13,19,13,-0.315789,-6,0,0
298,2003,0,0,0,0,0,0,0,0,0,0,0,0,36047029800,11214,0,17,18,17,-0.055556,-1,0,0
298,2003,1,0,0,0,0,0,0,0,0,0,0,0,36047029800,11214,0,19,10,19,0.9,9,0,0
298,2003,2,0,0,0,0,0,0,0,0,0,0,0,36047029800,11214,0,12,19,12,-0.368421,-7,0,0
298,2003,3,0,0,0,0,0,0,0,0,0,0,0,36047029800,11214,0,19,15,19,0.266667,4,0,0
298,2003,4,0,0,0,0,0,0,0,0,0,0,0,36047029800,11214,0,18,15,18,0.2,3,0,0
298,2003,5,0,0,0,0,0,0,0,0,0,0,0,36047029800,11214,0,17,13,17,0.307692,4,0,0
298,2004,0,0,0,0,0,0,0,0,0,0,0,0,36047029800,11214,0,15,17,9,-0.117647,-2,0.666667,6
298,2004,1,0,0,0,0,0,0,0,0,0,0,0,36047029800,11214,0,20,19,24,0.052632,1,-0.166667,-4
298,2004,2,0,0,0,0,0,0,0,0,0,0,0,36047029800,11214,0,16,12,20,0.333333,4,-0.2,-4
298,2004,3,0,0,0,0,0,0,0,0,0,0,0,36047029800,11214,0,10,19,18,-0.473684,-9,-0.444444,-8
298,2004,4,0,0,0,0,0,0,0,0,0,0,0,36047029800,11214,0,21,18,12,0.166667,3,0.75,9
298,2004,5,0,0,0,0,0,0,0,0,0,0,0,36047029800,11214,0,19,17,19,0.117647,2,0,0
298,2005,0,0,0,0,0,0,0,0,0,0,0,0,36047029800,11214,0,13,15,18,-0.133333,-2,-0.277778,-5
298,2005,1,0,0,0,0,0,0,0,0,0,0,0,36047029800,11214,0,17,20,10,-0.15,-3,0.7,7
298,2005,2,0,0,0,0,0,0,0,0,0,0,0,36047029800,11214,0,18,16,19,0.125,2,-0.052632,-1
298,2005,3,0,0,0,0,0,0,0,0,0,0,0,36047029800,11214,0,19,10,15,0.9,9,0.266667,4
298,2005,4,0,0,0,0,0,0,0,0,0,0,0,36047029800,11214,0,9,21,15,-0.571429,-12,-0.4,-6
298,2005,5,0,0,0,0,0,0,0,0,0,0,0,36047029800,11214,0,19,19,13,0,0,0.461538,6
298,2006,1,0,1,0,0,0,0,0,0,0,0,0,36047029800,11214,0,14,17,19,-0.176471,-3,-0.263158,-5
298,2006,2,0,0,0,0,0,0,0,0,0,0,0,36047029800,11214,0,16,18,12,-0.111111,-2,0.333333,4
298,2006,3,0,0,0,0,0,0,0,0,0,0,0,36047029800,11214,0,15,19,19,-0.210526,-4,-0.210526,-4
298,2006,4,0,0,0,0,0,0,0,0,0,0,0,36047029800,11214,0,22,9,18,1.444444,13,0.222222,4
298,2006,5,0,0,0,0,0,0,0,0,0,0,0,36047029800,11214,0,10,19,17,-0.473684,-9,-0.411765,-7
298,2007,0,0,0,1,0,0,-1,-1,0,0,0,0,36047029800,11214,0,13,19,15,-0.315789,-6,-0.133333,-2
298,2007,1,0,0,0,0,0,0,0,0,0,0,0,36047029800,11214,0,18,14,20,0.285714,4,-0.1,-2
298,2007,2,0,0,0,0,0,0,0,0,0,0,0,36047029800,11214,0,13,16,16,-0.1875,-3,-0.1875,-3
298,2007,3,0,0,0,0,0,0,0,0,0,0,0,36047029800,11214,0,14,15,10,-0.066667,-1,0.4,4
298,2007,4,0,0,0,0,0,0,0,0,0,0,0,36047029800,11214,0,17,22,21,-0.227273,-5,-0.190476,-4
298,2007,5,0,0,0,0,0,0,0,0,0,0,0,36047029800,11214,0,20,10,19,1,10,0.052632,1
298,2008,0,0,0,0,0,0,0,0,0,0,0,0,36047029800,11214,0,9,13,13,-0.307692,-4,-0.307692,-4
298,2008,1,0,0,0,0,0,0,0,0,0,0,0,36047029800,11214,0,13,18,17,-0.277778,-5,-0.235294,-4
298,2008,2,0,0,0,0,0,0,0,0,0,0,0,36047029800,11214,0,16,13,18,0.230769,3,-0.111111,-2
298,2008,3,0,0,0,0,0,0,0,0,0,0,0,36047029800,11214,0,14,14,19,0,0,-0.263158,-5
298,2008,4,0,0,0,0,0,0,0,0,0,0,0,36047029800,11214,0,13,17,9,-0.235294,-4,0.444444,4
298,2008,5,0,0,0,0,0,0,0,0,0,0,0,36047029800,11214,0,16,20,19,-0.2,-4,-0.157895,-3
298,2009,0,0,0,0,1,1,0,0,-1,-1,-1,-1,36047029800,11214,0,18,9,19,1,9,-0.052632,-1
298,2009,1,0,0,0,0,0,0,0,0,0,0,0,36047029800,11214,0,13,13,14,0,0,-0.071429,-1
298,2009,2,0,0,0,0,0,0,0,0,0,0,0,36047029800,11214,0,13,16,16,-0.1875,-3,-0.1875,-3
298,2009,3,0,0,0,0,0,0,0,0,0,0,0,36047029800,11214,0,20,14,15,0.428571,6,0.333333,5
298,2009,4,0,0,0,0,0,0,0,0,0,0,0,36047029800,11214,0,17,13,22,0.307692,4,-0.227273,-5
298,2009,5,0,0,0,0,0,0,0,0,0,0,0,36047029800,11214,0,21,16,10,0.3125,5,1.1,11
421,2001,0,0,0,0,0,0,0,0,0,0,0,0,36047042100,11221,0,0,0,0,0,0,0,0
421,2001,1,0,0,0,0,0,0,0,0,0,0,0,36047042100,11221,0,0,0,0,0,0,0,0
421,2001,2,0,0,0,0,0,0,0,0,0,0,0,36047042100,11221,0,0,0,0,0,0,0,0
421,2001,3,0,0,0,0,0,0,0,0,0,0,0,36047042100,11221,0,0,0,0,0,0,0,0
421,2001,4,0,0,0,0,0,0,0,0,0,0,0,36047042100,11221,0,0,0,0,0,0,0,0
421,2001,5,0,0,0,0,0,0,0,0,0,0,0,36047042100,11221,0,0,0,0,0,0,0,0
421,2002,0,0,0,0,0,0,0,0,0,0,0,0,36047042100,11221,0,0,0,0,0,0,0,0
421,2002,1,0,0,0,0,0,0,0,0,0,0,0,36047042100,11221,0,0,0,0,0,0,0,0
421,2002,2,0,0,0,0,0,0,0,0,0,0,0,36047042100,11221,0,0,0,0,0,0,0,0
421,2002,3,0,0,0,0,0,0,0,0,0,0,0,36047042100,11221,0,0,0,0,0,0,0,0
421,2002,4,0,0,0,0,0,0,0,0,0,0,0,36047042100,11221,0,0,0,0,0,0,0,0
421,2002,5,0,0,0,0,0,0,0,0,0,0,0,36047042100,11221,0,0,0,0,0,0,0,0
421,2003,0,0,0,0,0,0,0,0,0,0,0,0,36047042100,11221,0,0,0,0,0,0,0,0
421,2003,1,0,0,0,0,0,0,0,0,0,0,0,36047042100,11221,0,0,0,0,0,0,0,0
421,2003,2,0,0,0,0,0,0,0,0,0,0,0,36047042100,11221,0,0,0,0,0,0,0,0
421,2003,3,0,0,0,0,0,0,0,0,0,0,0,36047042100,11221,0,0,0,0,0,0,0,0
421,2003,4,0,0,0,0,0,0,0,0,0,0,0,36047042100,11221,0,0,0,0,0,0,0,0
421,2003,5,0,0,0,0,0,0,0,0,0,0,0,36047042100,11221,0,0,0,0,0,0,0,0
421,2004,0,0,0,0,0,0,0,0,0,0,0,0,36047042100,11221,0,0,0,0,0,0,0,0
421,2004,1,0,0,0,0,0,0,0,0,0,0,0,36047042100,11221,0,0,0,0,0,0,0,0
421,2004,2,0,0,0,0,0,0,0,0,0,0,0,36047042100,11221,0,0,0,0,0,0,0,0
421,2004,3,0,0,0,0,0,0,0,0,0,0,0,36047042100,11221,0,0,0,0,0,0,0,0
421,2004,4,0,0,0,0,0,0,0,0,0,0,0,36047042100,11221,0,0,0,0,0,0,0,0
421,2004,5,0,0,0,0,0,0,0,0,0,0,0,36047042100,11221,0,0,0,0,0,0,0,0
421,2005,0,0,0,0,0,0,0,0,0,0,0,0,36047042100,11221,0,0,0,0,0,0,0,0
421,2005,1,0,0,0,0,0,0,0,0,0,0,0,36047042100,11221,0,0,0,0,0,0,0,0
421,2005,2,0,0,0,0,0,0,0,0,0,0,0,36047042100,11221,0,0,0,0,0,0,0,0
421,2005,3,0,0,0,0,0,0,0,0,0,0,0,36047042100,11221,0,0,0,0,0,0,0,0
421,2005,4,0,0,0,0,0,0,0,0,0,0,0,36047042100,11221,0,0,0,0,0,0,0,0
421,2005,5,0,0,0,0,0,0,0,0,0,0,0,36047042100,11221,0,0,0,0,0,0,0,0
421,2006,0,0,0,0,0,0,0,0,0,0,0,0,36047042100,11221,0,0,0,0,0,0,0,0
421,2006,1,0,0,0,0,0,0,0,0,0,0,0,36047042100,11221,0,0,0,0,0,0,0,0
421,2006,3,0,1,0,0,0,0,0,0,0,0,0,36047042100,11221,0,0,0,0,0,0,0,0
421,2006,4,0,0,0,0,0,0,0,0,0,0,0,36047042100,11221,0,0,0,0,0,0,0,0
421,2006,5,0,0,0,0,0,0,0,0,0,0,0,36047042100,11221,0,0,0,0,0,0,0,0
421,2007,0,0,0,0,0,0,0,0,0,0,0,0,36047042100,11221,0,0,0,0,0,0,0,0
421,2007,1,0,0,0,0,0,0,0,0,0,0,0,36047042100,11221,0,0,0,0,0,0,0,0
421,2007,2,0,0,1,0,0,-1,-1,0,0,0,0,36047042100,11221,0,0,0,0,0,0,0,0
421,2007,4,0,1,0,0,0,0,0,0,0,0,0,36047042100,11221,0,0,0,0,0,0,0,0
421,2007,5,0,0,0,0,0,0,0,0,0,0,0,36047042100,11221,0,0,0,0,0,0,0,0
421,2008,0,0,0,0,0,0,0,0,0,0,0,0,36047042100,11221,0,0,0,0,0,0,0,0
421,2008,1,0,0,0,0,0,0,0,0,0,0,0,36047042100,11221,0,0,0,0,0,0,0,0
421,2008,2,0,0,0,0,0,0,0,0,0,0,0,36047042100,11221,0,0,0,0,0,0,0,0
421,2008,3,0,0,1,0,0,-1,-1,0,0,0,0,36047042100,11221,0,0,0,0,0,0,0,0
421,2008,5,0,1,0,0,0,0,0,0,0,0,0,36047042100,11221,0,0,0,0,0,0,0,0
421,2009,0,0,0,0,0,0,0,0,0,0,0,0,36047042100,11221,0,0,0,0,0,0,0,0
421,2009,1,0,0,0,0,0,0,0,0,0,0,0,36047042100,11221,0,0,0,0,0,0,0,0
421,2009,2,0,0,0,1,1,0,0,-1,-1,-1,-1,36047042100,11221,0,0,0,0,0,0,0,0
421,2009,3,0,0,0,0,0,0,0,0,0,0,0,36047042100,11221,0,0,0,0,0,0,0,0
421,2009,4,0,0,1,0,0,-1,-1,0,0,0,0,36047042100,11221,0,0,0,0,0,0,0,0
421,2009,5,0,0,0,0,0,0,0,0,0,0,0,36047042100,11221,0,0,0,0,0,0,0,0
428,2001,1,0,1,0,0,0,0,0,0,0,0,0,36047042800,11204,0,39,39,39,0,0,0,0
428,2001,3,0,1,0,0,0,0,0,0,0,0,0,36047042800,11204,0,35,35,35,0,0,0,0
428,2001,4,0,0,0,0,0,0,0,0,0,0,0,36047042800,11204,0,29,29,29,0,0,0,0
428,2002,0,0,0,1,0,0,-1,-1,0,0,0,0,36047042800,11204,0,25,31,25,-0.193548,-6,0,0
428,2002,1,0,0,0,0,0,0,0,0,0,0,0,36047042800,11204,0,31,39,31,-0.205128,-8,0,0
428,2002,2,0,0,1,0,0,-1,-1,0,0,0,0,36047042800,11204,0,35,35,35,0,0,0,0
428,2002,3,0,0,0,0,0,0,0,0,0,0,0,36047042800,11204,0,35,35,35,0,0,0,0
428,2002,4,0,0,0,0,0,0,0,0,0,0,0,36047042800,11204,0,33,29,33,0.137931,4,0,0
428,2002,5,0,0,1,0,0,-1,-1,0,0,0,0,36047042800,11204,0,29,30,29,-0.033333,-1,0,0
428,2003,0,0,0,0,0,0,0,0,0,0,0,0,36047042800,11204,0,23,25,23,-0.08,-2,0,0
428,2003,1,0,0,0,0,0,0,0,0,0,0,0,36047042800,11204,0,29,31,29,-0.064516,-2,0,0
428,2003,2,0,0,0,0,0,0,0,0,0,0,0,36047042800,11204,0,27,35,27,-0.228571,-8,0,0
428,2003,3,0,0,0,0,0,0,0,0,0,0,0,36047042800,11204,0,34,35,34,-0.028571,-1,0,0
428,2003,4,0,0,0,0,0,0,0,0,0,0,0,36047042800,11204,0,36,33,36,0.090909,3,0,0
428,2003,5,0,0,0,0,0,0,0,0,0,0,0,36047042800,11204,0,36,29,36,0.241379,7,0,0
428,2004,0,0,0,0,1,1,0,0,-1,-1,-1,-1,36047042800,11204,0,28,23,31,0.217391,5,-0.096774,-3
428,2004,1,0,0,0,0,0,0,0,0,0,0,0,36047042800,11204,0,21,29,39,-0.275862,-8,-0.461538,-18
428,2004,2,0,0,0,1,1,0,0,-1,-1,-1,-1,36047042800,11204,0,29,27,35,0.074074,2,-0.171429,-6
428,2004,3,0,0,0,0,0,0,0,0,0,0,0,36047042800,11204,0,24,34,35,-0.294118,-10,-0.314286,-11
428,2004,4,0,0,0,0,0,0,0,0,0,0,0,36047042800,11204,0,34,36,29,-0.055556,-2,0.172414,5
428,2004,5,0,0,0,1,1,0,0,-1,-1,-1,-1,36047042800,11204,0,33,36,30,-0.083333,-3,0.1,3
428,2005,0,0,0,0,0,0,0,0,0,0,0,0,36047042800,11204,0,28,28,25,0,0,0.12,3
428,2005,1,0,0,0,0,0,0,0,0,0,0,0,36047042800,11204,0,30,21,31,0.428571,9,-0.032258,-1
428,2005,2,0,0,0,0,0,0,0,0,0,0,0,36047042800,11204,0,24,29,35,-0.172414,-5,-0.314286,-11
428,2005,3,0,0,0,0,0,0,0,0,0,0,0,36047042800,11204,0,29,24,35,0.208333,5,-0.171429,-6
78,2003,1,0,0,0,0,0,0,0,0,0,0,0,36047007800,11220,0,74,71,74,0.042254,3,0,0
78,2003,2,0,0,0,0,0,0,0,0,0,0,0,36047007800,11220,0,79,91,79,-0.131868,-12,0,0
78,2003,3,0,0,0,0,0,0,0,0,0,0,0,36047007800,11220,0,84,72,84,0.166667,12,0,0
78,2003,4,0,0,0,0,0,0,0,0,0,0,0,36047007800,11220,0,63,59,63,0.067797,4,0,0
78,2003,5,0,0,1,0,0,-1,-1,0,0,0,0,36047007800,11220,0,54,55,54,-0.018182,-1,0,0
78,2004,0,0,0,0,0,0,0,0,0,0,0,0,36047007800,11220,0,56,72,71,-0.222222,-16,-0.211268,-15
78,2004,1,0,0,0,0,0,0,0,0,0,0,0,36047007800,11220,0,76,74,85,0.027027,2,-0.105882,-9
78,2004,2,0,0,0,0,0,0,0,0,0,0,0,36047007800,11220,0,70,79,71,-0.113924,-9,-0.014085,-1
78,2004,3,0,0,0,0,0,0,0,0,0,0,0,36047007800,11220,0,72,84,64,-0.142857,-12,0.125,8
78,2004,4,0,0,0,1,1,0,0,-1,-1,-1,-1,36047007800,11220,0,77,63,70,0.222222,14,0.1,7
78,2004,5,0,0,0,0,0,0,0,0,0,0,0,36047007800,11220,0,52,54,70,-0.037037,-2,-0.257143,-18
78,2005,0,0,0,0,0,0,0,0,0,0,0,0,36047007800,11220,0,67,56,73,0.196429,11,-0.082192,-6
78,2005,1,0,0,0,0,0,0,0,0,0,0,0,36047007800,11220,0,63,76,71,-0.171053,-13,-0.112676,-8
78,2005,2,0,0,0,0,0,0,0,0,0,0,0,36047007800,11220,0,77,70,91,0.1,7,-0.153846,-14
78,2005,3,0,0,0,0,0,0,0,0,0,0,0,36047007800,11220,0,61,72,72,-0.152778,-11,-0.152778,-11
78,2005,4,0,0,0,0,0,0,0,0,0,0,0,36047007800,11220,0,65,77,59,-0.155844,-12,0.101695,6
78,2005,5,0,0,0,1,1,0,0,-1,-1,-1,-1,36047007800,11220,0,78,52,55,0.5,26,0.418182,23
78,2006,0,0,0,0,0,0,0,0,0,0,0,0,36047007800,11220,0,55,67,72,-0.179104,-12,-0.236111,-17
78,2006,1,0,0,0,0,0,0,0,0,0,0,0,36047007800,11220,0,67,63,74,0.063492,4,-0.094595,-7
78,2006,2,0,0,0,0,0,0,0,0,0,0,0,36047007800,11220,0,56,77,79,-0.272727,-21,-0.291139,-23
78,2006,3,0,0,0,0,0,0,0,0,0,0,0,36047007800,11220,0,79,61,84,0.295082,18,-0.059524,-5
78,2006,4,0,0,0,0,0,0,0,0,0,0,0,36047007800,11220,0,58,65,63,-0.107692,-7,-0.079365,-5
78,2006,5,0,0,0,0,0,0,0,0,0,0,0,36047007800,11220,0,66,78,54,-0.153846,-12,0.222222,12
78,2007,0,0,0,0,0,0,0,0,0,0,0,0,36047007800,11220,0,46,55,56,-0.163636,-9,-0.178571,-10
78,2007,1,0,0,0,0,0,0,0,0,0,0,0,36047007800,11220,0,58,67,76,-0.134328,-9,-0.236842,-18
78,2007,2,0,0,0,0,0,0,0,0,0,0,0,36047007800,11220,0,69,56,70,0.232143,13,-0.014286,-1
78,2007,3,0,0,0,0,0,0,0,0,0,0,0,36047007800,11220,0,57,79,72,-0.278481,-22,-0.208333,-15
78,2007,4,0,0,0,0,0,0,0,0,0,0,0,36047007800,11220,0,69,58,77,0.189655,11,-0.103896,-8
78,2007,5,0,0,0,0,0,0,0,0,0,0,0,36047007800,11220,0,59,66,52,-0.106061,-7,0.134615,7
78,2008,0,0,0,0,0,0,0,0,0,0,0,0,36047007800,11220,0,62,46,67,0.347826,16,-0.074627,-5
78,2008,1,0,0,0,0,0,0,0,0,0,0,0,36047007800,11220,0,58,58,63,0,0,-0.079365,-5
78,2008,2,0,0,0,0,0,0,0,0,0,0,0,36047007800,11220,0,63,69,77,-0.086957,-6,-0.181818,-14
78,2008,3,0,0,0,0,0,0,0,0,0,0,0,36047007800,11220,0,70,57,61,0.22807,13,0.147541,9
78,2008,4,0,0,0,0,0,0,0,0,0,0,0,36047007800,11220,0,58,69,65,-0.15942,-11,-0.107692,-7
78,2008,5,0,0,0,0,0,0,0,0,0,0,0,36047007800,11220,0,60,59,78,0.016949,1,-0.230769,-18
78,2009,0,0,0,0,0,0,0,0,0,0,0,0,36047007800,11220,0,66,62,55,0.064516,4,0.2,11
78,2009,1,0,0,0,0,0,0,0,0,0,0,0,36047007800,11220,0,82,58,67,0.413793,24,0.223881,15
78,2009,2,0,0,0,0,0,0,0,0,0,0,0,36047007800,11220,0,71,63,56,0.126984,8,0.267857,15
78,2009,3,0,0,0,0,0,0,0,0,0,0,0,36047007800,11220,0,60,70,79,-0.142857,-10,-0.240506,-19
78,2009,4,0,0,0,0,0,0,0,0,0,0,0,36047007800,11220,0,61,58,58,0.051724,3,0.051724,3
78,2009,5,0,0,0,0,0,0,0,0,0,0,0,36047007800,11220,0,61,60,66,0.016667,1,-0.075758,-5
80,2001,1,0,1,0,0,0,0,0,0,0,0,0,36047008000,11220,0,8,8,8,0,0,0,0
80,2001,2,0,0,0,0,0,0,0,0,0,0,0,36047008000,11220,0,5,5,5,0,0,0,0
80,2001,3,0,0,0,0,0,0,0,0,0,0,0,36047008000,11220,0,6,6,6,0,0,0,0
80,2001,4,0,0,0,0,0,0,0,0,0,0,0,36047008000,11220,0,10,10,10,0,0,0,0
80,2001,5,0,0,0,0,0,0,0,0,0,0,0,36047008000,11220,0,9,9,9,0,0,0,0
80,2002,0,0,0,1,0,0,-1,-1,0,0,0,0,36047008000,11220,0,8,4,8,1,4,0,0
80,2002,1,0,0,0,0,0,0,0,0,0,0,0,36047008000,11220,0,3,8,3,-0.625,-5,0,0
80,2002,2,0,0,0,0,0,0,0,0,0,0,0,36047008000,11220,0,7,5,7,0.4,2,0,0
80,2002,3,0,0,0,0,0,0,0,0,0,0,0,36047008000,11220,0,7,6,7,0.166667,1,0,0
80,2002,4,0,0,0,0,0,0,0,0,0,0,0,36047008000,11220,0,4,10,4,-0.6,-6,0,0
80,2002,5,0,0,0,0,0,0,0,0,0,0,0,36047008000,11220,0,8,9,8,-0.111111,-1,0,0
80,2003,0,0,0,0,0,0,0,0,0,0,0,0,36047008000,11220,0,5,8,5,-0.375,-3,0,0
80,2003,1,0,0,0,0,0,0,0,0,0,0,0,36047008000,11220,0,8,3,8,1.666667,5,0,0
80,2003,2,0,0,0,0,0,0,0,0,0,0,0,36047008000,11220,0,4,7,4,-0.428571,-3,0,0
80,2003,3,0,0,0,0,0,0,0,0,0,0,0,36047008000,11220,0,11,7,11,0.571429,4,0,0
80,2003,4,0,0,0,0,0,0,0,0,0,0,0,36047008000,11220,0,7,4,7,0.75,3,0,0
80,2003,5,0,0,0,0,0,0,0,0,0,0,0,36047008000,11220,0,3,8,3,-0.625,-5,0,0
80,2004,0,0,0,0,1,1,0,0,-1,-1,-1,-1,36047008000,11220,0,3,5,4,-0.4,-2,-0.25,-1
80,2004,1,0,0,0,0,0,0,0,0,0,0,0,36047008000,11220,0,8,8,8,0,0,0,0
80,2004,2,0,0,0,0,0,0,0,0,0,0,0,36047008000,11220,0,5,4,5,0.25,1,0,0
80,2004,3,0,0,0,0,0,0,0,0,0,0,0,36047008000,11220,0,5,11,6,-0.545455,-6,-0.166667,-1
80,2004,4,0,0,0,0,0,0,0,0,0,0,0,36047008000,11220,0,11,7,10,0.571429,4,0.1,1
80,2004,5,0,0,0,0,0,0,0,0,0,0,0,36047008000,11220,0,4,3,9,0.333333,1,-0.555556,-5
80,2005,0,0,0,0,0,0,0,0,0,0,0,0,36047008000,11220,0,7,3,8,1.333333,4,-0.125,-1
80,2005,1,0,0,0,0,0,0,0,0,0,0,0,36047008000,11220,0,6,8,3,-0.25,-2,1,3
80,2005,2,0,0,0,0,0,0,0,0,0,0,0,36047008000,11220,0,10,5,7,1,5,0.428571,3
80,2005,3,0,0,0,0,0,0,0,0,0,0,0,36047008000,11220,0,5,5,7,0,0,-0.285714,-2
80,2005,4,0,0,0,0,0,0,0,0,0,0,0,36047008000,11220,0,5,11,4,-0.545455,-6,0.25,1
80,2005,5,0,0,0,0,0,0,0,0,0,0,0,36047008000,11220,0,12,4,8,2,8,0.5,4
80,2006,0,0,0,0,0,0,0,0,0,0,0,0,36047008000,11220,0,4,7,5,-0.428571,-3,-0.2,-1
80,2006,1,0,0,0,0,0,0,0,0,0,0,0,36047008000,11220,0,7,6,8,0.166667,1,-0.125,-1
80,2006,2,0,0,0,0,0,0,0,0,0,0,0,36047008000,11220,0,6,10,4,-0.4,-4,0.5,2
80,2006,3,0,0,0,0,0,0,0,0,0,0,0,36047008000,11220,0,9,5,11,0.8,4,-0.181818,-2
80,2006,4,0,0,0,0,0,0,0,0,0,0,0,36047008000,11220,0,4,5,7,-0.2,-1,-0.428571,-3
80,2006,5,0,0,0,0,0,0,0,0,0,0,0,36047008000,11220,0,6,12,3,-0.5,-6,1,3
80,2007,0,0,0,0,0,0,0,0,0,0,0,0,36047008000,11220,0,8,4,3,1,4,1.666667,5
80,2007,1,0,0,0,0,0,0,0,0,0,0,0,36047008000,11220,0,5,7,8,-0.285714,-2,-0.375,-3
80,2007,2,0,0,0,0,0,0,0,0,0,0,0,36047008000,11220,0,8,6,5,0.333333,2,0.6,3
80,2007,3,0,0,0,0,0,0,0,0,0,0,0,36047008000,11220,0,6,9,5,-0.333333,-3,0.2,1
80,2007,4,0,0,0,0,0,0,0,0,0,0,0,36047008000,11220,0,11,4,11,1.75,7,0,0
80,2007,5,0,0,0,0,0,0,0,0,0,0,0,36047008000,11220,0,6,6,4,0,0,0.5,2
80,2008,0,0,0,0,0,0,0,0,0,0,0,0,36047008000,11220,0,6,8,7,-0.25,-2,-0.142857,-1
80,2008,1,0,0,0,0,0,0,0,0,0,0,0,36047008000,11220,0,10,5,6,1,5,0.666667,4
18,2001,0,0,0,0,0,0,0,0,0,0,0,0,36047001800,11220,0,92,92,92,0,0,0,0
18,2001,1,0,0,0,0,0,0,0,0,0,0,0,36047001800,11220,0,102,102,102,0,0,0,0
18,2001,3,0,1,0,0,0,0,0,0,0,0,0,36047001800,11220,0,89,89,89,0,0,0,0
18,2001,4,0,0,0,0,0,0,0,0,0,0,0,36047001800,11220,0,90,90,90,0,0,0,0
18,2001,5,0,0,0,0,0,0,0,0,0,0,0,36047001800,11220,0,92,92,92,0,0,0,0
18,2002,0,0,0,0,0,0,0,0,0,0,0,0,36047001800,11220,0,91,92,91,-0.01087,-1,0,0
18,2002,1,0,0,0,0,0,0,0,0,0,0,0,36047001800,11220,0,94,102,94,-0.078431,-8,0,0
18,2002,2,0,0,1,0,0,-1,-1,0,0,0,0,36047001800,11220,0,110,102,110,0.078431,8,0,0
18,2002,4,0,1,0,0,0,0,0,0,0,0,0,36047001800,11220,0,84,90,84,-0.066667,-6,0,0
18,2002,5,0,0,0,0,0,0,0,0,0,0,0,36047001800,11220,0,80,92,80,-0.130435,-12,0,0
18,2003,1,0,1,0,0,0,0,0,0,0,0,0,36047001800,11220,0,97,94,97,0.031915,3,0,0
18,2003,2,0,0,0,0,0,0,0,0,0,0,0,36047001800,11220,0,94,110,94,-0.145455,-16,0,0
18,2003,5,0,1,0,0,0,0,0,0,0,0,0,36047001800,11220,0,75,80,75,-0.0625,-5,0,0
18,2004,0,0,0,1,0,0,-1,-1,0,0,0,0,36047001800,11220,0,75,89,92,-0.157303,-14,-0.184783,-17
18,2004,2,0,1,0,1,1,0,0,-1,-1,-1,-1,36047001800,11220,0,94,94,102,0,0,-0.078431,-8
18,2004,3,0,0,1,0,0,-1,-1,0,0,0,0,36047001800,11220,0,96,108,89,-0.111111,-12,0.078652,7
18,2004,4,0,0,1,0,0,-1,-1,0,0,0,0,36047001800,11220,0,102,93,90,0.096774,9,0.133333,12
18,2005,0,0,0,0,0,0,0,0,0,0,0,0,36047001800,11220,0,89,75,91,0.186667,14,-0.021978,-2
18,2005,1,0,0,1,0,0,-1,-1,0,0,0,0,36047001800,11220,0,95,95,94,0,0,0.010638,1
18,2005,3,0,1,0,1,1,0,0,-1,-1,-1,-1,36047001800,11220,0,86,96,100,-0.104167,-10,-0.14,-14
18,2005,5,0,1,1,0,0,-1,-1,0,0,0,0,36047001800,11220,0,104,86,80,0.209302,18,0.3,24
18,2006,0,0,0,0,1,1,0,0,-1,-1,-1,-1,36047001800,11220,0,74,89,89,-0.168539,-15,-0.168539,-15
18,2006,1,0,0,0,0,0,0,0,0,0,0,0,36047001800,11220,0,88,95,97,-0.073684,-7,-0.092784,-9
18,2006,2,0,0,1,0,0,-1,-1,0,0,0,0,36047001800,11220,0,90,97,94,-0.072165,-7,-0.042553,-4
18,2006,4,0,1,1,1,1,-1,-1,-1,-1,-1,-1,36047001800,11220,0,81,87,93,-0.068966,-6,-0.129032,-12
18,2006,5,0,0,0,0,0,0,0,0,0,0,0,36047001800,11220,0,87,104,75,-0.163462,-17,0.16,12
18,2007,0,0,0,0,0,0,0,0,0,0,0,0,36047001800,11220,0,68,74,75,-0.081081,-6,-0.093333,-7
18,2007,1,0,0,0,1,1,0,0,-1,-1,-1,-1,36047001800,11220,0,77,88,95,-0.125,-11,-0.189474,-18
18,2007,2,0,0,0,0,0,0,0,0,0,0,0,36047001800,11220,0,90,90,94,0,0,-0.042553,-4
18,2007,3,0,0,1,0,0,-1,-1,0,0,0,0,36047001800,11220,0,89,94,96,-0.053191,-5,-0.072917,-7
18,2007,5,0,1,0,1,1,0,0,-1,-1,-1,-1,36047001800,11220,0,76,87,86,-0.126437,-11,-0.116279,-10
18,2008,0,0,0,0,0,0,0,0,0,0,0,0,36047001800,11220,0,73,68,89,0.073529,5,-0.179775,-16
18,2008,1,0,0,0,0,0,0,0,0,0,0,0,36047001800,11220,0,81,77,95,0.051948,4,-0.147368,-14
18,2008,2,0,0,0,1,1,0,0,-1,-1,-1,-1,36047001800,11220,0,83,90,97,-0.077778,-7,-0.14433,-14
18,2008,3,0,0,0,0,0,0,0,0,0,0,0,36047001800,11220,0,86,89,86,-0.033708,-3,0,0
18,2008,4,0,0,1,1,1,-1,-1,-1,-1,-1,-1,36047001800,11220,0,92,89,87,0.033708,3,0.057471,5
18,2009,0,0,0,0,0,0,0,0,0,0,0,0,36047001800,11220,0,87,73,74,0.191781,14,0.175676,13
18,2009,1,0,0,0,0,0,0,0,0,0,0,0,36047001800,11220,0,89,81,88,0.098765,8,0.011364,1
18,2009,2,0,0,0,0,0,0,0,0,0,0,0,36047001800,11220,0,92,83,90,0.108434,9,0.022222,2
18,2009,3,0,0,0,1,1,0,0,-1,-1,-1,-1,36047001800,11220,0,74,86,94,-0.139535,-12,-0.212766,-20
18,2009,4,0,0,0,0,0,0,0,0,0,0,0,36047001800,11220,0,78,92,81,-0.152174,-14,-0.037037,-3
18,2009,5,0,0,1,0,0,-1,-1,0,0,0,0,36047001800,11220,0,92,78,87,0.179487,14,0.057471,5
51,2001,0,0,0,0,0,0,0,0,0,0,0,0,36047005100,11231,0,0,0,0,0,0,0,0
51,2001,1,0,0,0,0,0,0,0,0,0,0,0,36047005100,11231,0,0,0,0,0,0,0,0
51,2001,2,0,0,0,0,0,0,0,0,0,0,0,36047005100,11231,0,0,0,0,0,0,0,0
51,2001,3,0,0,0,0,0,0,0,0,0,0,0,36047005100,11231,0,0,0,0,0,0,0,0
51,2001,4,0,0,0,0,0,0,0,0,0,0,0,36047005100,11231,0,0,0,0,0,0,0,0
51,2002,0,0,0,0,0,0,0,0,0,0,0,0,36047005100,11231,0,0,0,0,0,0,0,0
51,2002,1,0,0,0,0,0,0,0,0,0,0,0,36047005100,11231,0,0,0,0,0,0,0,0
51,2002,2,0,0,0,0,0,0,0,0,0,0,0,36047005100,11231,0,0,0,0,0,0,0,0
51,2002,3,0,0,0,0,0,0,0,0,0,0,0,36047005100,11231,0,0,0,0,0,0,0,0
51,2002,4,0,0,0,0,0,0,0,0,0,0,0,36047005100,11231,0,0,0,0,0,0,0,0
51,2002,5,0,0,1,0,0,-1,-1,0,0,0,0,36047005100,11231,0,0,0,0,0,0,0,0
51,2003,0,0,0,0,0,0,0,0,0,0,0,0,36047005100,11231,0,0,0,0,0,0,0,0
51,2003,1,0,0,0,0,0,0,0,0,0,0,0,36047005100,11231,0,0,0,0,0,0,0,0
51,2003,2,0,0,0,0,0,0,0,0,0,0,0,36047005100,11231,0,0,0,0,0,0,0,0
51,2003,3,0,0,0,0,0,0,0,0,0,0,0,36047005100,11231,0,0,0,0,0,0,0,0
51,2003,4,0,0,0,0,0,0,0,0,0,0,0,36047005100,11231,0,0,0,0,0,0,0,0
51,2003,5,0,0,0,0,0,0,0,0,0,0,0,36047005100,11231,0,0,0,0,0,0,0,0
51,2004,0,0,0,0,0,0,0,0,0,0,0,0,36047005100,11231,0,0,0,0,0,0,0,0
51,2004,1,0,0,0,0,0,0,0,0,0,0,0,36047005100,11231,0,0,0,0,0,0,0,0
51,2004,2,0,0,0,0,0,0,0,0,0,0,0,36047005100,11231,0,0,0,0,0,0,0,0
51,2004,3,0,0,0,0,0,0,0,0,0,0,0,36047005100,11231,0,0,0,0,0,0,0,0
51,2004,4,0,0,0,0,0,0,0,0,0,0,0,36047005100,11231,0,0,0,0,0,0,0,0
51,2004,5,0,0,0,1,1,0,0,-1,-1,-1,-1,36047005100,11231,0,0,0,0,0,0,0,0
51,2005,0,0,0,0,0,0,0,0,0,0,0,0,36047005100,11231,0,0,0,0,0,0,0,0
51,2005,1,0,0,0,0,0,0,0,0,0,0,0,36047005100,11231,0,0,0,0,0,0,0,0
51,2005,2,0,0,0,0,0,0,0,0,0,0,0,36047005100,11231,0,0,0,0,0,0,0,0
51,2005,3,0,0,0,0,0,0,0,0,0,0,0,36047005100,11231,0,0,0,0,0,0,0,0
51,2005,4,0,0,0,0,0,0,0,0,0,0,0,36047005100,11231,0,0,0,0,0,0,0,0
51,2005,5,0,0,0,0,0,0,0,0,0,0,0,36047005100,11231,0,0,0,0,0,0,0,0
51,2006,0,0,0,0,0,0,0,0,0,0,0,0,36047005100,11231,0,0,0,0,0,0,0,0
51,2006,1,0,0,0,0,0,0,0,0,0,0,0,36047005100,11231,0,0,0,0,0,0,0,0
51,2006,2,0,0,0,0,0,0,0,0,0,0,0,36047005100,11231,0,0,0,0,0,0,0,0
51,2006,3,0,0,0,0,0,0,0,0,0,0,0,36047005100,11231,0,0,0,0,0,0,0,0
51,2006,4,0,0,0,0,0,0,0,0,0,0,0,36047005100,11231,0,0,0,0,0,0,0,0
51,2006,5,0,0,0,0,0,0,0,0,0,0,0,36047005100,11231,0,0,0,0,0,0,0,0
51,2007,0,0,0,0,0,0,0,0,0,0,0,0,36047005100,11231,0,0,0,0,0,0,0,0
51,2007,1,0,0,0,0,0,0,0,0,0,0,0,36047005100,11231,0,0,0,0,0,0,0,0
51,2007,2,0,0,0,0,0,0,0,0,0,0,0,36047005100,11231,0,0,0,0,0,0,0,0
51,2007,3,0,0,0,0,0,0,0,0,0,0,0,36047005100,11231,0,0,0,0,0,0,0,0
51,2007,4,0,0,0,0,0,0,0,0,0,0,0,36047005100,11231,0,0,0,0,0,0,0,0
51,2007,5,0,0,0,0,0,0,0,0,0,0,0,36047005100,11231,0,0,0,0,0,0,0,0
51,2008,0,0,0,0,0,0,0,0,0,0,0,0,36047005100,11231,0,0,0,0,0,0,0,0
428,2005,4,0,0,0,0,0,0,0,0,0,0,0,36047042800,11204,0,30,34,33,-0.117647,-4,-0.090909,-3
428,2005,5,0,0,0,0,0,0,0,0,0,0,0,36047042800,11204,0,29,33,29,-0.121212,-4,0,0
428,2006,0,0,0,0,0,0,0,0,0,0,0,0,36047042800,11204,0,25,28,23,-0.107143,-3,0.086957,2
428,2006,1,0,0,0,0,0,0,0,0,0,0,0,36047042800,11204,0,25,30,29,-0.166667,-5,-0.137931,-4
428,2006,2,0,0,0,0,0,0,0,0,0,0,0,36047042800,11204,0,30,24,27,0.25,6,0.111111,3
428,2006,3,0,0,0,0,0,0,0,0,0,0,0,36047042800,11204,0,19,29,34,-0.344828,-10,-0.441176,-15
428,2006,4,0,0,0,0,0,0,0,0,0,0,0,36047042800,11204,0,32,30,36,0.066667,2,-0.111111,-4
428,2006,5,0,0,0,0,0,0,0,0,0,0,0,36047042800,11204,0,31,29,36,0.068966,2,-0.138889,-5
428,2007,0,0,0,0,0,0,0,0,0,0,0,0,36047042800,11204,0,20,25,28,-0.2,-5,-0.285714,-8
428,2007,1,0,0,0,0,0,0,0,0,0,0,0,36047042800,11204,0,27,25,21,0.08,2,0.285714,6
428,2007,2,0,0,0,0,0,0,0,0,0,0,0,36047042800,11204,0,25,30,29,-0.166667,-5,-0.137931,-4
428,2007,3,0,0,0,0,0,0,0,0,0,0,0,36047042800,11204,0,27,19,24,0.421053,8,0.125,3
428,2007,4,0,0,0,0,0,0,0,0,0,0,0,36047042800,11204,0,20,32,34,-0.375,-12,-0.411765,-14
428,2007,5,0,0,0,0,0,0,0,0,0,0,0,36047042800,11204,0,31,31,33,0,0,-0.060606,-2
428,2008,0,0,0,0,0,0,0,0,0,0,0,0,36047042800,11204,0,30,20,28,0.5,10,0.071429,2
428,2008,1,0,0,0,0,0,0,0,0,0,0,0,36047042800,11204,0,23,27,30,-0.148148,-4,-0.233333,-7
428,2008,2,0,0,0,0,0,0,0,0,0,0,0,36047042800,11204,0,25,25,24,0,0,0.041667,1
428,2008,3,0,0,0,0,0,0,0,0,0,0,0,36047042800,11204,0,29,27,29,0.074074,2,0,0
428,2008,4,0,0,0,0,0,0,0,0,0,0,0,36047042800,11204,0,26,20,30,0.3,6,-0.133333,-4
428,2008,5,0,0,0,0,0,0,0,0,0,0,0,36047042800,11204,0,22,31,29,-0.290323,-9,-0.241379,-7
428,2009,0,0,0,0,0,0,0,0,0,0,0,0,36047042800,11204,0,29,30,25,-0.033333,-1,0.16,4
428,2009,1,0,0,0,0,0,0,0,0,0,0,0,36047042800,11204,0,34,23,25,0.478261,11,0.36,9
428,2009,2,0,0,0,0,0,0,0,0,0,0,0,36047042800,11204,0,29,25,30,0.16,4,-0.033333,-1
428,2009,3,0,0,0,0,0,0,0,0,0,0,0,36047042800,11204,0,29,29,19,0,0,0.526316,10
428,2009,4,0,0,0,0,0,0,0,0,0,0,0,36047042800,11204,0,31,26,32,0.192308,5,-0.03125,-1
428,2009,5,0,0,0,0,0,0,0,0,0,0,0,36047042800,11204,0,27,22,31,0.227273,5,-0.129032,-4
434,2001,0,0,0,0,0,0,0,0,0,0,0,0,36047043400,11204,0,20,20,20,0,0,0,0
434,2001,1,0,0,0,0,0,0,0,0,0,0,0,36047043400,11204,0,9,9,9,0,0,0,0
434,2001,2,0,0,0,0,0,0,0,0,0,0,0,36047043400,11204,0,17,17,17,0,0,0,0
434,2001,3,0,0,0,0,0,0,0,0,0,0,0,36047043400,11204,0,15,15,15,0,0,0,0
434,2001,4,0,0,0,0,0,0,0,0,0,0,0,36047043400,11204,0,14,14,14,0,0,0,0
434,2001,5,0,0,0,0,0,0,0,0,0,0,0,36047043400,11204,0,15,15,15,0,0,0,0
434,2002,0,0,0,0,0,0,0,0,0,0,0,0,36047043400,11204,0,15,20,15,-0.25,-5,0,0
434,2002,2,0,1,0,0,0,0,0,0,0,0,0,36047043400,11204,0,13,17,13,-0.235294,-4,0,0
434,2002,3,0,0,0,0,0,0,0,0,0,0,0,36047043400,11204,0,16,15,16,0.066667,1,0,0
434,2002,4,0,0,0,0,0,0,0,0,0,0,0,36047043400,11204,0,16,14,16,0.142857,2,0,0
434,2002,5,0,0,0,0,0,0,0,0,0,0,0,36047043400,11204,0,19,15,19,0.266667,4,0,0
434,2003,0,0,0,0,0,0,0,0,0,0,0,0,36047043400,11204,0,16,15,16,0.066667,1,0,0
434,2003,1,0,0,1,0,0,-1,-1,0,0,0,0,36047043400,11204,0,14,22,14,-0.363636,-8,0,0
434,2003,2,0,0,0,0,0,0,0,0,0,0,0,36047043400,11204,0,21,13,21,0.615385,8,0,0
434,2003,3,0,0,0,0,0,0,0,0,0,0,0,36047043400,11204,0,11,16,11,-0.3125,-5,0,0
434,2003,4,0,0,0,0,0,0,0,0,0,0,0,36047043400,11204,0,16,16,16,0,0,0,0
434,2003,5,0,0,0,0,0,0,0,0,0,0,0,36047043400,11204,0,15,19,15,-0.210526,-4,0,0
434,2004,0,0,0,0,0,0,0,0,0,0,0,0,36047043400,11204,0,8,16,20,-0.5,-8,-0.6,-12
434,2004,1,0,0,0,0,0,0,0,0,0,0,0,36047043400,11204,0,19,14,9,0.357143,5,1.111111,10
434,2004,2,0,0,0,0,0,0,0,0,0,0,0,36047043400,11204,0,12,21,17,-0.428571,-9,-0.294118,-5
434,2004,3,0,0,0,0,0,0,0,0,0,0,0,36047043400,11204,0,19,11,15,0.727273,8,0.266667,4
434,2004,4,0,0,0,0,0,0,0,0,0,0,0,36047043400,11204,0,14,16,14,-0.125,-2,0,0
434,2004,5,0,0,0,0,0,0,0,0,0,0,0,36047043400,11204,0,15,15,15,0,0,0,0
434,2005,0,0,0,0,0,0,0,0,0,0,0,0,36047043400,11204,0,19,8,15,1.375,11,0.266667,4
434,2005,1,0,0,0,1,1,0,0,-1,-1,-1,-1,36047043400,11204,0,5,19,22,-0.736842,-14,-0.772727,-17
434,2005,2,0,0,0,0,0,0,0,0,0,0,0,36047043400,11204,0,17,12,13,0.416667,5,0.307692,4
434,2005,3,0,0,0,0,0,0,0,0,0,0,0,36047043400,11204,0,14,19,16,-0.263158,-5,-0.125,-2
434,2005,4,0,0,0,0,0,0,0,0,0,0,0,36047043400,11204,0,14,14,16,0,0,-0.125,-2
434,2005,5,0,0,0,0,0,0,0,0,0,0,0,36047043400,11204,0,15,15,19,0,0,-0.210526,-4
434,2006,0,0,0,0,0,0,0,0,0,0,0,0,36047043400,11204,0,10,19,16,-0.473684,-9,-0.375,-6
434,2006,1,0,0,0,0,0,0,0,0,0,0,0,36047043400,11204,0,23,5,14,3.6,18,0.642857,9
434,2006,2,0,0,0,0,0,0,0,0,0,0,0,36047043400,11204,0,4,17,21,-0.764706,-13,-0.809524,-17
434,2006,3,0,0,0,0,0,0,0,0,0,0,0,36047043400,11204,0,19,14,11,0.357143,5,0.727273,8
434,2006,4,0,0,0,0,0,0,0,0,0,0,0,36047043400,11204,0,11,14,16,-0.214286,-3,-0.3125,-5
434,2006,5,0,0,0,0,0,0,0,0,0,0,0,36047043400,11204,0,13,15,15,-0.133333,-2,-0.133333,-2
434,2007,0,0,0,0,0,0,0,0,0,0,0,0,36047043400,11204,0,19,10,8,0.9,9,1.375,11
434,2007,1,0,0,0,0,0,0,0,0,0,0,0,36047043400,11204,0,11,23,19,-0.521739,-12,-0.421053,-8
434,2007,2,0,0,0,0,0,0,0,0,0,0,0,36047043400,11204,0,22,4,12,4.5,18,0.833333,10
434,2007,3,0,0,0,0,0,0,0,0,0,0,0,36047043400,11204,0,5,19,19,-0.736842,-14,-0.736842,-14
434,2007,4,0,0,0,0,0,0,0,0,0,0,0,36047043400,11204,0,18,11,14,0.636364,7,0.285714,4
434,2007,5,0,0,0,0,0,0,0,0,0,0,0,36047043400,11204,0,11,13,15,-0.153846,-2,-0.266667,-4
434,2008,0,0,0,0,0,0,0,0,0,0,0,0,36047043400,11204,0,16,19,19,-0.157895,-3,-0.157895,-3
434,2008,1,0,0,0,0,0,0,0,0,0,0,0,36047043400,11204,0,18,11,5,0.636364,7,2.6,13
434,2008,2,0,0,0,0,0,0,0,0,0,0,0,36047043400,11204,0,13,22,17,-0.409091,-9,-0.235294,-4
434,2008,3,0,0,0,0,0,0,0,0,0,0,0,36047043400,11204,0,19,5,14,2.8,14,0.357143,5
434,2008,4,0,0,0,0,0,0,0,0,0,0,0,36047043400,11204,0,6,18,14,-0.666667,-12,-0.571429,-8
434,2008,5,0,0,0,0,0,0,0,0,0,0,0,36047043400,11204,0,17,11,15,0.545455,6,0.133333,2
434,2009,0,0,0,0,0,0,0,0,0,0,0,0,36047043400,11204,0,13,16,10,-0.1875,-3,0.3,3
434,2009,1,0,0,0,0,0,0,0,0,0,0,0,36047043400,11204,0,15,18,23,-0.166667,-3,-0.347826,-8
434,2009,2,0,0,0,0,0,0,0,0,0,0,0,36047043400,11204,0,22,13,4,0.692308,9,4.5,18
434,2009,3,0,0,0,0,0,0,0,0,0,0,0,36047043400,11204,0,11,19,19,-0.421053,-8,-0.421053,-8
434,2009,4,0,0,0,0,0,0,0,0,0,0,0,36047043400,11204,0,19,6,11,2.166667,13,0.727273,8
434,2009,5,0,0,0,0,0,0,0,0,0,0,0,36047043400,11204,0,8,17,13,-0.529412,-9,-0.384615,-5
436,2001,0,0,0,0,0,0,0,0,0,0,0,0,36047043600,11204,0,21,21,21,0,0,0,0
436,2001,1,0,0,0,0,0,0,0,0,0,0,0,36047043600,11204,0,12,12,12,0,0,0,0
436,2001,3,0,1,0,0,0,0,0,0,0,0,0,36047043600,11204,0,19,19,19,0,0,0,0
436,2001,4,0,0,0,0,0,0,0,0,0,0,0,36047043600,11204,0,15,15,15,0,0,0,0
436,2001,5,0,0,0,0,0,0,0,0,0,0,0,36047043600,11204,0,21,21,21,0,0,0,0
436,2002,0,0,0,0,0,0,0,0,0,0,0,0,36047043600,11204,0,20,21,20,-0.047619,-1,0,0
436,2002,1,0,0,0,0,0,0,0,0,0,0,0,36047043600,11204,0,25,12,25,1.083333,13,0,0
436,2002,2,0,0,1,0,0,-1,-1,0,0,0,0,36047043600,11204,0,18,18,18,0,0,0,0
436,2002,3,0,0,0,0,0,0,0,0,0,0,0,36047043600,11204,0,22,19,22,0.157895,3,0,0
436,2002,4,0,0,0,0,0,0,0,0,0,0,0,36047043600,11204,0,19,15,19,0.266667,4,0,0
436,2002,5,0,0,0,0,0,0,0,0,0,0,0,36047043600,11204,0,20,21,20,-0.047619,-1,0,0
436,2003,0,0,0,0,0,0,0,0,0,0,0,0,36047043600,11204,0,20,20,20,0,0,0,0
436,2003,1,0,0,0,0,0,0,0,0,0,0,0,36047043600,11204,0,18,25,18,-0.28,-7,0,0
436,2003,2,0,0,0,0,0,0,0,0,0,0,0,36047043600,11204,0,24,18,24,0.333333,6,0,0
436,2003,3,0,0,0,0,0,0,0,0,0,0,0,36047043600,11204,0,15,22,15,-0.318182,-7,0,0
436,2003,4,0,0,0,0,0,0,0,0,0,0,0,36047043600,11204,0,23,19,23,0.210526,4,0,0
436,2003,5,0,0,0,0,0,0,0,0,0,0,0,36047043600,11204,0,17,20,17,-0.15,-3,0,0
436,2004,0,0,0,0,0,0,0,0,0,0,0,0,36047043600,11204,0,11,20,21,-0.45,-9,-0.47619,-10
436,2004,1,0,0,0,0,0,0,0,0,0,0,0,36047043600,11204,0,23,18,12,0.277778,5,0.916667,11
436,2004,2,0,0,0,1,1,0,0,-1,-1,-1,-1,36047043600,11204,0,16,24,18,-0.333333,-8,-0.111111,-2
436,2004,3,0,0,0,0,0,0,0,0,0,0,0,36047043600,11204,0,21,15,19,0.4,6,0.105263,2
436,2004,4,0,0,0,0,0,0,0,0,0,0,0,36047043600,11204,0,19,23,15,-0.173913,-4,0.266667,4
436,2004,5,0,0,0,0,0,0,0,0,0,0,0,36047043600,11204,0,23,17,21,0.352941,6,0.095238,2
436,2005,0,0,0,0,0,0,0,0,0,0,0,0,36047043600,11204,0,22,11,20,1,11,0.1,2
436,2005,1,0,0,0,0,0,0,0,0,0,0,0,36047043600,11204,0,6,23,25,-0.73913,-17,-0.76,-19
436,2005,2,0,0,0,0,0,0,0,0,0,0,0,36047043600,11204,0,21,16,18,0.3125,5,0.166667,3
436,2005,3,0,0,0,0,0,0,0,0,0,0,0,36047043600,11204,0,17,21,22,-0.190476,-4,-0.227273,-5
436,2005,4,0,0,0,0,0,0,0,0,0,0,0,36047043600,11204,0,16,19,19,-0.157895,-3,-0.157895,-3
436,2005,5,0,0,0,0,0,0,0,0,0,0,0,36047043600,11204,0,20,23,20,-0.130435,-3,0,0
436,2006,0,0,0,0,0,0,0,0,0,0,0,0,36047043600,11204,0,18,22,20,-0.181818,-4,-0.1,-2
436,2006,1,0,0,0,0,0,0,0,0,0,0,0,36047043600,11204,0,28,6,18,3.666667,22,0.555556,10
436,2006,2,0,0,0,0,0,0,0,0,0,0,0,36047043600,11204,0,6,21,24,-0.714286,-15,-0.75,-18
436,2006,3,0,0,0,0,0,0,0,0,0,0,0,36047043600,11204,0,24,17,15,0.411765,7,0.6,9
436,2006,4,0,0,0,0,0,0,0,0,0,0,0,36047043600,11204,0,15,16,23,-0.0625,-1,-0.347826,-8
436,2006,5,0,0,0,0,0,0,0,0,0,0,0,36047043600,11204,0,15,20,17,-0.25,-5,-0.117647,-2
436,2007,0,0,0,0,0,0,0,0,0,0,0,0,36047043600,11204,0,23,18,11,0.277778,5,1.090909,12
436,2007,1,0,0,0,0,0,0,0,0,0,0,0,36047043600,11204,0,19,28,23,-0.321429,-9,-0.173913,-4
436,2007,2,0,0,0,0,0,0,0,0,0,0,0,36047043600,11204,0,25,6,16,3.166667,19,0.5625,9
436,2007,3,0,0,0,0,0,0,0,0,0,0,0,36047043600,11204,0,8,24,21,-0.666667,-16,-0.619048,-13
436,2007,4,0,0,0,0,0,0,0,0,0,0,0,36047043600,11204,0,23,15,19,0.533333,8,0.210526,4
436,2007,5,0,0,0,0,0,0,0,0,0,0,0,36047043600,11204,0,14,15,23,-0.066667,-1,-0.391304,-9
436,2008,0,0,0,0,0,0,0,0,0,0,0,0,36047043600,11204,0,21,23,22,-0.086957,-2,-0.045455,-1
436,2008,1,0,0,0,0,0,0,0,0,0,0,0,36047043600,11204,0,24,19,6,0.263158,5,3,18
436,2008,2,0,0,0,0,0,0,0,0,0,0,0,36047043600,11204,0,22,25,21,-0.12,-3,0.047619,1
436,2008,3,0,0,0,0,0,0,0,0,0,0,0,36047043600,11204,0,21,8,17,1.625,13,0.235294,4
436,2008,4,0,0,0,0,0,0,0,0,0,0,0,36047043600,11204,0,8,23,16,-0.652174,-15,-0.5,-8
436,2008,5,0,0,0,0,0,0,0,0,0,0,0,36047043600,11204,0,21,14,20,0.5,7,0.05,1
436,2009,0,0,0,0,0,0,0,0,0,0,0,0,36047043600,11204,0,16,21,18,-0.238095,-5,-0.111111,-2
436,2009,1,0,0,0,0,0,0,0,0,0,0,0,36047043600,11204,0,22,24,28,-0.083333,-2,-0.214286,-6
436,2009,2,0,0,0,0,0,0,0,0,0,0,0,36047043600,11204,0,28,22,6,0.272727,6,3.666667,22
436,2009,3,0,0,0,0,0,0,0,0,0,0,0,36047043600,11204,0,19,21,24,-0.095238,-2,-0.208333,-5
436,2009,4,0,0,0,0,0,0,0,0,0,0,0,36047043600,11204,0,22,8,15,1.75,14,0.466667,7
436,2009,5,0,0,0,0,0,0,0,0,0,0,0,36047043600,11204,0,9,21,15,-0.571429,-12,-0.4,-6
46201,2001,3,0,2,0,0,0,0,0,0,0,0,0,36047046201,11230,0,40,40,40,0,0,0,0
46201,2002,4,0,2,1,0,0,-1,-1,0,0,0,0,36047046201,11230,0,32,40,32,-0.2,-8,0,0
46201,2003,5,0,2,2,0,0,-1,-2,0,0,0,0,36047046201,11230,0,31,36,31,-0.138889,-5,0,0
46201,2005,2,0,1,1,2,2,-1,-1,-1,-2,-1,-2,36047046201,11230,0,35,31,35,0.129032,4,0,0
46201,2005,3,0,0,1,2,2,-1,-1,-1,-2,-1,-2,36047046201,11230,0,31,42,42,-0.261905,-11,-0.261905,-11
46201,2005,4,0,0,2,0,0,-1,-2,0,0,0,0,36047046201,11230,0,32,26,32,0.230769,6,0,0
46201,2006,0,0,0,2,1,1,-1,-2,-1,-1,-1,-1,36047046201,11230,0,27,29,30,-0.068966,-2,-0.1,-3
46201,2006,3,0,1,0,2,2,0,0,-1,-2,-1,-2,36047046201,11230,0,34,31,31,0.096774,3,0.096774,3
46201,2006,4,0,0,0,2,2,0,0,-1,-2,-1,-2,36047046201,11230,0,33,32,39,0.03125,1,-0.153846,-6
46201,2006,5,0,0,1,0,0,-1,-1,0,0,0,0,36047046201,11230,0,29,27,31,0.074074,2,-0.064516,-2
46201,2007,1,0,2,1,1,1,-1,-1,-1,-1,-1,-1,36047046201,11230,0,28,24,31,0.166667,4,-0.096774,-3
46201,2007,3,0,1,0,1,1,0,0,-1,-1,-1,-1,36047046201,11230,0,33,34,42,-0.029412,-1,-0.214286,-9
46201,2007,4,0,0,0,2,2,0,0,-1,-2,-1,-2,36047046201,11230,0,29,33,26,-0.121212,-4,0.115385,3
46201,2007,5,0,0,0,1,1,0,0,-1,-1,-1,-1,36047046201,11230,0,34,29,37,0.172414,5,-0.081081,-3
46201,2008,2,0,2,1,0,0,-1,-1,0,0,0,0,36047046201,11230,1,26,22,35,0.181818,4,-0.257143,-9
46201,2008,3,0,0,0,0,0,0,0,0,0,0,0,36047046201,11230,0,22,33,31,-0.333333,-11,-0.290323,-9
46201,2009,0,0,0,1,0,0,-1,-1,0,0,0,0,36047046201,11230,0,37,39,27,-0.051282,-2,0.37037,10
46201,2009,4,0,1,1,0,0,-1,-1,0,0,0,0,36047046201,11230,0,22,28,33,-0.214286,-6,-0.333333,-11
46201,2009,5,0,0,1,0,0,-1,-1,0,0,0,0,36047046201,11230,0,30,33,29,-0.090909,-3,0.034483,1
464,2001,0,0,0,0,0,0,0,0,0,0,0,0,36047046400,11204,0,5,5,5,0,0,0,0
464,2001,1,0,0,0,0,0,0,0,0,0,0,0,36047046400,11204,0,4,4,4,0,0,0,0
464,2001,2,0,0,0,0,0,0,0,0,0,0,0,36047046400,11204,0,7,7,7,0,0,0,0
464,2001,4,0,1,0,0,0,0,0,0,0,0,0,36047046400,11204,0,6,6,6,0,0,0,0
464,2002,0,0,0,0,0,0,0,0,0,0,0,0,36047046400,11204,0,4,5,4,-0.2,-1,0,0
464,2002,1,0,0,0,0,0,0,0,0,0,0,0,36047046400,11204,0,5,4,5,0.25,1,0,0
464,2002,2,0,0,0,0,0,0,0,0,0,0,0,36047046400,11204,0,4,7,4,-0.428571,-3,0,0
464,2002,3,0,0,1,0,0,-1,-1,0,0,0,0,36047046400,11204,0,7,8,7,-0.125,-1,0,0
464,2002,5,0,1,1,0,0,-1,-1,0,0,0,0,36047046400,11204,0,8,9,8,-0.111111,-1,0,0
464,2003,0,0,0,0,0,0,0,0,0,0,0,0,36047046400,11204,0,4,4,4,0,0,0,0
464,2003,1,0,0,0,0,0,0,0,0,0,0,0,36047046400,11204,0,5,5,5,0,0,0,0
464,2003,2,0,0,0,0,0,0,0,0,0,0,0,36047046400,11204,0,3,4,3,-0.25,-1,0,0
464,2003,3,0,0,0,0,0,0,0,0,0,0,0,36047046400,11204,0,2,7,2,-0.714286,-5,0,0
464,2003,4,0,0,1,0,0,-1,-1,0,0,0,0,36047046400,11204,0,7,7,7,0,0,0,0
464,2003,5,0,0,0,0,0,0,0,0,0,0,0,36047046400,11204,0,5,8,5,-0.375,-3,0,0
464,2004,0,0,0,0,0,0,0,0,0,0,0,0,36047046400,11204,0,7,4,5,0.75,3,0.4,2
464,2004,1,0,0,0,0,0,0,0,0,0,0,0,36047046400,11204,0,6,5,4,0.2,1,0.5,2
464,2004,2,0,0,0,0,0,0,0,0,0,0,0,36047046400,11204,0,5,3,7,0.666667,2,-0.285714,-2
464,2004,3,0,0,0,1,1,0,0,-1,-1,-1,-1,36047046400,11204,0,1,2,8,-0.5,-1,-0.875,-7
464,2004,4,0,0,0,0,0,0,0,0,0,0,0,36047046400,11204,0,2,7,6,-0.714286,-5,-0.666667,-4
464,2004,5,0,0,0,1,1,0,0,-1,-1,-1,-1,36047046400,11204,0,7,5,9,0.4,2,-0.222222,-2
464,2005,0,0,0,0,0,0,0,0,0,0,0,0,36047046400,11204,0,4,7,4,-0.428571,-3,0,0
464,2005,1,0,0,0,0,0,0,0,0,0,0,0,36047046400,11204,0,6,6,5,0,0,0.2,1
464,2005,2,0,0,0,0,0,0,0,0,0,0,0,36047046400,11204,0,5,5,4,0,0,0.25,1
464,2005,3,0,0,0,0,0,0,0,0,0,0,0,36047046400,11204,0,3,1,7,2,2,-0.571429,-4
464,2005,4,0,0,0,1,1,0,0,-1,-1,-1,-1,36047046400,11204,0,0,2,7,-1,-2,-1,-7
464,2005,5,0,0,0,0,0,0,0,0,0,0,0,36047046400,11204,0,2,7,8,-0.714286,-5,-0.75,-6
464,2006,0,0,0,0,0,0,0,0,0,0,0,0,36047046400,11204,0,3,4,4,-0.25,-1,-0.25,-1
464,2006,1,0,0,0,0,0,0,0,0,0,0,0,36047046400,11204,0,4,6,5,-0.333333,-2,-0.2,-1
464,2006,2,0,0,0,0,0,0,0,0,0,0,0,36047046400,11204,0,5,5,3,0,0,0.666667,2
464,2006,4,0,1,0,0,0,0,0,0,0,0,0,36047046400,11204,0,2,0,7,1,2,-0.714286,-5
464,2006,5,0,0,0,0,0,0,0,0,0,0,0,36047046400,11204,0,0,2,5,-1,-2,-1,-5
464,2007,0,0,0,0,0,0,0,0,0,0,0,0,36047046400,11204,0,4,3,7,0.333333,1,-0.428571,-3
464,2007,1,0,0,0,0,0,0,0,0,0,0,0,36047046400,11204,0,1,4,6,-0.75,-3,-0.833333,-5
464,2007,2,0,0,0,0,0,0,0,0,0,0,0,36047046400,11204,0,6,5,5,0.2,1,0.2,1
464,2007,3,0,0,1,0,0,-1,-1,0,0,0,0,36047046400,11204,0,3,4,1,-0.25,-1,2,2
464,2007,5,0,1,0,0,0,0,0,0,0,0,0,36047046400,11204,0,2,0,7,1,2,-0.714286,-5
464,2008,1,0,1,0,0,0,0,0,0,0,0,0,36047046400,11204,0,4,1,6,3,3,-0.333333,-2
464,2008,2,0,0,0,0,0,0,0,0,0,0,0,36047046400,11204,0,1,6,5,-0.833333,-5,-0.8,-4
464,2008,3,0,0,0,0,0,0,0,0,0,0,0,36047046400,11204,0,3,3,3,0,0,0,0
464,2008,4,0,0,1,0,0,-1,-1,0,0,0,0,36047046400,11204,0,4,2,0,1,2,1,4
464,2009,0,0,0,1,0,0,-1,-1,0,0,0,0,36047046400,11204,0,2,3,3,-0.333333,-1,-0.333333,-1
464,2009,2,0,1,0,0,0,0,0,0,0,0,0,36047046400,11204,0,5,1,5,4,4,0,0
464,2009,3,0,0,0,1,1,0,0,-1,-1,-1,-1,36047046400,11204,0,2,3,4,-0.333333,-1,-0.5,-2
464,2009,4,0,0,0,0,0,0,0,0,0,0,0,36047046400,11204,0,3,4,2,-0.25,-1,0.5,1
464,2009,5,0,0,1,0,0,-1,-1,0,0,0,0,36047046400,11204,0,2,2,0,0,0,1,2
468,2001,0,0,0,0,0,0,0,0,0,0,0,0,36047046800,11204,0,43,43,43,0,0,0,0
468,2001,1,0,0,0,0,0,0,0,0,0,0,0,36047046800,11204,0,61,61,61,0,0,0,0
468,2001,2,0,0,0,0,0,0,0,0,0,0,0,36047046800,11204,0,55,55,55,0,0,0,0
468,2002,1,0,1,0,0,0,0,0,0,0,0,0,36047046800,11204,0,48,61,48,-0.213115,-13,0,0
468,2002,2,0,0,0,0,0,0,0,0,0,0,0,36047046800,11204,0,54,55,54,-0.018182,-1,0,0
468,2003,2,0,2,0,0,0,0,0,0,0,0,0,36047046800,11204,0,53,54,53,-0.018519,-1,0,0
468,2003,3,0,0,1,0,0,-1,-1,0,0,0,0,36047046800,11204,0,48,59,48,-0.186441,-11,0,0
468,2004,1,0,2,2,0,0,-1,-2,0,0,0,0,36047046800,11204,0,55,56,61,-0.017857,-1,-0.098361,-6
468,2004,3,0,2,0,1,1,0,0,-1,-1,-1,-1,36047046800,11204,0,54,48,65,0.125,6,-0.169231,-11
468,2004,4,0,0,1,1,1,-1,-1,-1,-1,-1,-1,36047046800,11204,0,44,72,53,-0.388889,-28,-0.169811,-9
468,2005,2,0,2,2,0,0,-1,-2,0,0,0,0,36047046800,11204,0,56,48,54,0.166667,8,0.037037,2
468,2005,4,0,1,0,2,2,0,0,-1,-2,-1,-2,36047046800,11204,0,56,44,61,0.272727,12,-0.081967,-5
468,2005,5,0,0,1,1,1,-1,-1,-1,-1,-1,-1,36047046800,11204,0,45,68,58,-0.338235,-23,-0.224138,-13
468,2006,3,0,3,1,0,0,-1,-1,0,0,0,0,36047046800,11204,0,55,36,48,0.527778,19,0.145833,7
468,2006,4,0,0,0,1,1,0,0,-1,-1,-1,-1,36047046800,11204,0,38,56,72,-0.321429,-18,-0.472222,-34
468,2006,5,0,0,0,2,2,0,0,-1,-2,-1,-2,36047046800,11204,0,51,45,56,0.133333,6,-0.089286,-5
468,2007,0,0,0,1,2,2,-1,-1,-1,-2,-1,-2,36047046800,11204,0,42,49,56,-0.142857,-7,-0.25,-14
468,2007,4,0,2,0,0,0,0,0,0,0,0,0,36047046800,11204,0,53,38,44,0.394737,15,0.204545,9
468,2007,5,0,0,0,1,1,0,0,-1,-1,-1,-1,36047046800,11204,0,42,51,68,-0.176471,-9,-0.382353,-26
468,2008,1,0,1,1,2,2,-1,-1,-1,-2,-1,-2,36047046800,11204,0,41,50,54,-0.18,-9,-0.240741,-13
468,2008,5,0,2,0,0,0,0,0,0,0,0,0,36047046800,11204,0,57,42,45,0.357143,15,0.266667,12
468,2009,2,0,1,1,3,3,-1,-1,-1,-3,-1,-3,36047046800,11204,0,50,57,52,-0.122807,-7,-0.038462,-2
468,2009,5,0,1,0,0,0,0,0,0,0,0,0,36047046800,11204,0,57,57,51,0,0,0.117647,6
470,2001,4,0,3,0,0,0,0,0,0,0,0,0,36047047000,11204,0,61,61,61,0,0,0,0
470,2002,0,0,0,1,0,0,-1,-1,0,0,0,0,36047047000,11204,0,52,39,52,0.333333,13,0,0
470,2002,5,0,3,2,0,0,-1,-2,0,0,0,0,36047047000,11204,1,66,58,66,0.137931,8,0,0
470,2003,1,0,1,1,0,0,-1,-1,0,0,0,0,36047047000,11204,0,54,45,54,0.2,9,0,0
470,2003,3,0,1,2,0,0,-1,-2,0,0,0,0,36047047000,11204,0,62,54,62,0.148148,8,0,0
470,2004,2,0,1,1,3,3,-1,-1,-1,-3,-1,-3,36047047000,11204,0,46,47,55,-0.021277,-1,-0.163636,-9
470,2005,2,0,1,0,2,2,0,0,-1,-2,-1,-2,36047047000,11204,0,55,46,72,0.195652,9,-0.236111,-17
470,2005,5,0,2,3,0,0,-1,-3,0,0,0,0,36047047000,11204,0,54,53,66,0.018868,1,-0.181818,-12
470,2007,3,0,1,1,2,2,-1,-1,-1,-2,-1,-2,36047047000,11204,0,53,49,39,0.081633,4,0.358974,14
470,2008,0,0,0,1,1,1,-1,-1,-1,-1,-1,-1,36047047000,11204,1,49,31,53,0.580645,18,-0.075472,-4
470,2008,4,0,1,1,2,2,-1,-1,-1,-2,-1,-2,36047047000,11204,0,49,43,40,0.139535,6,0.225,9
470,2009,3,0,1,1,1,1,-1,-1,-1,-1,-1,-1,36047047000,11204,0,42,38,49,0.105263,4,-0.142857,-7
470,2009,5,0,1,1,1,1,-1,-1,-1,-1,-1,-1,36047047000,11204,0,48,43,36,0.116279,5,0.333333,12
472,2001,0,0,0,0,0,0,0,0,0,0,0,0,36047047200,11204,0,20,20,20,0,0,0,0
472,2001,1,0,0,0,0,0,0,0,0,0,0,0,36047047200,11204,0,30,30,30,0,0,0,0
472,2002,1,0,2,0,0,0,0,0,0,0,0,0,36047047200,11204,0,23,30,23,-0.233333,-7,0,0
472,2002,2,0,0,2,0,0,-1,-2,0,0,0,0,36047047200,11204,0,27,31,27,-0.129032,-4,0,0
472,2003,0,0,0,2,0,0,-1,-2,0,0,0,0,36047047200,11204,0,25,26,25,-0.038462,-1,0,0
472,2003,2,0,1,0,0,0,0,0,0,0,0,0,36047047200,11204,0,23,27,23,-0.148148,-4,0,0
472,2003,3,0,0,2,0,0,-1,-2,0,0,0,0,36047047200,11204,0,19,35,19,-0.457143,-16,0,0
472,2003,5,0,2,1,0,0,-1,-1,0,0,0,0,36047047200,11204,0,36,32,36,0.125,4,0,0
472,2004,0,0,0,0,0,0,0,0,0,0,0,0,36047047200,11204,0,26,25,20,0.04,1,0.3,6
472,2004,1,0,0,1,0,0,-1,-1,0,0,0,0,36047047200,11204,0,28,29,30,-0.034483,-1,-0.066667,-2
472,2004,3,0,1,0,1,1,0,0,-1,-1,-1,-1,36047047200,11204,0,19,19,44,0,0,-0.568182,-25
472,2004,4,0,0,2,1,1,-1,-2,-1,-1,-1,-1,36047047200,11204,0,19,34,26,-0.441176,-15,-0.269231,-7
472,2005,1,0,1,0,0,0,0,0,0,0,0,0,36047047200,11204,0,29,28,23,0.035714,1,0.26087,6
472,2005,2,0,0,1,0,0,-1,-1,0,0,0,0,36047047200,11204,0,30,20,27,0.5,10,0.111111,3
472,2005,3,0,0,0,2,2,0,0,-1,-2,-1,-2,36047047200,11204,0,16,19,35,-0.157895,-3,-0.542857,-19
472,2005,4,0,0,0,1,1,0,0,-1,-1,-1,-1,36047047200,11204,0,20,19,42,0.052632,1,-0.52381,-22
472,2005,5,0,0,2,1,1,-1,-2,-1,-1,-1,-1,36047047200,11204,0,16,31,32,-0.483871,-15,-0.5,-16
472,2006,0,0,0,1,0,0,-1,-1,0,0,0,0,36047047200,11204,0,19,24,25,-0.208333,-5,-0.24,-6
472,2006,1,0,0,0,1,1,0,0,-1,-1,-1,-1,36047047200,11204,0,27,29,29,-0.068966,-2,-0.068966,-2
472,2006,2,0,0,0,0,0,0,0,0,0,0,0,36047047200,11204,0,27,30,23,-0.1,-3,0.173913,4
472,2006,3,0,0,0,0,0,0,0,0,0,0,0,36047047200,11204,0,31,16,19,0.9375,15,0.631579,12
472,2006,4,0,0,0,2,2,0,0,-1,-2,-1,-2,36047047200,11204,0,15,20,34,-0.25,-5,-0.558824,-19
472,2006,5,0,0,0,0,0,0,0,0,0,0,0,36047047200,11204,0,17,16,36,0.0625,1,-0.527778,-19
472,2007,0,0,0,0,0,0,0,0,0,0,0,0,36047047200,11204,0,18,19,26,-0.052632,-1,-0.307692,-8
472,2007,1,0,0,0,0,0,0,0,0,0,0,0,36047047200,11204,0,17,27,28,-0.37037,-10,-0.392857,-11
472,2007,2,0,0,0,1,1,0,0,-1,-1,-1,-1,36047047200,11204,0,25,27,20,-0.074074,-2,0.25,5
472,2007,3,0,0,0,0,0,0,0,0,0,0,0,36047047200,11204,0,24,31,19,-0.225806,-7,0.263158,5
472,2007,4,0,0,0,0,0,0,0,0,0,0,0,36047047200,11204,0,24,15,19,0.6,9,0.263158,5
472,2007,5,0,0,0,2,2,0,0,-1,-2,-1,-2,36047047200,11204,0,16,17,31,-0.058824,-1,-0.483871,-15
472,2008,0,0,0,0,1,1,0,0,-1,-1,-1,-1,36047047200,11204,0,28,18,24,0.555556,10,0.166667,4
472,2008,1,0,0,0,0,0,0,0,0,0,0,0,36047047200,11204,0,14,17,29,-0.176471,-3,-0.517241,-15
472,2008,2,0,0,0,0,0,0,0,0,0,0,0,36047047200,11204,0,22,25,30,-0.12,-3,-0.266667,-8
472,2008,3,0,0,0,0,0,0,0,0,0,0,0,36047047200,11204,0,18,24,16,-0.25,-6,0.125,2
472,2008,4,0,0,0,0,0,0,0,0,0,0,0,36047047200,11204,0,26,24,20,0.083333,2,0.3,6
472,2008,5,0,0,0,0,0,0,0,0,0,0,0,36047047200,11204,0,23,16,16,0.4375,7,0.4375,7
472,2009,0,0,0,0,0,0,0,0,0,0,0,0,36047047200,11204,0,22,28,19,-0.214286,-6,0.157895,3
472,2009,1,0,0,0,0,0,0,0,0,0,0,0,36047047200,11204,0,33,14,27,1.357143,19,0.222222,6
472,2009,3,0,1,0,0,0,0,0,0,0,0,0,36047047200,11204,0,16,18,31,-0.111111,-2,-0.483871,-15
472,2009,4,0,0,0,0,0,0,0,0,0,0,0,36047047200,11204,0,20,26,15,-0.230769,-6,0.333333,5
472,2009,5,0,0,0,0,0,0,0,0,0,0,0,36047047200,11204,0,29,23,17,0.26087,6,0.705882,12
474,2002,0,0,0,1,0,0,-1,-1,0,0,0,0,36047047400,11204,1,22,22,22,0,0,0,0
474,2003,3,0,1,2,0,0,-1,-2,0,0,0,0,36047047400,11204,0,20,40,20,-0.5,-20,0,0
474,2004,3,0,1,0,6,6,0,0,-1,-6,-1,-6,36047047400,11204,1,16,20,40,-0.2,-4,-0.6,-24
474,2004,4,0,0,2,3,3,-1,-2,-1,-3,-1,-3,36047047400,11204,0,16,35,22,-0.542857,-19,-0.272727,-6
474,2005,0,0,0,4,0,0,-1,-4,0,0,0,0,36047047400,11204,0,15,17,22,-0.117647,-2,-0.318182,-7
474,2005,4,0,2,0,4,4,0,0,-1,-4,-1,-4,36047047400,11204,0,15,16,34,-0.0625,-1,-0.558824,-19
474,2006,5,0,2,1,3,3,-1,-1,-1,-3,-1,-3,36047047400,11204,0,9,14,29,-0.357143,-5,-0.689655,-20
474,2007,1,0,2,2,5,5,-1,-2,-1,-5,-1,-5,36047047400,11204,0,15,15,17,0,0,-0.117647,-2
474,2008,2,0,2,3,5,5,-1,-3,-1,-5,-1,-5,36047047400,11204,1,17,13,17,0.307692,4,0,0
474,2009,3,0,3,2,4,4,-1,-2,-1,-4,-1,-4,36047047400,11204,0,13,8,15,0.625,5,-0.133333,-2
476,2007,2,0,2,2,3,3,-1,-2,-1,-3,-1,-3,36047047600,11204,0,16,18,26,-0.111111,-2,-0.384615,-10
476,2007,3,0,0,2,4,4,-1,-2,-1,-4,-1,-4,36047047600,11204,0,13,17,18,-0.235294,-4,-0.277778,-5
476,2007,5,0,2,2,5,5,-1,-2,-1,-5,-1,-5,36047047600,11204,0,18,12,42,0.5,6,-0.571429,-24
476,2008,3,0,2,0,3,3,0,0,-1,-3,-1,-3,36047047600,11204,0,10,13,25,-0.230769,-3,-0.6,-15
476,2008,4,0,0,2,3,3,-1,-2,-1,-3,-1,-3,36047047600,11204,0,13,14,17,-0.071429,-1,-0.235294,-4
476,2009,4,0,1,0,2,2,0,0,-1,-2,-1,-2,36047047600,11204,0,12,13,22,-0.076923,-1,-0.454545,-10
476,2009,5,0,0,1,2,2,-1,-1,-1,-2,-1,-2,36047047600,11204,0,13,14,12,-0.071429,-1,0.083333,1
489,2001,0,0,0,0,0,0,0,0,0,0,0,0,36047048900,11206,0,0,0,0,0,0,0,0
489,2001,1,0,0,0,0,0,0,0,0,0,0,0,36047048900,11206,0,0,0,0,0,0,0,0
489,2001,2,0,0,0,0,0,0,0,0,0,0,0,36047048900,11206,0,0,0,0,0,0,0,0
489,2001,3,0,0,0,0,0,0,0,0,0,0,0,36047048900,11206,0,0,0,0,0,0,0,0
489,2001,4,0,0,0,0,0,0,0,0,0,0,0,36047048900,11206,0,0,0,0,0,0,0,0
489,2001,5,0,0,0,0,0,0,0,0,0,0,0,36047048900,11206,0,0,0,0,0,0,0,0
489,2002,0,0,0,0,0,0,0,0,0,0,0,0,36047048900,11206,0,0,0,0,0,0,0,0
489,2002,1,0,0,0,0,0,0,0,0,0,0,0,36047048900,11206,0,0,0,0,0,0,0,0
489,2002,2,0,0,0,0,0,0,0,0,0,0,0,36047048900,11206,0,0,0,0,0,0,0,0
489,2002,3,0,0,0,0,0,0,0,0,0,0,0,36047048900,11206,0,0,0,0,0,0,0,0
489,2002,4,0,0,0,0,0,0,0,0,0,0,0,36047048900,11206,0,0,0,0,0,0,0,0
489,2002,5,0,0,0,0,0,0,0,0,0,0,0,36047048900,11206,0,0,0,0,0,0,0,0
489,2003,0,0,0,0,0,0,0,0,0,0,0,0,36047048900,11206,0,0,0,0,0,0,0,0
489,2003,1,0,0,0,0,0,0,0,0,0,0,0,36047048900,11206,0,0,0,0,0,0,0,0
489,2003,2,0,0,0,0,0,0,0,0,0,0,0,36047048900,11206,0,0,0,0,0,0,0,0
489,2003,3,0,0,0,0,0,0,0,0,0,0,0,36047048900,11206,0,0,0,0,0,0,0,0
489,2003,4,0,0,0,0,0,0,0,0,0,0,0,36047048900,11206,0,0,0,0,0,0,0,0
489,2003,5,0,0,0,0,0,0,0,0,0,0,0,36047048900,11206,0,0,0,0,0,0,0,0
489,2004,0,0,0,0,0,0,0,0,0,0,0,0,36047048900,11206,0,0,0,0,0,0,0,0
489,2004,1,0,0,0,0,0,0,0,0,0,0,0,36047048900,11206,0,0,0,0,0,0,0,0
489,2004,2,0,0,0,0,0,0,0,0,0,0,0,36047048900,11206,0,0,0,0,0,0,0,0
489,2004,3,0,0,0,0,0,0,0,0,0,0,0,36047048900,11206,0,0,0,0,0,0,0,0
489,2004,4,0,0,0,0,0,0,0,0,0,0,0,36047048900,11206,0,0,0,0,0,0,0,0
489,2004,5,0,0,0,0,0,0,0,0,0,0,0,36047048900,11206,0,0,0,0,0,0,0,0
489,2005,0,0,0,0,0,0,0,0,0,0,0,0,36047048900,11206,0,0,0,0,0,0,0,0
489,2005,1,0,0,0,0,0,0,0,0,0,0,0,36047048900,11206,0,0,0,0,0,0,0,0
489,2005,2,0,0,0,0,0,0,0,0,0,0,0,36047048900,11206,0,0,0,0,0,0,0,0
489,2005,3,0,0,0,0,0,0,0,0,0,0,0,36047048900,11206,0,0,0,0,0,0,0,0
489,2005,4,0,0,0,0,0,0,0,0,0,0,0,36047048900,11206,0,0,0,0,0,0,0,0
489,2005,5,0,0,0,0,0,0,0,0,0,0,0,36047048900,11206,0,0,0,0,0,0,0,0
489,2006,0,0,0,0,0,0,0,0,0,0,0,0,36047048900,11206,0,0,0,0,0,0,0,0
489,2006,1,0,0,0,0,0,0,0,0,0,0,0,36047048900,11206,0,0,0,0,0,0,0,0
489,2006,2,0,0,0,0,0,0,0,0,0,0,0,36047048900,11206,0,0,0,0,0,0,0,0
489,2006,3,0,0,0,0,0,0,0,0,0,0,0,36047048900,11206,0,0,0,0,0,0,0,0
489,2006,4,0,0,0,0,0,0,0,0,0,0,0,36047048900,11206,0,0,0,0,0,0,0,0
489,2006,5,0,0,0,0,0,0,0,0,0,0,0,36047048900,11206,0,0,0,0,0,0,0,0
489,2007,0,0,0,0,0,0,0,0,0,0,0,0,36047048900,11206,0,0,0,0,0,0,0,0
489,2007,1,0,0,0,0,0,0,0,0,0,0,0,36047048900,11206,0,0,0,0,0,0,0,0
489,2007,3,0,1,0,0,0,0,0,0,0,0,0,36047048900,11206,0,0,0,0,0,0,0,0
489,2007,4,0,0,0,0,0,0,0,0,0,0,0,36047048900,11206,0,0,0,0,0,0,0,0
489,2007,5,0,0,0,0,0,0,0,0,0,0,0,36047048900,11206,0,0,0,0,0,0,0,0
489,2008,0,0,0,0,0,0,0,0,0,0,0,0,36047048900,11206,0,0,0,0,0,0,0,0
489,2008,1,0,0,0,0,0,0,0,0,0,0,0,36047048900,11206,0,0,0,0,0,0,0,0
489,2008,3,0,1,0,0,0,0,0,0,0,0,0,36047048900,11206,0,0,0,0,0,0,0,0
489,2008,4,0,0,0,0,0,0,0,0,0,0,0,36047048900,11206,0,0,0,0,0,0,0,0
489,2008,5,0,0,0,0,0,0,0,0,0,0,0,36047048900,11206,0,0,0,0,0,0,0,0
489,2009,0,0,0,0,0,0,0,0,0,0,0,0,36047048900,11206,0,0,0,0,0,0,0,0
489,2009,1,0,0,0,0,0,0,0,0,0,0,0,36047048900,11206,0,0,0,0,0,0,0,0
489,2009,2,0,0,1,0,0,-1,-1,0,0,0,0,36047048900,11206,0,0,0,0,0,0,0,0
489,2009,3,0,0,0,0,0,0,0,0,0,0,0,36047048900,11206,0,0,0,0,0,0,0,0
489,2009,4,0,0,0,0,0,0,0,0,0,0,0,36047048900,11206,0,0,0,0,0,0,0,0
489,2009,5,0,0,0,0,0,0,0,0,0,0,0,36047048900,11206,0,0,0,0,0,0,0,0
61002,2001,0,0,0,0,0,0,0,0,0,0,0,0,36047061002,11235,0,0,0,0,0,0,0,0
61002,2001,1,0,0,0,0,0,0,0,0,0,0,0,36047061002,11235,0,0,0,0,0,0,0,0
61002,2001,2,0,0,0,0,0,0,0,0,0,0,0,36047061002,11235,0,0,0,0,0,0,0,0
61002,2001,3,0,0,0,0,0,0,0,0,0,0,0,36047061002,11235,0,0,0,0,0,0,0,0
61002,2001,4,0,0,0,0,0,0,0,0,0,0,0,36047061002,11235,0,0,0,0,0,0,0,0
61002,2001,5,0,0,0,0,0,0,0,0,0,0,0,36047061002,11235,0,0,0,0,0,0,0,0
61002,2002,0,0,0,0,0,0,0,0,0,0,0,0,36047061002,11235,0,0,0,0,0,0,0,0
61002,2002,1,0,0,0,0,0,0,0,0,0,0,0,36047061002,11235,0,0,0,0,0,0,0,0
61002,2002,2,0,0,0,0,0,0,0,0,0,0,0,36047061002,11235,0,0,0,0,0,0,0,0
61002,2002,3,0,0,0,0,0,0,0,0,0,0,0,36047061002,11235,0,0,0,0,0,0,0,0
61002,2002,4,0,0,0,0,0,0,0,0,0,0,0,36047061002,11235,0,0,0,0,0,0,0,0
61002,2002,5,0,0,0,0,0,0,0,0,0,0,0,36047061002,11235,0,0,0,0,0,0,0,0
61002,2003,0,0,0,0,0,0,0,0,0,0,0,0,36047061002,11235,0,0,0,0,0,0,0,0
61002,2003,1,0,0,0,0,0,0,0,0,0,0,0,36047061002,11235,0,0,0,0,0,0,0,0
61002,2003,2,0,0,0,0,0,0,0,0,0,0,0,36047061002,11235,0,0,0,0,0,0,0,0
61002,2003,3,0,0,0,0,0,0,0,0,0,0,0,36047061002,11235,0,0,0,0,0,0,0,0
61002,2003,4,0,0,0,0,0,0,0,0,0,0,0,36047061002,11235,0,0,0,0,0,0,0,0
61002,2004,0,0,0,0,0,0,0,0,0,0,0,0,36047061002,11235,0,0,0,0,0,0,0,0
61002,2004,1,0,0,0,0,0,0,0,0,0,0,0,36047061002,11235,0,0,0,0,0,0,0,0
61002,2004,2,0,0,0,0,0,0,0,0,0,0,0,36047061002,11235,0,0,0,0,0,0,0,0
61002,2004,3,0,0,0,0,0,0,0,0,0,0,0,36047061002,11235,0,0,0,0,0,0,0,0
61002,2004,4,0,0,0,0,0,0,0,0,0,0,0,36047061002,11235,0,0,0,0,0,0,0,0
61002,2004,5,0,0,1,0,0,-1,-1,0,0,0,0,36047061002,11235,0,0,0,0,0,0,0,0
61002,2005,0,0,0,0,0,0,0,0,0,0,0,0,36047061002,11235,0,0,0,0,0,0,0,0
61002,2005,1,0,0,0,0,0,0,0,0,0,0,0,36047061002,11235,0,0,0,0,0,0,0,0
61002,2005,2,0,0,0,0,0,0,0,0,0,0,0,36047061002,11235,0,0,0,0,0,0,0,0
61002,2005,3,0,0,0,0,0,0,0,0,0,0,0,36047061002,11235,0,0,0,0,0,0,0,0
61002,2005,4,0,0,0,0,0,0,0,0,0,0,0,36047061002,11235,0,0,0,0,0,0,0,0
61002,2005,5,0,0,0,0,0,0,0,0,0,0,0,36047061002,11235,0,0,0,0,0,0,0,0
61002,2006,0,0,0,0,0,0,0,0,0,0,0,0,36047061002,11235,0,0,0,0,0,0,0,0
61002,2006,1,0,0,0,0,0,0,0,0,0,0,0,36047061002,11235,0,0,0,0,0,0,0,0
61002,2006,2,0,0,0,0,0,0,0,0,0,0,0,36047061002,11235,0,0,0,0,0,0,0,0
61002,2006,3,0,0,0,0,0,0,0,0,0,0,0,36047061002,11235,0,0,0,0,0,0,0,0
61002,2006,4,0,0,0,0,0,0,0,0,0,0,0,36047061002,11235,0,0,0,0,0,0,0,0
61002,2006,5,0,0,0,1,1,0,0,-1,-1,-1,-1,36047061002,11235,0,0,0,0,0,0,0,0
61002,2007,0,0,0,0,0,0,0,0,0,0,0,0,36047061002,11235,0,0,0,0,0,0,0,0
61002,2007,1,0,0,0,0,0,0,0,0,0,0,0,36047061002,11235,0,0,0,0,0,0,0,0
61002,2007,2,0,0,0,0,0,0,0,0,0,0,0,36047061002,11235,0,0,0,0,0,0,0,0
61002,2007,3,0,0,0,0,0,0,0,0,0,0,0,36047061002,11235,0,0,0,0,0,0,0,0
61002,2007,4,0,0,0,0,0,0,0,0,0,0,0,36047061002,11235,0,0,0,0,0,0,0,0
61002,2007,5,0,0,0,0,0,0,0,0,0,0,0,36047061002,11235,0,0,0,0,0,0,0,0
61002,2008,0,0,0,0,0,0,0,0,0,0,0,0,36047061002,11235,0,0,0,0,0,0,0,0
61002,2008,1,0,0,0,0,0,0,0,0,0,0,0,36047061002,11235,0,0,0,0,0,0,0,0
61002,2008,2,0,0,0,0,0,0,0,0,0,0,0,36047061002,11235,0,0,0,0,0,0,0,0
61002,2008,3,0,0,0,0,0,0,0,0,0,0,0,36047061002,11235,0,0,0,0,0,0,0,0
61002,2008,4,0,0,0,0,0,0,0,0,0,0,0,36047061002,11235,0,0,0,0,0,0,0,0
61002,2008,5,0,0,0,0,0,0,0,0,0,0,0,36047061002,11235,0,0,0,0,0,0,0,0
61002,2009,0,0,0,0,0,0,0,0,0,0,0,0,36047061002,11235,0,0,0,0,0,0,0,0
61002,2009,1,0,0,0,0,0,0,0,0,0,0,0,36047061002,11235,0,0,0,0,0,0,0,0
61002,2009,2,0,0,0,0,0,0,0,0,0,0,0,36047061002,11235,0,0,0,0,0,0,0,0
61002,2009,3,0,0,0,0,0,0,0,0,0,0,0,36047061002,11235,0,0,0,0,0,0,0,0
61002,2009,4,0,0,0,0,0,0,0,0,0,0,0,36047061002,11235,0,0,0,0,0,0,0,0
61002,2009,5,0,0,0,0,0,0,0,0,0,0,0,36047061002,11235,0,0,0,0,0,0,0,0
726,2001,0,0,0,0,0,0,0,0,0,0,0,0,36047072600,11203,0,0,0,0,0,0,0,0
726,2001,1,0,0,0,0,0,0,0,0,0,0,0,36047072600,11203,0,0,0,0,0,0,0,0
726,2001,2,0,0,0,0,0,0,0,0,0,0,0,36047072600,11203,0,0,0,0,0,0,0,0
726,2001,3,0,0,0,0,0,0,0,0,0,0,0,36047072600,11203,0,0,0,0,0,0,0,0
726,2001,4,0,0,0,0,0,0,0,0,0,0,0,36047072600,11203,0,0,0,0,0,0,0,0
726,2001,5,0,0,0,0,0,0,0,0,0,0,0,36047072600,11203,0,0,0,0,0,0,0,0
726,2002,0,0,0,0,0,0,0,0,0,0,0,0,36047072600,11203,0,0,0,0,0,0,0,0
726,2002,1,0,0,0,0,0,0,0,0,0,0,0,36047072600,11203,0,0,0,0,0,0,0,0
726,2002,2,0,0,0,0,0,0,0,0,0,0,0,36047072600,11203,0,0,0,0,0,0,0,0
726,2002,3,0,0,0,0,0,0,0,0,0,0,0,36047072600,11203,0,0,0,0,0,0,0,0
726,2002,4,0,0,0,0,0,0,0,0,0,0,0,36047072600,11203,0,0,0,0,0,0,0,0
726,2003,0,0,0,0,0,0,0,0,0,0,0,0,36047072600,11203,0,0,0,0,0,0,0,0
726,2003,1,0,0,0,0,0,0,0,0,0,0,0,36047072600,11203,0,0,0,0,0,0,0,0
726,2003,2,0,0,0,0,0,0,0,0,0,0,0,36047072600,11203,0,0,0,0,0,0,0,0
726,2003,3,0,0,0,0,0,0,0,0,0,0,0,36047072600,11203,0,0,0,0,0,0,0,0
726,2003,4,0,0,0,0,0,0,0,0,0,0,0,36047072600,11203,0,0,0,0,0,0,0,0
726,2003,5,0,0,1,0,0,-1,-1,0,0,0,0,36047072600,11203,0,0,0,0,0,0,0,0
726,2004,0,0,0,0,0,0,0,0,0,0,0,0,36047072600,11203,0,0,0,0,0,0,0,0
726,2004,1,0,0,0,0,0,0,0,0,0,0,0,36047072600,11203,0,0,0,0,0,0,0,0
726,2004,2,0,0,0,0,0,0,0,0,0,0,0,36047072600,11203,0,0,0,0,0,0,0,0
726,2004,3,0,0,0,0,0,0,0,0,0,0,0,36047072600,11203,0,0,0,0,0,0,0,0
726,2004,4,0,0,0,0,0,0,0,0,0,0,0,36047072600,11203,0,0,0,0,0,0,0,0
726,2004,5,0,0,0,0,0,0,0,0,0,0,0,36047072600,11203,0,0,0,0,0,0,0,0
726,2005,0,0,0,0,0,0,0,0,0,0,0,0,36047072600,11203,0,0,0,0,0,0,0,0
726,2005,1,0,0,0,0,0,0,0,0,0,0,0,36047072600,11203,0,0,0,0,0,0,0,0
726,2005,2,0,0,0,0,0,0,0,0,0,0,0,36047072600,11203,0,0,0,0,0,0,0,0
726,2005,3,0,0,0,0,0,0,0,0,0,0,0,36047072600,11203,0,0,0,0,0,0,0,0
726,2005,4,0,0,0,0,0,0,0,0,0,0,0,36047072600,11203,0,0,0,0,0,0,0,0
726,2005,5,0,0,0,1,1,0,0,-1,-1,-1,-1,36047072600,11203,0,0,0,0,0,0,0,0
726,2006,0,0,0,0,0,0,0,0,0,0,0,0,36047072600,11203,0,0,0,0,0,0,0,0
726,2006,1,0,0,0,0,0,0,0,0,0,0,0,36047072600,11203,0,0,0,0,0,0,0,0
726,2006,2,0,0,0,0,0,0,0,0,0,0,0,36047072600,11203,0,0,0,0,0,0,0,0
726,2006,3,0,0,0,0,0,0,0,0,0,0,0,36047072600,11203,0,0,0,0,0,0,0,0
726,2006,4,0,0,0,0,0,0,0,0,0,0,0,36047072600,11203,0,0,0,0,0,0,0,0
726,2006,5,0,0,0,0,0,0,0,0,0,0,0,36047072600,11203,0,0,0,0,0,0,0,0
726,2007,0,0,0,0,0,0,0,0,0,0,0,0,36047072600,11203,0,0,0,0,0,0,0,0
726,2007,1,0,0,0,0,0,0,0,0,0,0,0,36047072600,11203,0,0,0,0,0,0,0,0
726,2007,2,0,0,0,0,0,0,0,0,0,0,0,36047072600,11203,0,0,0,0,0,0,0,0
726,2007,3,0,0,0,0,0,0,0,0,0,0,0,36047072600,11203,0,0,0,0,0,0,0,0
726,2007,4,0,0,0,0,0,0,0,0,0,0,0,36047072600,11203,0,0,0,0,0,0,0,0
726,2007,5,0,0,0,0,0,0,0,0,0,0,0,36047072600,11203,0,0,0,0,0,0,0,0
726,2008,0,0,0,0,0,0,0,0,0,0,0,0,36047072600,11203,0,0,0,0,0,0,0,0
726,2008,1,0,0,0,0,0,0,0,0,0,0,0,36047072600,11203,0,0,0,0,0,0,0,0
726,2008,2,0,0,0,0,0,0,0,0,0,0,0,36047072600,11203,0,0,0,0,0,0,0,0
726,2008,3,0,0,0,0,0,0,0,0,0,0,0,36047072600,11203,0,0,0,0,0,0,0,0
726,2008,4,0,0,0,0,0,0,0,0,0,0,0,36047072600,11203,0,0,0,0,0,0,0,0
726,2008,5,0,0,0,0,0,0,0,0,0,0,0,36047072600,11203,0,0,0,0,0,0,0,0
726,2009,0,0,0,0,0,0,0,0,0,0,0,0,36047072600,11203,0,0,0,0,0,0,0,0
726,2009,1,0,0,0,0,0,0,0,0,0,0,0,36047072600,11203,0,0,0,0,0,0,0,0
726,2009,2,0,0,0,0,0,0,0,0,0,0,0,36047072600,11203,0,0,0,0,0,0,0,0
726,2009,3,0,0,0,0,0,0,0,0,0,0,0,36047072600,11203,0,0,0,0,0,0,0,0
726,2009,4,0,0,0,0,0,0,0,0,0,0,0,36047072600,11203,0,0,0,0,0,0,0,0
726,2009,5,0,0,0,0,0,0,0,0,0,0,0,36047072600,11203,0,0,0,0,0,0,0,0
902,2001,0,0,0,0,0,0,0,0,0,0,0,0,36047090200,11212,0,0,0,0,0,0,0,0
902,2001,1,0,0,0,0,0,0,0,0,0,0,0,36047090200,11212,0,0,0,0,0,0,0,0
902,2001,2,0,0,0,0,0,0,0,0,0,0,0,36047090200,11212,0,0,0,0,0,0,0,0
902,2001,3,0,0,0,0,0,0,0,0,0,0,0,36047090200,11212,0,0,0,0,0,0,0,0
902,2001,4,0,0,0,0,0,0,0,0,0,0,0,36047090200,11212,0,0,0,0,0,0,0,0
902,2001,5,0,0,0,0,0,0,0,0,0,0,0,36047090200,11212,0,0,0,0,0,0,0,0
902,2002,0,0,0,0,0,0,0,0,0,0,0,0,36047090200,11212,0,0,0,0,0,0,0,0
902,2002,1,0,0,0,0,0,0,0,0,0,0,0,36047090200,11212,0,0,0,0,0,0,0,0
902,2002,2,0,0,0,0,0,0,0,0,0,0,0,36047090200,11212,0,0,0,0,0,0,0,0
902,2002,3,0,0,0,0,0,0,0,0,0,0,0,36047090200,11212,0,0,0,0,0,0,0,0
902,2002,4,0,0,0,0,0,0,0,0,0,0,0,36047090200,11212,0,0,0,0,0,0,0,0
902,2002,5,0,0,0,0,0,0,0,0,0,0,0,36047090200,11212,0,0,0,0,0,0,0,0
902,2003,0,0,0,0,0,0,0,0,0,0,0,0,36047090200,11212,0,0,0,0,0,0,0,0
902,2003,1,0,0,0,0,0,0,0,0,0,0,0,36047090200,11212,0,0,0,0,0,0,0,0
902,2003,2,0,0,0,0,0,0,0,0,0,0,0,36047090200,11212,0,0,0,0,0,0,0,0
902,2003,3,0,0,0,0,0,0,0,0,0,0,0,36047090200,11212,0,0,0,0,0,0,0,0
902,2003,4,0,0,0,0,0,0,0,0,0,0,0,36047090200,11212,0,0,0,0,0,0,0,0
902,2003,5,0,0,0,0,0,0,0,0,0,0,0,36047090200,11212,0,0,0,0,0,0,0,0
902,2004,0,0,0,0,0,0,0,0,0,0,0,0,36047090200,11212,0,0,0,0,0,0,0,0
902,2004,1,0,0,0,0,0,0,0,0,0,0,0,36047090200,11212,0,0,0,0,0,0,0,0
902,2004,2,0,0,0,0,0,0,0,0,0,0,0,36047090200,11212,0,0,0,0,0,0,0,0
902,2004,3,0,0,0,0,0,0,0,0,0,0,0,36047090200,11212,0,0,0,0,0,0,0,0
902,2004,4,0,0,0,0,0,0,0,0,0,0,0,36047090200,11212,0,0,0,0,0,0,0,0
902,2004,5,0,0,0,0,0,0,0,0,0,0,0,36047090200,11212,0,0,0,0,0,0,0,0
902,2005,0,0,0,0,0,0,0,0,0,0,0,0,36047090200,11212,0,0,0,0,0,0,0,0
902,2005,1,0,0,0,0,0,0,0,0,0,0,0,36047090200,11212,0,0,0,0,0,0,0,0
902,2005,2,0,0,0,0,0,0,0,0,0,0,0,36047090200,11212,0,0,0,0,0,0,0,0
902,2005,3,0,0,0,0,0,0,0,0,0,0,0,36047090200,11212,0,0,0,0,0,0,0,0
902,2005,4,0,0,0,0,0,0,0,0,0,0,0,36047090200,11212,0,0,0,0,0,0,0,0
902,2005,5,0,0,0,0,0,0,0,0,0,0,0,36047090200,11212,0,0,0,0,0,0,0,0
902,2006,1,0,1,0,0,0,0,0,0,0,0,0,36047090200,11212,0,0,0,0,0,0,0,0
902,2006,2,0,0,0,0,0,0,0,0,0,0,0,36047090200,11212,0,0,0,0,0,0,0,0
902,2006,3,0,0,0,0,0,0,0,0,0,0,0,36047090200,11212,0,0,0,0,0,0,0,0
902,2006,4,0,0,0,0,0,0,0,0,0,0,0,36047090200,11212,0,0,0,0,0,0,0,0
902,2006,5,0,0,0,0,0,0,0,0,0,0,0,36047090200,11212,0,0,0,0,0,0,0,0
902,2007,0,0,0,1,0,0,-1,-1,0,0,0,0,36047090200,11212,0,0,0,0,0,0,0,0
902,2007,1,0,0,0,0,0,0,0,0,0,0,0,36047090200,11212,0,0,0,0,0,0,0,0
902,2007,2,0,0,0,0,0,0,0,0,0,0,0,36047090200,11212,0,0,0,0,0,0,0,0
902,2007,3,0,0,0,0,0,0,0,0,0,0,0,36047090200,11212,0,0,0,0,0,0,0,0
902,2007,4,0,0,0,0,0,0,0,0,0,0,0,36047090200,11212,0,0,0,0,0,0,0,0
902,2007,5,0,0,0,0,0,0,0,0,0,0,0,36047090200,11212,0,0,0,0,0,0,0,0
902,2008,0,0,0,0,0,0,0,0,0,0,0,0,36047090200,11212,0,0,0,0,0,0,0,0
902,2008,1,0,0,0,0,0,0,0,0,0,0,0,36047090200,11212,0,0,0,0,0,0,0,0
902,2008,2,0,0,0,0,0,0,0,0,0,0,0,36047090200,11212,0,0,0,0,0,0,0,0
902,2008,3,0,0,0,0,0,0,0,0,0,0,0,36047090200,11212,0,0,0,0,0,0,0,0
902,2008,4,0,0,0,0,0,0,0,0,0,0,0,36047090200,11212,0,0,0,0,0,0,0,0
902,2008,5,0,0,0,0,0,0,0,0,0,0,0,36047090200,11212,0,0,0,0,0,0,0,0
902,2009,0,0,0,0,1,1,0,0,-1,-1,-1,-1,36047090200,11212,0,0,0,0,0,0,0,0
902,2009,1,0,0,0,0,0,0,0,0,0,0,0,36047090200,11212,0,0,0,0,0,0,0,0
902,2009,2,0,0,0,0,0,0,0,0,0,0,0,36047090200,11212,0,0,0,0,0,0,0,0
902,2009,3,0,0,0,0,0,0,0,0,0,0,0,36047090200,11212,0,0,0,0,0,0,0,0
902,2009,4,0,0,0,0,0,0,0,0,0,0,0,36047090200,11212,0,0,0,0,0,0,0,0
902,2009,5,0,0,0,0,0,0,0,0,0,0,0,36047090200,11212,0,0,0,0,0,0,0,0
906,2001,0,0,0,0,0,0,0,0,0,0,0,0,36047090600,11212,0,0,0,0,0,0,0,0
906,2001,1,0,0,0,0,0,0,0,0,0,0,0,36047090600,11212,0,0,0,0,0,0,0,0
906,2001,2,0,0,0,0,0,0,0,0,0,0,0,36047090600,11212,0,0,0,0,0,0,0,0
906,2001,3,0,0,0,0,0,0,0,0,0,0,0,36047090600,11212,0,0,0,0,0,0,0,0
906,2001,4,0,0,0,0,0,0,0,0,0,0,0,36047090600,11212,0,0,0,0,0,0,0,0
906,2001,5,0,0,0,0,0,0,0,0,0,0,0,36047090600,11212,0,0,0,0,0,0,0,0
906,2002,0,0,0,0,0,0,0,0,0,0,0,0,36047090600,11212,0,0,0,0,0,0,0,0
906,2002,1,0,0,0,0,0,0,0,0,0,0,0,36047090600,11212,0,0,0,0,0,0,0,0
906,2002,2,0,0,0,0,0,0,0,0,0,0,0,36047090600,11212,0,0,0,0,0,0,0,0
906,2002,3,0,0,0,0,0,0,0,0,0,0,0,36047090600,11212,0,0,0,0,0,0,0,0
906,2002,4,0,0,0,0,0,0,0,0,0,0,0,36047090600,11212,0,0,0,0,0,0,0,0
906,2002,5,0,0,0,0,0,0,0,0,0,0,0,36047090600,11212,0,0,0,0,0,0,0,0
906,2003,0,0,0,0,0,0,0,0,0,0,0,0,36047090600,11212,0,0,0,0,0,0,0,0
906,2003,1,0,0,0,0,0,0,0,0,0,0,0,36047090600,11212,0,0,0,0,0,0,0,0
906,2003,2,0,0,0,0,0,0,0,0,0,0,0,36047090600,11212,0,0,0,0,0,0,0,0
906,2003,3,0,0,0,0,0,0,0,0,0,0,0,36047090600,11212,0,0,0,0,0,0,0,0
906,2003,4,0,0,0,0,0,0,0,0,0,0,0,36047090600,11212,0,0,0,0,0,0,0,0
906,2003,5,0,0,0,0,0,0,0,0,0,0,0,36047090600,11212,0,0,0,0,0,0,0,0
906,2004,0,0,0,0,0,0,0,0,0,0,0,0,36047090600,11212,0,0,0,0,0,0,0,0
906,2004,1,0,0,0,0,0,0,0,0,0,0,0,36047090600,11212,0,0,0,0,0,0,0,0
906,2004,2,0,0,0,0,0,0,0,0,0,0,0,36047090600,11212,0,0,0,0,0,0,0,0
906,2004,3,0,0,0,0,0,0,0,0,0,0,0,36047090600,11212,0,0,0,0,0,0,0,0
906,2004,4,0,0,0,0,0,0,0,0,0,0,0,36047090600,11212,0,0,0,0,0,0,0,0
906,2004,5,0,0,0,0,0,0,0,0,0,0,0,36047090600,11212,0,0,0,0,0,0,0,0
906,2005,0,0,0,0,0,0,0,0,0,0,0,0,36047090600,11212,0,0,0,0,0,0,0,0
906,2005,1,0,0,0,0,0,0,0,0,0,0,0,36047090600,11212,0,0,0,0,0,0,0,0
906,2005,2,0,0,0,0,0,0,0,0,0,0,0,36047090600,11212,0,0,0,0,0,0,0,0
906,2005,3,0,0,0,0,0,0,0,0,0,0,0,36047090600,11212,0,0,0,0,0,0,0,0
906,2005,4,0,0,0,0,0,0,0,0,0,0,0,36047090600,11212,0,0,0,0,0,0,0,0
906,2005,5,0,0,0,0,0,0,0,0,0,0,0,36047090600,11212,0,0,0,0,0,0,0,0
906,2006,0,0,0,0,0,0,0,0,0,0,0,0,36047090600,11212,0,1,0,0,1,1,1,1
906,2006,1,0,0,0,0,0,0,0,0,0,0,0,36047090600,11212,0,0,0,0,0,0,0,0
906,2006,2,0,0,0,0,0,0,0,0,0,0,0,36047090600,11212,0,0,0,0,0,0,0,0
906,2006,3,0,0,0,0,0,0,0,0,0,0,0,36047090600,11212,0,0,0,0,0,0,0,0
906,2006,4,0,0,0,0,0,0,0,0,0,0,0,36047090600,11212,0,0,0,0,0,0,0,0
906,2006,5,0,0,0,0,0,0,0,0,0,0,0,36047090600,11212,0,0,0,0,0,0,0,0
906,2007,0,0,0,0,0,0,0,0,0,0,0,0,36047090600,11212,0,0,1,0,-1,-1,0,0
906,2007,2,0,1,0,0,0,0,0,0,0,0,0,36047090600,11212,0,0,0,0,0,0,0,0
906,2007,3,0,0,0,0,0,0,0,0,0,0,0,36047090600,11212,0,0,0,0,0,0,0,0
906,2007,4,0,0,0,0,0,0,0,0,0,0,0,36047090600,11212,0,0,0,0,0,0,0,0
906,2007,5,0,0,0,0,0,0,0,0,0,0,0,36047090600,11212,0,0,0,0,0,0,0,0
906,2008,0,0,0,0,0,0,0,0,0,0,0,0,36047090600,11212,0,0,0,0,0,0,0,0
906,2008,1,0,0,1,0,0,-1,-1,0,0,0,0,36047090600,11212,0,0,0,0,0,0,0,0
906,2008,3,0,1,0,0,0,0,0,0,0,0,0,36047090600,11212,0,0,0,0,0,0,0,0
906,2008,4,0,0,0,0,0,0,0,0,0,0,0,36047090600,11212,0,0,0,0,0,0,0,0
906,2008,5,0,0,0,0,0,0,0,0,0,0,0,36047090600,11212,0,0,0,0,0,0,0,0
906,2009,0,0,0,0,0,0,0,0,0,0,0,0,36047090600,11212,0,0,0,1,0,0,-1,-1
906,2009,1,0,0,0,0,0,0,0,0,0,0,0,36047090600,11212,0,0,0,0,0,0,0,0
906,2009,2,0,0,1,0,0,-1,-1,0,0,0,0,36047090600,11212,0,0,0,0,0,0,0,0
906,2009,3,0,0,0,0,0,0,0,0,0,0,0,36047090600,11212,0,0,0,0,0,0,0,0
906,2009,4,0,0,0,0,0,0,0,0,0,0,0,36047090600,11212,0,0,0,0,0,0,0,0
906,2009,5,0,0,0,0,0,0,0,0,0,0,0,36047090600,11212,0,0,0,0,0,0,0,0
